 # Column 1: omega
 # Column 2: eps2(omega)
 # Column 3: eps1(omega)
 # Column 4: JDOS(omega)
     0.000000000     0.000000000     3.939404001     0.000000000
     0.010000000     0.000000000     3.939416201     0.000000000
     0.020000000     0.000000000     3.939452803     0.000000000
     0.030000000     0.000000000     3.939513809     0.000000000
     0.040000000     0.000000000     3.939599224     0.000000000
     0.050000000     0.000000000     3.939709053     0.000000000
     0.060000000     0.000000000     3.939843303     0.000000000
     0.070000000     0.000000000     3.940001986     0.000000000
     0.080000000     0.000000000     3.940185110     0.000000000
     0.090000000     0.000000000     3.940392690     0.000000000
     0.100000000     0.000000000     3.940624740     0.000000000
     0.110000000     0.000000000     3.940881275     0.000000000
     0.120000000     0.000000000     3.941162314     0.000000000
     0.130000000     0.000000000     3.941467877     0.000000000
     0.140000000     0.000000000     3.941797985     0.000000000
     0.150000000     0.000000000     3.942152661     0.000000000
     0.160000000     0.000000000     3.942531929     0.000000000
     0.170000000     0.000000000     3.942935818     0.000000000
     0.180000000     0.000000000     3.943364354     0.000000000
     0.190000000     0.000000000     3.943817569     0.000000000
     0.200000000     0.000000000     3.944295495     0.000000000
     0.210000000     0.000000000     3.944798164     0.000000000
     0.220000000     0.000000000     3.945325614     0.000000000
     0.230000000     0.000000000     3.945877881     0.000000000
     0.240000000     0.000000000     3.946455004     0.000000000
     0.250000000     0.000000000     3.947057025     0.000000000
     0.260000000     0.000000000     3.947683988     0.000000000
     0.270000000     0.000000000     3.948335936     0.000000000
     0.280000000     0.000000000     3.949012916     0.000000000
     0.290000000     0.000000000     3.949714978     0.000000000
     0.300000000     0.000000000     3.950442172     0.000000000
     0.310000000     0.000000000     3.951194551     0.000000000
     0.320000000     0.000000000     3.951972169     0.000000000
     0.330000000     0.000000000     3.952775084     0.000000000
     0.340000000     0.000000000     3.953603352     0.000000000
     0.350000000     0.000000000     3.954457036     0.000000000
     0.360000000     0.000000000     3.955336198     0.000000000
     0.370000000     0.000000000     3.956240903     0.000000000
     0.380000000     0.000000000     3.957171218     0.000000000
     0.390000000     0.000000000     3.958127211     0.000000000
     0.400000000     0.000000000     3.959108955     0.000000000
     0.410000000     0.000000000     3.960116522     0.000000000
     0.420000000     0.000000000     3.961149988     0.000000000
     0.430000000     0.000000000     3.962209431     0.000000000
     0.440000000     0.000000000     3.963294931     0.000000000
     0.450000000     0.000000000     3.964406572     0.000000000
     0.460000000     0.000000000     3.965544436     0.000000000
     0.470000000     0.000000000     3.966708613     0.000000000
     0.480000000     0.000000000     3.967899192     0.000000000
     0.490000000     0.000000000     3.969116264     0.000000000
     0.500000000     0.000000000     3.970359924     0.000000000
     0.510000000     0.000000000     3.971630271     0.000000000
     0.520000000     0.000000000     3.972927402     0.000000000
     0.530000000     0.000000000     3.974251422     0.000000000
     0.540000000     0.000000000     3.975602435     0.000000000
     0.550000000     0.000000000     3.976980549     0.000000000
     0.560000000     0.000000000     3.978385874     0.000000000
     0.570000000     0.000000000     3.979818525     0.000000000
     0.580000000     0.000000000     3.981278617     0.000000000
     0.590000000     0.000000000     3.982766270     0.000000000
     0.600000000     0.000000000     3.984281607     0.000000000
     0.610000000     0.000000000     3.985824752     0.000000000
     0.620000000     0.000000000     3.987395835     0.000000000
     0.630000000     0.000000000     3.988994987     0.000000000
     0.640000000     0.000000000     3.990622343     0.000000000
     0.650000000     0.000000000     3.992278042     0.000000000
     0.660000000     0.000000000     3.993962226     0.000000000
     0.670000000     0.000000000     3.995675040     0.000000000
     0.680000000     0.000000000     3.997416633     0.000000000
     0.690000000     0.000000000     3.999187158     0.000000000
     0.700000000     0.000000000     4.000986771     0.000000000
     0.710000000     0.000000000     4.002815632     0.000000000
     0.720000000     0.000000000     4.004673907     0.000000000
     0.730000000     0.000000000     4.006561762     0.000000000
     0.740000000     0.000000000     4.008479371     0.000000000
     0.750000000     0.000000000     4.010426910     0.000000000
     0.760000000     0.000000000     4.012404561     0.000000000
     0.770000000     0.000000000     4.014412510     0.000000000
     0.780000000     0.000000000     4.016450946     0.000000000
     0.790000000     0.000000000     4.018520065     0.000000000
     0.800000000     0.000000000     4.020620066     0.000000000
     0.810000000     0.000000000     4.022751156     0.000000000
     0.820000000     0.000000000     4.024913545     0.000000000
     0.830000000     0.000000000     4.027107447     0.000000000
     0.840000000     0.000000000     4.029333085     0.000000000
     0.850000000     0.000000000     4.031590685     0.000000000
     0.860000000     0.000000000     4.033880481     0.000000000
     0.870000000     0.000000000     4.036202711     0.000000000
     0.880000000     0.000000000     4.038557621     0.000000000
     0.890000000     0.000000000     4.040945463     0.000000000
     0.900000000     0.000000000     4.043366495     0.000000000
     0.910000000     0.000000000     4.045820982     0.000000000
     0.920000000     0.000000000     4.048309198     0.000000000
     0.930000000     0.000000000     4.050831423     0.000000000
     0.940000000     0.000000000     4.053387945     0.000000000
     0.950000000     0.000000000     4.055979060     0.000000000
     0.960000000     0.000000000     4.058605072     0.000000000
     0.970000000     0.000000000     4.061266294     0.000000000
     0.980000000     0.000000000     4.063963049     0.000000000
     0.990000000     0.000000000     4.066695668     0.000000000
     1.000000000     0.000000000     4.069464493     0.000000000
     1.010000000     0.000000000     4.072269874     0.000000000
     1.020000000     0.000000000     4.075112174     0.000000000
     1.030000000     0.000000000     4.077991765     0.000000000
     1.040000000     0.000000000     4.080909033     0.000000000
     1.050000000     0.000000000     4.083864373     0.000000000
     1.060000000     0.000000000     4.086858195     0.000000000
     1.070000000     0.000000000     4.089890920     0.000000000
     1.080000000     0.000000000     4.092962986     0.000000000
     1.090000000     0.000000000     4.096074841     0.000000000
     1.100000000     0.000000000     4.099226951     0.000000000
     1.110000000     0.000000000     4.102419797     0.000000000
     1.120000000     0.000000000     4.105653877     0.000000000
     1.130000000     0.000000000     4.108929704     0.000000000
     1.140000000     0.000000000     4.112247814     0.000000000
     1.150000000     0.000000000     4.115608757     0.000000000
     1.160000000     0.000000000     4.119013106     0.000000000
     1.170000000     0.000000000     4.122461454     0.000000000
     1.180000000     0.000000000     4.125954419     0.000000000
     1.190000000     0.000000000     4.129492640     0.000000000
     1.200000000     0.000000000     4.133076781     0.000000000
     1.210000000     0.000000000     4.136707534     0.000000000
     1.220000000     0.000000000     4.140385618     0.000000000
     1.230000000     0.000000000     4.144111782     0.000000000
     1.240000000     0.000000000     4.147886806     0.000000000
     1.250000000     0.000000000     4.151711504     0.000000000
     1.260000000     0.000000000     4.155586724     0.000000000
     1.270000000     0.000000000     4.159513354     0.000000000
     1.280000000     0.000000000     4.163492319     0.000000000
     1.290000000     0.000000000     4.167524590     0.000000000
     1.300000000     0.000000000     4.171611182     0.000000000
     1.310000000     0.000000000     4.175753158     0.000000000
     1.320000000     0.000000000     4.179951636     0.000000000
     1.330000000     0.000000000     4.184207786     0.000000000
     1.340000000     0.000000000     4.188522841     0.000000000
     1.350000000     0.000000000     4.192898097     0.000000000
     1.360000000     0.000000000     4.197334920     0.000000000
     1.370000000     0.000000000     4.201834750     0.000000000
     1.380000000     0.000000000     4.206399107     0.000000000
     1.390000000     0.000000000     4.211029598     0.000000000
     1.400000000     0.000000000     4.215727926     0.000000000
     1.410000000     0.000000000     4.220495892     0.000000000
     1.420000000     0.000000001     4.225335410     0.000000001
     1.430000000     0.000000003     4.230248513     0.000000002
     1.440000000     0.000000007     4.235237366     0.000000005
     1.450000000     0.000000018     4.240304275     0.000000013
     1.460000000     0.000000043     4.245451701     0.000000033
     1.470000000     0.000000101     4.250682277     0.000000077
     1.480000000     0.000000227     4.255998822     0.000000174
     1.490000000     0.000000490     4.261404359     0.000000377
     1.500000000     0.000001014     4.266902136     0.000000788
     1.510000000     0.000002016     4.272495650     0.000001581
     1.520000000     0.000003854     4.278188670     0.000003054
     1.530000000     0.000007077     4.283985264     0.000005677
     1.540000000     0.000012486     4.289889831     0.000010154
     1.550000000     0.000021167     4.295907130     0.000017481
     1.560000000     0.000034479     4.302042311     0.000028974
     1.570000000     0.000053962     4.308300945     0.000046243
     1.580000000     0.000081148     4.314689039     0.000071086
     1.590000000     0.000117254     4.321213035     0.000105274
     1.600000000     0.000162794     4.327879761     0.000150234
     1.610000000     0.000217184     4.334696315     0.000206649
     1.620000000     0.000278433     4.341669825     0.000274051
     1.630000000     0.000343063     4.348807081     0.000350487
     1.640000000     0.000406347     4.356114162     0.000432382
     1.650000000     0.000462957     4.363596682     0.000514675
     1.660000000     0.000507993     4.371262018     0.000591279
     1.670000000     0.000538372     4.379124670     0.000655833
     1.680000000     0.000554550     4.387211594     0.000702649
     1.690000000     0.000562676     4.395559398     0.000727680
     1.700000000     0.000577492     4.404203154     0.000729343
     1.710000000     0.000626557     4.413169603     0.000709017
     1.720000000     0.000756614     4.422480377     0.000671128
     1.730000000     0.001042948     4.432157965     0.000622797
     1.740000000     0.001602321     4.442228840     0.000573121
     1.750000000     0.002609259     4.452723871     0.000532199
     1.760000000     0.004314141     4.463677263     0.000510075
     1.770000000     0.007059642     4.475124340     0.000515723
     1.780000000     0.011290039     4.487097561     0.000556222
     1.790000000     0.017546077     4.499619321     0.000636207
     1.800000000     0.026437592     4.512688951     0.000757661
     1.810000000     0.038587541     4.526259637     0.000920108
     1.820000000     0.054545515     4.540199021     0.001121173
     1.830000000     0.074676018     4.554226772     0.001357478
     1.840000000     0.099035984     4.567829915     0.001625759
     1.850000000     0.127264816     4.580185415     0.001924050
     1.860000000     0.158515630     4.590173356     0.002252763
     1.870000000     0.191455120     4.596563311     0.002615520
     1.880000000     0.224349817     4.598229603     0.003019608
     1.890000000     0.255239077     4.594075268     0.003475992
     1.900000000     0.282173658     4.583110401     0.003998834
     1.910000000     0.303479284     4.565702402     0.004604489
     1.920000000     0.317993536     4.544846869     0.005309973
     1.930000000     0.325226309     4.524764651     0.006130956
     1.940000000     0.325409427     4.508022683     0.007079440
     1.950000000     0.319426003     4.495098116     0.008161386
     1.960000000     0.308637723     4.486056188     0.009374650
     1.970000000     0.294650469     4.481267901     0.010707607
     1.980000000     0.279069764     4.480761744     0.012138710
     1.990000000     0.263294974     4.483598359     0.013637122
     2.000000000     0.248386956     4.488084064     0.015164373
     2.010000000     0.235022827     4.492736429     0.016676903
     2.020000000     0.223530073     4.497058563     0.018129357
     2.030000000     0.213975829     4.501376496     0.019478523
     2.040000000     0.206279411     4.506187897     0.020687773
     2.050000000     0.200317451     4.511856115     0.021731702
     2.060000000     0.195999274     4.518587553     0.022600424
     2.070000000     0.193301866     4.526308299     0.023302617
     2.080000000     0.192265175     4.534630168     0.023866324
     2.090000000     0.192956983     4.543130685     0.024336656
     2.100000000     0.195421177     4.551648626     0.024770143
     2.110000000     0.199624318     4.560240624     0.025226293
     2.120000000     0.205413980     4.568856249     0.025757867
     2.130000000     0.212499271     4.577097250     0.026401917
     2.140000000     0.220459754     4.584282354     0.027173736
     2.150000000     0.228783671     4.589729604     0.028065264
     2.160000000     0.236930511     4.593140765     0.029048438
     2.170000000     0.244407238     4.594863438     0.030082731
     2.180000000     0.250843485     4.595676166     0.031125105
     2.190000000     0.256050172     4.596259564     0.032140089
     2.200000000     0.260048946     4.596942002     0.033107779
     2.210000000     0.263066277     4.597985093     0.034028228
     2.220000000     0.265494108     4.599981330     0.034921628
     2.230000000     0.267826063     4.603578196     0.035824683
     2.240000000     0.270582136     4.608690851     0.036784290
     2.250000000     0.274234144     4.614271408     0.037850067
     2.260000000     0.279140008     4.619033487     0.039067227
     2.270000000     0.285489483     4.622402746     0.040471006
     2.280000000     0.293260499     4.624762961     0.042083276
     2.290000000     0.302185987     4.626865224     0.043911463
     2.300000000     0.311735784     4.629056212     0.045949340
     2.310000000     0.321124036     4.630887149     0.048179004
     2.320000000     0.329355289     4.631170356     0.050573241
     2.330000000     0.335318492     4.628429073     0.053097667
     2.340000000     0.337926806     4.621743180     0.055712284
     2.350000000     0.336285605     4.611592975     0.058372466
     2.360000000     0.329857046     4.599901605     0.061029646
     2.370000000     0.318583428     4.589185396     0.063632087
     2.380000000     0.302936589     4.581629616     0.066126083
     2.390000000     0.283876329     4.578561578     0.068457691
     2.400000000     0.262722413     4.580337660     0.070574900
     2.410000000     0.240965384     4.586585924     0.072429944
     2.420000000     0.220055002     4.596525392     0.073981471
     2.430000000     0.201208116     4.609159524     0.075196414
     2.440000000     0.185270492     4.623381342     0.076051655
     2.450000000     0.172652629     4.638092648     0.076535672
     2.460000000     0.163342593     4.652389361     0.076650378
     2.470000000     0.156983727     4.665701474     0.076413078
     2.480000000     0.152994654     4.677797033     0.075858134
     2.490000000     0.150704604     4.688715733     0.075037612
     2.500000000     0.149478227     4.698696917     0.074020121
     2.510000000     0.148809621     4.708123448     0.072887247
     2.520000000     0.148373383     4.717464307     0.071727523
     2.530000000     0.148029681     4.727146202     0.070628469
     2.540000000     0.147788864     4.737389939     0.069667786
     2.550000000     0.147748040     4.748198872     0.068905091
     2.560000000     0.148016124     4.759447875     0.068375533
     2.570000000     0.148644732     4.770863420     0.068086300
     2.580000000     0.149579659     4.782020185     0.068016486
     2.590000000     0.150642218     4.792489560     0.068120148
     2.600000000     0.151542543     4.801928458     0.068331921
     2.610000000     0.151919749     4.810097383     0.068574223
     2.620000000     0.151398412     4.817069239     0.068765002
     2.630000000     0.149648426     4.823423578     0.068825120
     2.640000000     0.146436274     4.829986886     0.068684698
     2.650000000     0.141659400     4.837324955     0.068287957
     2.660000000     0.135360148     4.845538505     0.067596322
     2.670000000     0.127720052     4.854473650     0.066589600
     2.680000000     0.119037950     4.864059924     0.065265201
     2.690000000     0.109696401     4.874506573     0.063635522
     2.700000000     0.100120795     4.886220156     0.061723872
     2.710000000     0.090735382     4.899491191     0.059559655
     2.720000000     0.081920758     4.914258946     0.057173727
     2.730000000     0.073977997     4.930166095     0.054594963
     2.740000000     0.067104879     4.946752411     0.051848757
     2.750000000     0.061388535     4.963605080     0.048957764
     2.760000000     0.056816070     4.980423436     0.045944535
     2.770000000     0.053300579     4.997003217     0.042835161
     2.780000000     0.050715839     5.013228720     0.039662717
     2.790000000     0.048930331     5.029164627     0.036469348
     2.800000000     0.047831363     5.045108593     0.033306191
     2.810000000     0.047333204     5.061407508     0.030230917
     2.820000000     0.047368552     5.078206746     0.027303357
     2.830000000     0.047868452     5.095422645     0.024580107
     2.840000000     0.048739938     5.112851953     0.022109310
     2.850000000     0.049851565     5.130186016     0.019926637
     2.860000000     0.051034128     5.146984759     0.018053139
     2.870000000     0.052098228     5.162830778     0.016495140
     2.880000000     0.052864095     5.177676870     0.015245804
     2.890000000     0.053194531     5.192059367     0.014287744
     2.900000000     0.053020774     5.206809859     0.013595924
     2.910000000     0.052353797     5.222487263     0.013140273
     2.920000000     0.051278713     5.239149670     0.012887698
     2.930000000     0.049935392     5.256540109     0.012803463
     2.940000000     0.048491881     5.274330480     0.012852124
     2.950000000     0.047117727     5.292263781     0.012998262
     2.960000000     0.045962111     5.310238213     0.013207227
     2.970000000     0.045138418     5.328355487     0.013445999
     2.980000000     0.044714313     5.346851308     0.013684157
     2.990000000     0.044705748     5.365900450     0.013894865
     3.000000000     0.045074588     5.385465376     0.014055764
     3.010000000     0.045731547     5.405318865     0.014149656
     3.020000000     0.046547353     5.425153751     0.014164892
     3.030000000     0.047374328     5.444659299     0.014095444
     3.040000000     0.048077736     5.463634873     0.013940645
     3.050000000     0.048572412     5.482202015     0.013704702
     3.060000000     0.048856703     5.500878037     0.013396073
     3.070000000     0.049034353     5.520263906     0.013026857
     3.080000000     0.049316297     5.540644970     0.012612283
     3.090000000     0.049998264     5.561988836     0.012170279
     3.100000000     0.051415800     5.584216869     0.011721025
     3.110000000     0.053884163     5.607295322     0.011286302
     3.120000000     0.057635127     5.631108778     0.010888500
     3.130000000     0.062764623     5.655383331     0.010549245
     3.140000000     0.069203484     5.679686904     0.010287798
     3.150000000     0.076718410     5.703405890     0.010119482
     3.160000000     0.084942724     5.725801509     0.010054481
     3.170000000     0.093428714     5.746306525     0.010097237
     3.180000000     0.101708135     5.764981979     0.010246588
     3.190000000     0.109346817     5.782739246     0.010496638
     3.200000000     0.115983768     5.800936170     0.010838249
     3.210000000     0.121352856     5.820517174     0.011261038
     3.220000000     0.125292565     5.841376488     0.011755670
     3.230000000     0.127752867     5.862472323     0.012316209
     3.240000000     0.128806108     5.882634383     0.012942112
     3.250000000     0.128662035     5.901620930     0.013639383
     3.260000000     0.127679388     5.920659669     0.014420376
     3.270000000     0.126362088     5.941672923     0.015301949
     3.280000000     0.125329819     5.965803152     0.016302063
     3.290000000     0.125260395     5.992857508     0.017435349
     3.300000000     0.126811338     6.021881707     0.018708629
     3.310000000     0.130536078     6.051871004     0.020117489
     3.320000000     0.136812463     6.082035303     0.021644837
     3.330000000     0.145797086     6.111755691     0.023261969
     3.340000000     0.157410516     6.140539733     0.024931998
     3.350000000     0.171349887     6.168054150     0.026615007
     3.360000000     0.187120179     6.194240997     0.028273923
     3.370000000     0.204075604     6.219375568     0.029880054
     3.380000000     0.221466710     6.243771206     0.031417448
     3.390000000     0.238493937     6.267305501     0.032885518
     3.400000000     0.254370852     6.289396886     0.034299742
     3.410000000     0.268397978     6.309498075     0.035690443
     3.420000000     0.280041626     6.327526484     0.037099823
     3.430000000     0.289004475     6.344018286     0.038577558
     3.440000000     0.295270075     6.360252477     0.040175325
     3.450000000     0.299105326     6.378060884     0.041940872
     3.460000000     0.301013887     6.398947186     0.043912298
     3.470000000     0.301646896     6.423245441     0.046113338
     3.480000000     0.301690444     6.450185849     0.048550263
     3.490000000     0.301756933     6.478593341     0.051210801
     3.500000000     0.302306653     6.507467440     0.054065110
     3.510000000     0.303616771     6.536249012     0.057068552
     3.520000000     0.305800639     6.564881338     0.060165859
     3.530000000     0.308865734     6.593590716     0.063296265
     3.540000000     0.312788296     6.622563137     0.066399252
     3.550000000     0.317579726     6.651955702     0.069420599
     3.560000000     0.323324319     6.682131976     0.072318331
     3.570000000     0.330178085     6.713618140     0.075067953
     3.580000000     0.338330959     6.746701429     0.077666098
     3.590000000     0.347945917     6.781121881     0.080131628
     3.600000000     0.359095445     6.816176991     0.082503420
     3.610000000     0.371716634     6.851100081     0.084834674
     3.620000000     0.385600849     6.885331984     0.087184410
     3.630000000     0.400423743     6.918455065     0.089607756
     3.640000000     0.415809308     6.950150980     0.092147206
     3.650000000     0.431410907     6.980459677     0.094827077
     3.660000000     0.446986177     7.009928650     0.097652722
     3.670000000     0.462443213     7.039387139     0.100614824
     3.680000000     0.477842850     7.069658911     0.103697669
     3.690000000     0.493354202     7.101342847     0.106889042
     3.700000000     0.509174208     7.134540993     0.110188866
     3.710000000     0.525432729     7.168784591     0.113613998
     3.720000000     0.542109150     7.203237719     0.117197670
     3.730000000     0.558983179     7.236878932     0.120983585
     3.740000000     0.575632719     7.268798121     0.125016200
     3.750000000     0.591478838     7.298719289     0.129329648
     3.760000000     0.605866339     7.327177399     0.133938082
     3.770000000     0.618161934     7.355127901     0.138829595
     3.780000000     0.627852138     7.383515521     0.143964881
     3.790000000     0.634628632     7.413037552     0.149280507
     3.800000000     0.638456564     7.444023056     0.154695627
     3.810000000     0.639627173     7.476567833     0.160120363
     3.820000000     0.638796989     7.510897003     0.165463972
     3.830000000     0.637010787     7.547569301     0.170641280
     3.840000000     0.635696613     7.587220493     0.175576503
     3.850000000     0.636612777     7.630165203     0.180204280
     3.860000000     0.641724286     7.676481001     0.184468444
     3.870000000     0.652994139     7.726453267     0.188319564
     3.880000000     0.672094578     7.780525738     0.191712581
     3.890000000     0.700071452     7.838474445     0.194605844
     3.900000000     0.737023241     7.898602312     0.196962521
     3.910000000     0.781874067     7.957744587     0.198754625
     3.920000000     0.832317130     8.011947262     0.199969063
     3.930000000     0.884976950     8.057211900     0.200614210
     3.940000000     0.935789828     8.090127793     0.200725015
     3.950000000     0.980545513     8.108982101     0.200364678
     3.960000000     1.015487638     8.115668967     0.199621619
     3.970000000     1.037852428     8.116855551     0.198601630
     3.980000000     1.046241771     8.121856094     0.197416431
     3.990000000     1.040772121     8.137581923     0.196170827
     4.000000000     1.022998026     8.165146461     0.194951103
     4.010000000     0.995658015     8.201272297     0.193816891
     4.020000000     0.962315877     8.242530510     0.192797845
     4.030000000     0.926968363     8.288742359     0.191895221
     4.040000000     0.893669197     8.343030173     0.191087434
     4.050000000     0.866193108     8.408434157     0.190338026
     4.060000000     0.847745519     8.484682023     0.189604436
     4.070000000     0.840718812     8.568379894     0.188846328
     4.080000000     0.846502198     8.655230851     0.188032763
     4.090000000     0.865361306     8.741589846     0.187147986
     4.100000000     0.896408281     8.824978566     0.186195766
     4.110000000     0.937679618     8.904001988     0.185202189
     4.120000000     0.986327719     8.977788962     0.184216608
     4.130000000     1.038916301     9.045566393     0.183310321
     4.140000000     1.091792645     9.106743883     0.182572698
     4.150000000     1.141493973     9.161003508     0.182104793
     4.160000000     1.185133717     9.208492460     0.182011048
     4.170000000     1.220709340     9.250852914     0.182390146
     4.180000000     1.247280186     9.292186132     0.183326382
     4.190000000     1.264983650     9.337837963     0.184882824
     4.200000000     1.274888537     9.391553992     0.187097125
     4.210000000     1.278719225     9.454191440     0.189980244
     4.220000000     1.278512799     9.524670272     0.193517572
     4.230000000     1.276284044     9.601077934     0.197671458
     4.240000000     1.273765080     9.681263889     0.202383852
     4.250000000     1.272259805     9.763499839     0.207577915
     4.260000000     1.272617353     9.847092474     0.213157938
     4.270000000     1.275295883     9.932515481     0.219007617
     4.280000000     1.280468949    10.020973468     0.224987391
     4.290000000     1.288126475    10.113771935     0.230932081
     4.300000000     1.298138797    10.211661222     0.236650156
     4.310000000     1.310277442    10.314208205     0.241925799
     4.320000000     1.324210067    10.419957844     0.246524513
     4.330000000     1.339500934    10.527656928     0.250202530
     4.340000000     1.355648248    10.637195315     0.252719857
     4.350000000     1.372176795    10.749089660     0.253856419
     4.360000000     1.388783590    10.863489174     0.253430348
     4.370000000     1.405512737    10.980401822     0.251317013
     4.380000000     1.422920190    11.100700305     0.247466785
     4.390000000     1.442183997    11.226189929     0.241919042
     4.400000000     1.465122109    11.358870747     0.234809674
     4.410000000     1.494095478    11.500476112     0.226369693
     4.420000000     1.531794103    11.651921368     0.216913541
     4.430000000     1.580922382    11.812620862     0.206817263
     4.440000000     1.643814413    11.980376729     0.196488561
     4.450000000     1.722019880    12.151642796     0.186332395
     4.460000000     1.815910159    12.322562541     0.176716753
     4.470000000     1.924365406    12.491003347     0.167943336
     4.480000000     2.044615040    12.657403070     0.160227008
     4.490000000     2.172308077    12.822435112     0.153686377
     4.500000000     2.301873063    12.983539470     0.148346007
     4.510000000     2.427179662    13.134549336     0.144149073
     4.520000000     2.542436717    13.269143218     0.140977819
     4.530000000     2.643173809    13.385777837     0.138678270
     4.540000000     2.727088287    13.491740506     0.137085179
     4.550000000     2.794532262    13.603475052     0.136043378
     4.560000000     2.848483101    13.740293750     0.135422391
     4.570000000     2.893976274    13.913864356     0.135122618
     4.580000000     2.937140542    14.123096274     0.135073230
     4.590000000     2.984105310    14.358278071     0.135223872
     4.600000000     3.040097776    14.607388591     0.135533749
     4.610000000     3.108990858    14.860079591     0.135962138
     4.620000000     3.193418009    15.110719154     0.136463574
     4.630000000     3.295387093    15.359860781     0.136989165
     4.640000000     3.417165199    15.612533772     0.137493162
     4.650000000     3.562122585    15.876008565     0.137942105
     4.660000000     3.735241805    16.158682882     0.138323030
     4.670000000     3.943108200    16.466843132     0.138647787
     4.680000000     4.193362302    16.800008155     0.138952083
     4.690000000     4.493760452    17.151060977     0.139289811
     4.700000000     4.851105248    17.511826356     0.139724773
     4.710000000     5.270336064    17.876406871     0.140322439
     4.720000000     5.754001630    18.237320204     0.141143925
     4.730000000     6.302192298    18.579908799     0.142243069
     4.740000000     6.912838442    18.885347101     0.143666100
     4.750000000     7.582148247    19.142753462     0.145452411
     4.760000000     8.304921148    19.358574288     0.147634736
     4.770000000     9.074557890    19.552795559     0.150237675
     4.780000000     9.882770215    19.742359496     0.153274551
     4.790000000    10.719200614    19.925720193     0.156743630
     4.800000000    11.571302769    20.079897815     0.160625263
     4.810000000    12.424833765    20.169135011     0.164881296
     4.820000000    13.265153725    20.166570460     0.169457325
     4.830000000    14.079267805    20.078510687     0.174287285
     4.840000000    14.858275428    19.942710246     0.179299093
     4.850000000    15.599709666    19.800125146     0.184419831
     4.860000000    16.309213757    19.673307151     0.189579420
     4.870000000    17.001111360    19.566037544     0.194712603
     4.880000000    17.697636420    19.474863989     0.199759920
     4.890000000    18.426836154    19.401757333     0.204668754
     4.900000000    19.219398844    19.355763116     0.209395306
     4.910000000    20.104860202    19.342448461     0.213907604
     4.920000000    21.107791571    19.352110263     0.218188703
     4.930000000    22.244643944    19.356046845     0.222238691
     4.940000000    23.521872125    19.313368828     0.226074090
     4.950000000    24.935752172    19.182518957     0.229723974
     4.960000000    26.473926432    18.930181213     0.233223188
     4.970000000    28.118225656    18.531167484     0.236604124
     4.980000000    29.847863392    17.964999437     0.239889132
     4.990000000    31.641852850    17.227040325     0.243085641
     5.000000000    33.479613135    16.348980450     0.246185404
     5.010000000    35.339257658    15.391286971     0.249168216
     5.020000000    37.193884167    14.397480365     0.252009300
     5.030000000    39.007057186    13.351393582     0.254688561
     5.040000000    40.729264468    12.179105571     0.257199441
     5.050000000    42.297168415    10.791604099     0.259555088
     5.060000000    43.636865181     9.126976895     0.261790197
     5.070000000    44.671247467     7.170798046     0.263957888
     5.080000000    45.330285625     4.966102713     0.266122151
     5.090000000    45.562024874     2.607528590     0.268347452
     5.100000000    45.341700180     0.217625966     0.270687610
     5.110000000    44.676741003    -2.071606647     0.273176101
     5.120000000    43.606457504    -4.138252808     0.275819308
     5.130000000    42.196532720    -5.908193365     0.278593456
     5.140000000    40.529668836    -7.379425643     0.281445131
     5.150000000    38.694496507    -8.601989524     0.284294824
     5.160000000    36.774988656    -9.637323742     0.287042785
     5.170000000    34.842182889   -10.528837860     0.289576594
     5.180000000    32.949237345   -11.291892952     0.291779977
     5.190000000    31.130008249   -11.925894532     0.293542315
     5.200000000    29.400670856   -12.439340221     0.294768118
     5.210000000    27.763512768   -12.863932466     0.295385455
     5.220000000    26.211892853   -13.240865244     0.295352310
     5.230000000    24.735398051   -13.592899734     0.294659992
     5.240000000    23.324364334   -13.912740628     0.293333211
     5.250000000    21.973119707   -14.175418667     0.291426909
     5.260000000    20.681557837   -14.356044128     0.289020357
     5.270000000    19.454965344   -14.438110827     0.286209271
     5.280000000    18.302374606   -14.416371126     0.283096805
     5.290000000    17.234022592   -14.300061603     0.279784346
     5.300000000    16.258669626   -14.114976061     0.276363179
     5.310000000    15.381500276   -13.899114595     0.272908103
     5.320000000    14.603088798   -13.688464826     0.269474040
     5.330000000    13.919539712   -13.501529774     0.266096209
     5.340000000    13.323539966   -13.336759464     0.262793794
     5.350000000    12.805814481   -13.182011772     0.259576141
     5.360000000    12.356440538   -13.023389571     0.256449887
     5.370000000    11.965642917   -12.850264717     0.253425075
     5.380000000    11.623976057   -12.661718437     0.250518654
     5.390000000    11.322076538   -12.471256180     0.247754447
     5.400000000    11.050328121   -12.302084954     0.245159773
     5.410000000    10.798770770   -12.174307837     0.242759833
     5.420000000    10.557428483   -12.092675529     0.240571671
     5.430000000    10.317010308   -12.044597771     0.238599612
     5.440000000    10.069754007   -12.010123695     0.236833706
     5.450000000     9.810106451   -11.973765578     0.235251818
     5.460000000     9.534990494   -11.930077645     0.233824982
     5.470000000     9.243562205   -11.880568217     0.232524618
     5.480000000     8.936548652   -11.825630374     0.231329682
     5.490000000     8.615403450   -11.761641248     0.230231760
     5.500000000     8.281574872   -11.685906457     0.229236742
     5.510000000     7.936133866   -11.601815404     0.228362780
     5.520000000     7.579877002   -11.518567606     0.227635373
     5.530000000     7.213848743   -11.445338118     0.227081354
     5.540000000     6.840075642   -11.381302236     0.226723883
     5.550000000     6.462222462   -11.309916300     0.226580166
     5.560000000     6.085894027   -11.209171907     0.226662663
     5.570000000     5.718412118   -11.068563712     0.226983329
     5.580000000     5.368058301   -10.892549058     0.227559312
     5.590000000     5.042937656   -10.691638737     0.228417968
     5.600000000     4.749732511   -10.475559612     0.229599109
     5.610000000     4.492646704   -10.252983291     0.231153084
     5.620000000     4.272785617   -10.032299312     0.233134375
     5.630000000     4.088098375    -9.820595336     0.235591421
     5.640000000     3.933864797    -9.623230923     0.238554193
     5.650000000     3.803581674    -9.444348600     0.242021332
     5.660000000     3.690022086    -9.285669935     0.245948597
     5.670000000     3.586224047    -9.144536305     0.250240016
     5.680000000     3.486210939    -9.014382447     0.254742803
     5.690000000     3.385340706    -8.887213425     0.259246930
     5.700000000     3.280296390    -8.756720391     0.263490238
     5.710000000     3.168833744    -8.621095264     0.267169889
     5.720000000     3.049460503    -8.483615314     0.269960690
     5.730000000     2.921217647    -8.350447369     0.271539982
     5.740000000     2.783667333    -8.226985717     0.271617521
     5.750000000     2.637089235    -8.114102340     0.269967222
     5.760000000     2.482785824    -8.006120176     0.266456360
     5.770000000     2.323336553    -7.892621734     0.261067272
     5.780000000     2.162644069    -7.763510678     0.253907193
     5.790000000     2.005680439    -7.613336354     0.245203615
     5.800000000     1.857941539    -7.442761145     0.235285129
     5.810000000     1.724714932    -7.257728481     0.224550500
     5.820000000     1.610326111    -7.066588453     0.213430970
     5.830000000     1.517532875    -6.876548383     0.202351871
     5.840000000     1.447192274    -6.691895357     0.191699378
     5.850000000     1.398250207    -6.514510323     0.181796690
     5.860000000     1.368026861    -6.345206353     0.172891628
     5.870000000     1.352713191    -6.185031692     0.165155257
     5.880000000     1.347964629    -6.036015724     0.158689260
     5.890000000     1.349477967    -5.900063538     0.153538803
     5.900000000     1.353458830    -5.776105373     0.149707582
     5.910000000     1.356922033    -5.659369312     0.147172367
     5.920000000     1.357807326    -5.544878913     0.145895308
     5.930000000     1.354931504    -5.430513339     0.145833078
     5.940000000     1.347827645    -5.316479279     0.146942520
     5.950000000     1.336537126    -5.203773958     0.149182799
     5.960000000     1.321416549    -5.093415624     0.152514241
     5.970000000     1.303001450    -4.986059969     0.156894362
     5.980000000     1.281938826    -4.881562380     0.162271920
     5.990000000     1.258971979    -4.778511745     0.168580243
     6.000000000     1.234944283    -4.674559991     0.175731306
     6.010000000     1.210788715    -4.567615247     0.183611944
     6.020000000     1.187485685    -4.456809728     0.192083172
     6.030000000     1.165995024    -4.342612217     0.200982972
     6.040000000     1.147187975    -4.226360992     0.210132217
     6.050000000     1.131812934    -4.109576871     0.219342981
     6.060000000     1.120520585    -3.993279545     0.228428235
     6.070000000     1.113953075    -3.877766342     0.237212010
     6.080000000     1.112875978    -3.762868747     0.245539194
     6.090000000     1.118311178    -3.648056979     0.253284252
     6.100000000     1.131621793    -3.532266918     0.260358078
     6.110000000     1.154510405    -3.413976411     0.266712096
     6.120000000     1.188916711    -3.291910879     0.272338646
     6.130000000     1.236832183    -3.166167939     0.277266897
     6.140000000     1.300076358    -3.038829716     0.281554087
     6.150000000     1.380091473    -2.913270559     0.285272807
     6.160000000     1.477803224    -2.792807703     0.288496122
     6.170000000     1.593566787    -2.680063741     0.291283119
     6.180000000     1.727178864    -2.577298987     0.293667800
     6.190000000     1.877904617    -2.486646697     0.295653738
     6.200000000     2.044460343    -2.409274843     0.297215794
     6.210000000     2.224919590    -2.344104642     0.298308618
     6.220000000     2.416569232    -2.288339524     0.298880193
     6.230000000     2.615812764    -2.240460589     0.298887618
     6.240000000     2.818267172    -2.202827628     0.298311917
     6.250000000     3.019191796    -2.181779502     0.297169001
     6.260000000     3.214302327    -2.185737363     0.295514687
     6.270000000     3.400870113    -2.221671606     0.293442872
     6.280000000     3.578831232    -2.290194944     0.291077174
     6.290000000     3.751501253    -2.381184841     0.288557585
     6.300000000     3.925480453    -2.474258514     0.286024583
     6.310000000     4.109480314    -2.547172299     0.283603745
     6.320000000     4.312090572    -2.587662755     0.281393885
     6.330000000     4.538862571    -2.600534513     0.279461060
     6.340000000     4.789394016    -2.606726271     0.277839574
     6.350000000     5.055244999    -2.637027236     0.276539444
     6.360000000     5.319419479    -2.724195487     0.275558213
     6.370000000     5.557809300    -2.894852064     0.274893848
     6.380000000     5.742501035    -3.161862698     0.274555136
     6.390000000     5.846332628    -3.519167692     0.274566618
     6.400000000     5.847715448    -3.939906070     0.274966544
     6.410000000     5.734628634    -4.377806864     0.275798166
     6.420000000     5.506885600    -4.776996712     0.277096499
     6.430000000     5.176210151    -5.092160172     0.278873861
     6.440000000     4.764207038    -5.304671311     0.281107911
     6.450000000     4.298803430    -5.421204845     0.283735377
     6.460000000     3.810035182    -5.461048796     0.286653393
     6.470000000     3.326088336    -5.445329890     0.289728786
     6.480000000     2.870304218    -5.391868184     0.292813964
     6.490000000     2.459509460    -5.313088129     0.295766697
     6.500000000     2.103664065    -5.216345755     0.298470211
     6.510000000     1.806539049    -5.106172872     0.300849717
     6.520000000     1.566998725    -4.986542754     0.302881882
     6.530000000     1.380471675    -4.862168540     0.304594862
     6.540000000     1.240304750    -4.738333611     0.306058260
     6.550000000     1.138843196    -4.619501716     0.307364565
     6.560000000     1.068211626    -4.508208821     0.308605881
     6.570000000     1.020852161    -4.405390494     0.309851296
     6.580000000     0.989901058    -4.311659207     0.311130642
     6.590000000     0.969466942    -4.227920157     0.312429060
     6.600000000     0.954835373    -4.154538775     0.313694079
     6.610000000     0.942588781    -4.090097804     0.314853317
     6.620000000     0.930613741    -4.031070473     0.315837786
     6.630000000     0.917974692    -3.972855653     0.316604055
     6.640000000     0.904660013    -3.911828373     0.317148967
     6.650000000     0.891240504    -3.847106010     0.317513045
     6.660000000     0.878507064    -3.780742402     0.317772328
     6.670000000     0.867161831    -3.716460746     0.318021775
     6.680000000     0.857621297    -3.657680762     0.318355447
     6.690000000     0.849956035    -3.605595599     0.318848811
     6.700000000     0.843951782    -3.558715504     0.319546860
     6.710000000     0.839244516    -3.514551947     0.320459259
     6.720000000     0.835467707    -3.471563662     0.321561402
     6.730000000     0.832355829    -3.429454060     0.322799018
     6.740000000     0.829770141    -3.388465693     0.324093976
     6.750000000     0.827641812    -3.348951579     0.325350001
     6.760000000     0.825854792    -3.311182027     0.326458209
     6.770000000     0.824109519    -3.275070663     0.327303205
     6.780000000     0.821815179    -3.240298485     0.327770400
     6.790000000     0.818052124    -3.207129327     0.327754427
     6.800000000     0.811628742    -3.177073591     0.327167504
     6.810000000     0.801232211    -3.152259209     0.325945911
     6.820000000     0.785645849    -3.133603238     0.324052900
     6.830000000     0.763984467    -3.119381218     0.321477268
     6.840000000     0.735890268    -3.105694549     0.318228265
     6.850000000     0.701639354    -3.088506954     0.314328713
     6.860000000     0.662131628    -3.065415418     0.309808787
     6.870000000     0.618768009    -3.035976010     0.304702509
     6.880000000     0.573248297    -3.000992455     0.299047837
     6.890000000     0.527341072    -2.961690498     0.292889775
     6.900000000     0.482678367    -2.919267887     0.286284793
     6.910000000     0.440613396    -2.874773828     0.279304466
     6.920000000     0.402155839    -2.829028834     0.272036748
     6.930000000     0.367975174    -2.782414938     0.264584354
     6.940000000     0.338446355    -2.734815374     0.257060894
     6.950000000     0.313707997    -2.685944524     0.249586107
     6.960000000     0.293710444    -2.635771055     0.242281539
     6.970000000     0.278245009    -2.584699980     0.235267399
     6.980000000     0.266959823    -2.533499011     0.228660373
     6.990000000     0.259376434    -2.483090725     0.222571517
     7.000000000     0.254921539    -2.434293977     0.217103211
     7.010000000     0.252980569    -2.387621355     0.212344685
     7.020000000     0.252967828    -2.343254737     0.208366522
     7.030000000     0.254396817    -2.301023244     0.205215316
     7.040000000     0.256929135    -2.260206736     0.202909968
     7.050000000     0.260383657    -2.219599123     0.201440656
     7.060000000     0.264699070    -2.178161755     0.200770521
     7.070000000     0.269858602    -2.135655519     0.200839114
     7.080000000     0.275800099    -2.092627808     0.201565951
     7.090000000     0.282342085    -2.050054859     0.202852715
     7.100000000     0.289153637    -2.009075338     0.204583497
     7.110000000     0.295783195    -1.970661387     0.206623785
     7.120000000     0.301742937    -1.935108524     0.208820039
     7.130000000     0.306627301    -1.901713253     0.211002115
     7.140000000     0.310233051    -1.868995306     0.212990294
     7.150000000     0.312647811    -1.835319882     0.214607275
     7.160000000     0.314284227    -1.799450762     0.215693733
     7.170000000     0.315854072    -1.760759399     0.216124570
     7.180000000     0.318294551    -1.719184046     0.215822289
     7.190000000     0.322671696    -1.675160667     0.214764435
     7.200000000     0.330089349    -1.629528117     0.212983426
     7.210000000     0.341626681    -1.583267057     0.210559051
     7.220000000     0.358315654    -1.537110664     0.207605611
     7.230000000     0.381157318    -1.491278045     0.204256638
     7.240000000     0.411166608    -1.445553793     0.200650105
     7.250000000     0.449431202    -1.399641720     0.196916143
     7.260000000     0.497169354    -1.353577742     0.193168006
     7.270000000     0.555770939    -1.308071279     0.189495964
     7.280000000     0.626801778    -1.264555311     0.185963303
     7.290000000     0.711943805    -1.224838905     0.182603803
     7.300000000     0.812837255    -1.190585545     0.179420750
     7.310000000     0.930794200    -1.162791902     0.176388134
     7.320000000     1.066373230    -1.141520765     0.173454987
     7.330000000     1.218845637    -1.126607092     0.170553361
     7.340000000     1.385637325    -1.119459797     0.167609572
     7.350000000     1.561881224    -1.124449481     0.164557253
     7.360000000     1.740240416    -1.148552476     0.161349938
     7.370000000     1.911143415    -1.199594584     0.157970772
     7.380000000     2.063503147    -1.284000430     0.154437414
     7.390000000     2.185880914    -1.404328260     0.150801284
     7.400000000     2.267934189    -1.556892982     0.147141468
     7.410000000     2.301889698    -1.731191961     0.143554633
     7.420000000     2.283745147    -1.912421134     0.140142883
     7.430000000     2.213941570    -2.084609473     0.137001613
     7.440000000     2.097357460    -2.232281036     0.134209212
     7.450000000     1.942625821    -2.343929111     0.131820039
     7.460000000     1.760923108    -2.416610980     0.129861565
     7.470000000     1.564482911    -2.455293262     0.128336011
     7.480000000     1.365121277    -2.467894430     0.127226115
     7.490000000     1.173022318    -2.461381187     0.126503937
     7.500000000     0.995942119    -2.440553147     0.126140897
     7.510000000     0.838878852    -2.408808006     0.126116756
     7.520000000     0.704160128    -2.369329449     0.126425249
     7.530000000     0.591836648    -2.325356231     0.127074604
     7.540000000     0.500249916    -2.279743418     0.128082334
     7.550000000     0.426653164    -2.234707247     0.129465074
     7.560000000     0.367793869    -2.191872504     0.131225598
     7.570000000     0.320399186    -2.152150874     0.133339997
     7.580000000     0.281533756    -2.115362192     0.135748156
     7.590000000     0.248820430    -2.080141012     0.138350020
     7.600000000     0.220530223    -2.044678623     0.141008910
     7.610000000     0.195560543    -2.007859267     0.143561675
     7.620000000     0.173330881    -1.969716575     0.145834062
     7.630000000     0.153631444    -1.931004900     0.147658681
     7.640000000     0.136460535    -1.892567005     0.148892563
     7.650000000     0.121880525    -1.854990115     0.149431493
     7.660000000     0.109911370    -1.818532968     0.149219132
     7.670000000     0.100468321    -1.783196166     0.148250049
     7.680000000     0.093340235    -1.748899839     0.146567048
     7.690000000     0.088199020    -1.715654268     0.144254107
     7.700000000     0.084629417    -1.683596968     0.141426765
     7.710000000     0.082169914    -1.652940052     0.138221655
     7.720000000     0.080357992    -1.623909900     0.134786362
     7.730000000     0.078774388    -1.596646457     0.131270024
     7.740000000     0.077081424    -1.571023483     0.127814576
     7.750000000     0.075050379    -1.546526329     0.124546394
     7.760000000     0.072573611    -1.522422942     0.121568360
     7.770000000     0.069659313    -1.498173829     0.118952865
     7.780000000     0.066410097    -1.473670520     0.116736633
     7.790000000     0.062990037    -1.449103923     0.114918334
     7.800000000     0.059587070    -1.424710221     0.113459651
     7.810000000     0.056377931    -1.400636088     0.112289924
     7.820000000     0.053501260    -1.376913580     0.111313966
     7.830000000     0.051041806    -1.353485397     0.110422285
     7.840000000     0.049025924    -1.330294338     0.109502716
     7.850000000     0.047426581    -1.307380254     0.108452433
     7.860000000     0.046175029    -1.284877638     0.107189134
     7.870000000     0.045176199    -1.262924148     0.105660088
     7.880000000     0.044325048    -1.241566751     0.103847602
     7.890000000     0.043521581    -1.220722986     0.101769656
     7.900000000     0.042682682    -1.200217874     0.099475022
     7.910000000     0.041749532    -1.179871236     0.097033153
     7.920000000     0.040690160    -1.159578494     0.094520369
     7.930000000     0.039497486    -1.139343999     0.092004905
     7.940000000     0.038183991    -1.119232481     0.089533964
     7.950000000     0.036774547    -1.099264148     0.087125648
     7.960000000     0.035299026    -1.079370318     0.084767606
     7.970000000     0.033786029    -1.059464928     0.082422594
     7.980000000     0.032258632    -1.039516783     0.080039435
     7.990000000     0.030732575    -1.019541932     0.077566496
     8.000000000     0.029216824    -0.999579460     0.074964343
     8.010000000     0.027716011    -0.979674134     0.072214622
     8.020000000     0.026233862    -0.959835266     0.069323452
     8.030000000     0.024776536    -0.940002366     0.066319188
     8.040000000     0.023354774    -0.920074342     0.063245849
     8.050000000     0.021984126    -0.899974781     0.060154383
     8.060000000     0.020683103    -0.879677559     0.057094165
     8.070000000     0.019469802    -0.859191665     0.054106579
     8.080000000     0.018358039    -0.838547471     0.051221720
     8.090000000     0.017354255    -0.817785411     0.048458232
     8.100000000     0.016456140    -0.796934296     0.045825555
     8.110000000     0.015653390    -0.775994755     0.043327359
     8.120000000     0.014930297    -0.754939848     0.040964936
     8.130000000     0.014269333    -0.733721885     0.038739526
     8.140000000     0.013654659    -0.712285633     0.036653061
     8.150000000     0.013074623    -0.690588363     0.034707357
     8.160000000     0.012522715    -0.668603096     0.032902261
     8.170000000     0.011997012    -0.646301340     0.031233584
     8.180000000     0.011498616    -0.623641456     0.029691664
     8.190000000     0.011029881    -0.600579637     0.028261200
     8.200000000     0.010593232    -0.577089156     0.026922554
     8.210000000     0.010191085    -0.553164833     0.025654235
     8.220000000     0.009826949    -0.528802558     0.024435913
     8.230000000     0.009507250    -0.503965223     0.023251103
     8.240000000     0.009243049    -0.478567741     0.022088799
     8.250000000     0.009050689    -0.452502056     0.020943654
     8.260000000     0.008950575    -0.425674904     0.019814755
     8.270000000     0.008963793    -0.398020057     0.018703448
     8.280000000     0.009106877    -0.369488755     0.017610926
     8.290000000     0.009385693    -0.340037410     0.016536313
     8.300000000     0.009789837    -0.309619186     0.015475784
     8.310000000     0.010289117    -0.278179400     0.014422942
     8.320000000     0.010833411    -0.245652558     0.013370303
     8.330000000     0.011356629    -0.211955267     0.012311463
     8.340000000     0.011784642    -0.176976819     0.011243362
     8.350000000     0.012046137    -0.140572530     0.010168063
     8.360000000     0.012084771    -0.102552535     0.009093574
     8.370000000     0.011870975    -0.062658146     0.008033484
     8.380000000     0.011412793    -0.020540183     0.007005438
     8.390000000     0.010767552     0.024216996     0.006028734
     8.400000000     0.010060098     0.072014107     0.005121533
     8.410000000     0.009518986     0.123176697     0.004298283
     8.420000000     0.009548988     0.177980743     0.003567897
     8.430000000     0.010865597     0.236724843     0.002933040
     8.440000000     0.014722263     0.299789018     0.002390607
     8.450000000     0.023259227     0.367659037     0.001933154
     8.460000000     0.039986792     0.440909593     0.001550841
     8.470000000     0.070377363     0.520157672     0.001233358
     8.480000000     0.122474196     0.606016330     0.000971411
     8.490000000     0.207334129     0.699048577     0.000757519
     8.500000000     0.339027137     0.799680315     0.000586136
     8.510000000     0.533857845     0.908019560     0.000453250
     8.520000000     0.808508351     1.023512637     0.000355722
     8.530000000     1.176978373     1.144318051     0.000290591
     8.540000000     1.646533138     1.266188721     0.000254511
     8.550000000     2.213310476     1.380523255     0.000243382
     8.560000000     2.858656866     1.471124875     0.000252207
     8.570000000     3.547474505     1.509343514     0.000275159
     8.580000000     4.229697015     1.448510051     0.000305847
     8.590000000     4.845400079     1.222763132     0.000337767
     8.600000000     5.333094946     0.763596550     0.000364880
     8.610000000     5.639722509     0.049472547     0.000382238
     8.620000000     5.730132137    -0.831927676     0.000386532
     8.630000000     5.593709232    -1.692368099     0.000376436
     8.640000000     5.246424444    -2.357431279     0.000352646
     8.650000000     4.727757700    -2.764860332     0.000317595
     8.660000000     4.093315643    -2.951359103     0.000274893
     8.670000000     3.405049959    -2.987744744     0.000228638
     8.680000000     2.721447535    -2.936446145     0.000182723
     8.690000000     2.089799721    -2.840071081     0.000140307
     8.700000000     1.541833896    -2.724255447     0.000103515
     8.710000000     1.092946069    -2.603298794     0.000073377
     8.720000000     0.744368690    -2.484696289     0.000049975
     8.730000000     0.487086040    -2.372075516     0.000032701
     8.740000000     0.306232647    -2.266939148     0.000020559
     8.750000000     0.184980315    -2.169657570     0.000012419
     8.760000000     0.107356356    -2.080022531     0.000007208
     8.770000000     0.059862966    -1.997551680     0.000004019
     8.780000000     0.032071326    -1.921653603     0.000002153
     8.790000000     0.016508356    -1.851715198     0.000001108
     8.800000000     0.008164300    -1.787146002     0.000000548
     8.810000000     0.003879380    -1.727398807     0.000000260
     8.820000000     0.001771062    -1.671977394     0.000000119
     8.830000000     0.000776844    -1.620437446     0.000000052
     8.840000000     0.000327387    -1.572384016     0.000000022
     8.850000000     0.000132562    -1.527467446     0.000000009
     8.860000000     0.000051571    -1.485378741     0.000000003
     8.870000000     0.000019276    -1.445844962     0.000000001
     8.880000000     0.000006922    -1.408624891     0.000000000
     8.890000000     0.000002388    -1.373505098     0.000000000
     8.900000000     0.000000792    -1.340296437     0.000000000
     8.910000000     0.000000252    -1.308830963     0.000000000
     8.920000000     0.000000077    -1.278959251     0.000000000
     8.930000000     0.000000023    -1.250548059     0.000000000
     8.940000000     0.000000006    -1.223478307     0.000000000
     8.950000000     0.000000002    -1.197643326     0.000000000
     8.960000000     0.000000000    -1.172947353     0.000000000
     8.970000000     0.000000000    -1.149304213     0.000000000
     8.980000000     0.000000000    -1.126636191     0.000000000
     8.990000000     0.000000000    -1.104873046     0.000000000
     9.000000000     0.000000000    -1.083951155     0.000000000
     9.010000000     0.000000000    -1.063812771     0.000000000
     9.020000000     0.000000000    -1.044405372     0.000000000
     9.030000000     0.000000000    -1.025681094     0.000000000
     9.040000000     0.000000000    -1.007596236     0.000000000
     9.050000000     0.000000000    -0.990110821     0.000000000
     9.060000000     0.000000000    -0.973188212     0.000000000
     9.070000000     0.000000000    -0.956794779     0.000000000
     9.080000000     0.000000000    -0.940899593     0.000000000
     9.090000000     0.000000000    -0.925474168     0.000000000
     9.100000000     0.000000000    -0.910492224     0.000000000
     9.110000000     0.000000000    -0.895929476     0.000000000
     9.120000000     0.000000000    -0.881763455     0.000000000
     9.130000000     0.000000000    -0.867973337     0.000000000
     9.140000000     0.000000000    -0.854539798     0.000000000
     9.150000000     0.000000000    -0.841444879     0.000000000
     9.160000000     0.000000000    -0.828671870     0.000000000
     9.170000000     0.000000000    -0.816205204     0.000000000
     9.180000000     0.000000000    -0.804030357     0.000000000
     9.190000000     0.000000000    -0.792133763     0.000000000
     9.200000000     0.000000000    -0.780502741     0.000000000
     9.210000000     0.000000000    -0.769125414     0.000000000
     9.220000000     0.000000000    -0.757990655     0.000000000
     9.230000000     0.000000000    -0.747088023     0.000000000
     9.240000000     0.000000000    -0.736407712     0.000000000
     9.250000000     0.000000000    -0.725940504     0.000000000
     9.260000000     0.000000000    -0.715677724     0.000000000
     9.270000000     0.000000000    -0.705611198     0.000000000
     9.280000000     0.000000000    -0.695733222     0.000000000
     9.290000000     0.000000000    -0.686036524     0.000000000
     9.300000000     0.000000000    -0.676514234     0.000000000
     9.310000000     0.000000000    -0.667159858     0.000000000
     9.320000000     0.000000000    -0.657967253     0.000000000
     9.330000000     0.000000000    -0.648930598     0.000000000
     9.340000000     0.000000000    -0.640044378     0.000000000
     9.350000000     0.000000000    -0.631303362     0.000000000
     9.360000000     0.000000000    -0.622702583     0.000000000
     9.370000000     0.000000000    -0.614237324     0.000000000
     9.380000000     0.000000000    -0.605903099     0.000000000
     9.390000000     0.000000000    -0.597695640     0.000000000
     9.400000000     0.000000000    -0.589610885     0.000000000
     9.410000000     0.000000000    -0.581644961     0.000000000
     9.420000000     0.000000000    -0.573794179     0.000000000
     9.430000000     0.000000000    -0.566055015     0.000000000
     9.440000000     0.000000000    -0.558424106     0.000000000
     9.450000000     0.000000000    -0.550898241     0.000000000
     9.460000000     0.000000000    -0.543474347     0.000000000
     9.470000000     0.000000000    -0.536149484     0.000000000
     9.480000000     0.000000001    -0.528920839     0.000000001
     9.490000000     0.000000002    -0.521785715     0.000000001
     9.500000000     0.000000005    -0.514741526     0.000000004
     9.510000000     0.000000012    -0.507785793     0.000000010
     9.520000000     0.000000030    -0.500916132     0.000000025
     9.530000000     0.000000071    -0.494130255     0.000000058
     9.540000000     0.000000161    -0.487425960     0.000000132
     9.550000000     0.000000351    -0.480801127     0.000000287
     9.560000000     0.000000734    -0.474253713     0.000000601
     9.570000000     0.000001477    -0.467781752     0.000001209
     9.580000000     0.000002855    -0.461383343     0.000002337
     9.590000000     0.000005303    -0.455056655     0.000004340
     9.600000000     0.000009461    -0.448799920     0.000007743
     9.610000000     0.000016219    -0.442611437     0.000013274
     9.620000000     0.000026713    -0.436489574     0.000021863
     9.630000000     0.000042273    -0.430432784     0.000034597
     9.640000000     0.000064273    -0.424439625     0.000052603
     9.650000000     0.000093891    -0.418508807     0.000076842
     9.660000000     0.000131779    -0.412639281     0.000107851
     9.670000000     0.000177703    -0.406830385     0.000145436
     9.680000000     0.000230236    -0.401082102     0.000188430
     9.690000000     0.000286602    -0.395395442     0.000234561
     9.700000000     0.000342779    -0.389772907     0.000280537
     9.710000000     0.000393891    -0.384218637     0.000322369
     9.720000000     0.000434877    -0.378737219     0.000355913
     9.730000000     0.000461303    -0.373329828     0.000377540
     9.740000000     0.000470146    -0.367989009     0.000384777
     9.750000000     0.000460371    -0.362698680     0.000376777
     9.760000000     0.000433124    -0.357443069     0.000354477
     9.770000000     0.000391511    -0.352215333     0.000320420
     9.780000000     0.000340019    -0.347017114     0.000278279
     9.790000000     0.000283721    -0.341853268     0.000232203
     9.800000000     0.000227462    -0.336728156     0.000186159
     9.810000000     0.000175208    -0.331644550     0.000143394
     9.820000000     0.000129666    -0.326603822     0.000106121
     9.830000000     0.000092199    -0.321606402     0.000075458
     9.840000000     0.000062988    -0.316652164     0.000051551
     9.850000000     0.000041344    -0.311740671     0.000033837
     9.860000000     0.000026074    -0.306871324     0.000021339
     9.870000000     0.000015798    -0.302043446     0.000012930
     9.880000000     0.000009197    -0.297256332     0.000007527
     9.890000000     0.000005144    -0.292509271     0.000004210
     9.900000000     0.000002765    -0.287801558     0.000002263
     9.910000000     0.000001427    -0.283132508     0.000001168
     9.920000000     0.000000708    -0.278501450     0.000000580
     9.930000000     0.000000338    -0.273907737     0.000000276
     9.940000000     0.000000155    -0.269350739     0.000000126
     9.950000000     0.000000068    -0.264829845     0.000000056
     9.960000000     0.000000029    -0.260344466     0.000000024
     9.970000000     0.000000012    -0.255894028     0.000000010
     9.980000000     0.000000005    -0.251477974     0.000000004
     9.990000000     0.000000002    -0.247095766     0.000000001
    10.000000000     0.000000001    -0.242746878     0.000000001
    10.010000000     0.000000000    -0.238430800     0.000000000
    10.020000000     0.000000000    -0.234147037     0.000000000
    10.030000000     0.000000000    -0.229895106     0.000000000
    10.040000000     0.000000000    -0.225674536     0.000000000
    10.050000000     0.000000000    -0.221484870     0.000000000
    10.060000000     0.000000000    -0.217325661     0.000000000
    10.070000000     0.000000000    -0.213196474     0.000000000
    10.080000000     0.000000000    -0.209096884     0.000000000
    10.090000000     0.000000000    -0.205026477     0.000000000
    10.100000000     0.000000000    -0.200984849     0.000000000
    10.110000000     0.000000000    -0.196971604     0.000000000
    10.120000000     0.000000000    -0.192986358     0.000000000
    10.130000000     0.000000000    -0.189028732     0.000000000
    10.140000000     0.000000000    -0.185098358     0.000000000
    10.150000000     0.000000000    -0.181194877     0.000000000
    10.160000000     0.000000000    -0.177317935     0.000000000
    10.170000000     0.000000000    -0.173467189     0.000000000
    10.180000000     0.000000000    -0.169642301     0.000000000
    10.190000000     0.000000000    -0.165842941     0.000000000
    10.200000000     0.000000000    -0.162068787     0.000000000
    10.210000000     0.000000000    -0.158319522     0.000000000
    10.220000000     0.000000000    -0.154594836     0.000000000
    10.230000000     0.000000000    -0.150894427     0.000000000
    10.240000000     0.000000000    -0.147217998     0.000000000
    10.250000000     0.000000000    -0.143565257     0.000000000
    10.260000000     0.000000000    -0.139935919     0.000000000
    10.270000000     0.000000000    -0.136329704     0.000000000
    10.280000000     0.000000000    -0.132746339     0.000000000
    10.290000000     0.000000000    -0.129185555     0.000000000
    10.300000000     0.000000000    -0.125647088     0.000000000
    10.310000000     0.000000000    -0.122130679     0.000000000
    10.320000000     0.000000000    -0.118636076     0.000000000
    10.330000000     0.000000000    -0.115163028     0.000000000
    10.340000000     0.000000000    -0.111711293     0.000000000
    10.350000000     0.000000000    -0.108280630     0.000000000
    10.360000000     0.000000000    -0.104870804     0.000000000
    10.370000000     0.000000000    -0.101481584     0.000000000
    10.380000000     0.000000000    -0.098112743     0.000000000
    10.390000000     0.000000000    -0.094764059     0.000000000
    10.400000000     0.000000000    -0.091435312     0.000000000
    10.410000000     0.000000000    -0.088126288     0.000000000
    10.420000000     0.000000000    -0.084836776     0.000000000
    10.430000000     0.000000000    -0.081566568     0.000000000
    10.440000000     0.000000000    -0.078315460     0.000000000
    10.450000000     0.000000000    -0.075083252     0.000000000
    10.460000000     0.000000000    -0.071869747     0.000000000
    10.470000000     0.000000000    -0.068674751     0.000000000
    10.480000000     0.000000000    -0.065498073     0.000000000
    10.490000000     0.000000000    -0.062339527     0.000000000
    10.500000000     0.000000000    -0.059198929     0.000000000
    10.510000000     0.000000000    -0.056076096     0.000000000
    10.520000000     0.000000000    -0.052970851     0.000000000
    10.530000000     0.000000000    -0.049883019     0.000000000
    10.540000000     0.000000000    -0.046812427     0.000000000
    10.550000000     0.000000000    -0.043758905     0.000000000
    10.560000000     0.000000000    -0.040722286     0.000000000
    10.570000000     0.000000000    -0.037702407     0.000000000
    10.580000000     0.000000000    -0.034699104     0.000000000
    10.590000000     0.000000000    -0.031712218     0.000000000
    10.600000000     0.000000000    -0.028741594     0.000000000
    10.610000000     0.000000000    -0.025787075     0.000000000
    10.620000000     0.000000000    -0.022848511     0.000000000
    10.630000000     0.000000000    -0.019925750     0.000000000
    10.640000000     0.000000000    -0.017018646     0.000000000
    10.650000000     0.000000000    -0.014127053     0.000000000
    10.660000000     0.000000000    -0.011250828     0.000000000
    10.670000000     0.000000000    -0.008389830     0.000000000
    10.680000000     0.000000000    -0.005543919     0.000000000
    10.690000000     0.000000000    -0.002712959     0.000000000
    10.700000000     0.000000000     0.000103186     0.000000000
    10.710000000     0.000000000     0.002904649     0.000000000
    10.720000000     0.000000000     0.005691560     0.000000000
    10.730000000     0.000000000     0.008464050     0.000000000
    10.740000000     0.000000000     0.011222245     0.000000000
    10.750000000     0.000000000     0.013966273     0.000000000
    10.760000000     0.000000000     0.016696256     0.000000000
    10.770000000     0.000000000     0.019412317     0.000000000
    10.780000000     0.000000000     0.022114576     0.000000000
    10.790000000     0.000000000     0.024803153     0.000000000
    10.800000000     0.000000000     0.027478166     0.000000000
    10.810000000     0.000000000     0.030139729     0.000000000
    10.820000000     0.000000000     0.032787956     0.000000000
    10.830000000     0.000000000     0.035422962     0.000000000
    10.840000000     0.000000000     0.038044857     0.000000000
    10.850000000     0.000000000     0.040653750     0.000000000
    10.860000000     0.000000000     0.043249750     0.000000000
    10.870000000     0.000000000     0.045832964     0.000000000
    10.880000000     0.000000000     0.048403497     0.000000000
    10.890000000     0.000000000     0.050961454     0.000000000
    10.900000000     0.000000000     0.053506936     0.000000000
    10.910000000     0.000000000     0.056040047     0.000000000
    10.920000000     0.000000000     0.058560886     0.000000000
    10.930000000     0.000000000     0.061069551     0.000000000
    10.940000000     0.000000000     0.063566141     0.000000000
    10.950000000     0.000000000     0.066050752     0.000000000
    10.960000000     0.000000000     0.068523479     0.000000000
    10.970000000     0.000000000     0.070984417     0.000000000
    10.980000000     0.000000000     0.073433658     0.000000000
    10.990000000     0.000000000     0.075871294     0.000000000
    11.000000000     0.000000000     0.078297416     0.000000000
