 # Column 1: omega
 # Column 2: eps2(omega)
 # Column 3: eps1(omega)
 # Column 4: JDOS(omega)
     0.000000000     0.000000000     3.939233869     0.000000000
     0.010000000     0.000000000     3.939246064     0.000000000
     0.020000000     0.000000000     3.939282651     0.000000000
     0.030000000     0.000000000     3.939343632     0.000000000
     0.040000000     0.000000000     3.939429011     0.000000000
     0.050000000     0.000000000     3.939538794     0.000000000
     0.060000000     0.000000000     3.939672989     0.000000000
     0.070000000     0.000000000     3.939831605     0.000000000
     0.080000000     0.000000000     3.940014653     0.000000000
     0.090000000     0.000000000     3.940222146     0.000000000
     0.100000000     0.000000000     3.940454099     0.000000000
     0.110000000     0.000000000     3.940710527     0.000000000
     0.120000000     0.000000000     3.940991448     0.000000000
     0.130000000     0.000000000     3.941296883     0.000000000
     0.140000000     0.000000000     3.941626852     0.000000000
     0.150000000     0.000000000     3.941981379     0.000000000
     0.160000000     0.000000000     3.942360488     0.000000000
     0.170000000     0.000000000     3.942764206     0.000000000
     0.180000000     0.000000000     3.943192561     0.000000000
     0.190000000     0.000000000     3.943645585     0.000000000
     0.200000000     0.000000000     3.944123307     0.000000000
     0.210000000     0.000000000     3.944625763     0.000000000
     0.220000000     0.000000000     3.945152988     0.000000000
     0.230000000     0.000000000     3.945705019     0.000000000
     0.240000000     0.000000000     3.946281895     0.000000000
     0.250000000     0.000000000     3.946883658     0.000000000
     0.260000000     0.000000000     3.947510351     0.000000000
     0.270000000     0.000000000     3.948162018     0.000000000
     0.280000000     0.000000000     3.948838706     0.000000000
     0.290000000     0.000000000     3.949540463     0.000000000
     0.300000000     0.000000000     3.950267341     0.000000000
     0.310000000     0.000000000     3.951019391     0.000000000
     0.320000000     0.000000000     3.951796669     0.000000000
     0.330000000     0.000000000     3.952599230     0.000000000
     0.340000000     0.000000000     3.953427134     0.000000000
     0.350000000     0.000000000     3.954280440     0.000000000
     0.360000000     0.000000000     3.955159212     0.000000000
     0.370000000     0.000000000     3.956063514     0.000000000
     0.380000000     0.000000000     3.956993412     0.000000000
     0.390000000     0.000000000     3.957948976     0.000000000
     0.400000000     0.000000000     3.958930276     0.000000000
     0.410000000     0.000000000     3.959937387     0.000000000
     0.420000000     0.000000000     3.960970383     0.000000000
     0.430000000     0.000000000     3.962029342     0.000000000
     0.440000000     0.000000000     3.963114344     0.000000000
     0.450000000     0.000000000     3.964225471     0.000000000
     0.460000000     0.000000000     3.965362809     0.000000000
     0.470000000     0.000000000     3.966526443     0.000000000
     0.480000000     0.000000000     3.967716464     0.000000000
     0.490000000     0.000000000     3.968932964     0.000000000
     0.500000000     0.000000000     3.970176036     0.000000000
     0.510000000     0.000000000     3.971445778     0.000000000
     0.520000000     0.000000000     3.972742290     0.000000000
     0.530000000     0.000000000     3.974065673     0.000000000
     0.540000000     0.000000000     3.975416032     0.000000000
     0.550000000     0.000000000     3.976793475     0.000000000
     0.560000000     0.000000000     3.978198113     0.000000000
     0.570000000     0.000000000     3.979630058     0.000000000
     0.580000000     0.000000000     3.981089427     0.000000000
     0.590000000     0.000000000     3.982576338     0.000000000
     0.600000000     0.000000000     3.984090915     0.000000000
     0.610000000     0.000000000     3.985633280     0.000000000
     0.620000000     0.000000000     3.987203564     0.000000000
     0.630000000     0.000000000     3.988801897     0.000000000
     0.640000000     0.000000000     3.990428414     0.000000000
     0.650000000     0.000000000     3.992083253     0.000000000
     0.660000000     0.000000000     3.993766556     0.000000000
     0.670000000     0.000000000     3.995478467     0.000000000
     0.680000000     0.000000000     3.997219135     0.000000000
     0.690000000     0.000000000     3.998988713     0.000000000
     0.700000000     0.000000000     4.000787355     0.000000000
     0.710000000     0.000000000     4.002615222     0.000000000
     0.720000000     0.000000000     4.004472478     0.000000000
     0.730000000     0.000000000     4.006359291     0.000000000
     0.740000000     0.000000000     4.008275831     0.000000000
     0.750000000     0.000000000     4.010222276     0.000000000
     0.760000000     0.000000000     4.012198806     0.000000000
     0.770000000     0.000000000     4.014205606     0.000000000
     0.780000000     0.000000000     4.016242866     0.000000000
     0.790000000     0.000000000     4.018310780     0.000000000
     0.800000000     0.000000000     4.020409548     0.000000000
     0.810000000     0.000000000     4.022539374     0.000000000
     0.820000000     0.000000000     4.024700467     0.000000000
     0.830000000     0.000000000     4.026893043     0.000000000
     0.840000000     0.000000000     4.029117321     0.000000000
     0.850000000     0.000000000     4.031373529     0.000000000
     0.860000000     0.000000000     4.033661897     0.000000000
     0.870000000     0.000000000     4.035982665     0.000000000
     0.880000000     0.000000000     4.038336076     0.000000000
     0.890000000     0.000000000     4.040722382     0.000000000
     0.900000000     0.000000000     4.043141839     0.000000000
     0.910000000     0.000000000     4.045594712     0.000000000
     0.920000000     0.000000000     4.048081273     0.000000000
     0.930000000     0.000000000     4.050601801     0.000000000
     0.940000000     0.000000000     4.053156582     0.000000000
     0.950000000     0.000000000     4.055745912     0.000000000
     0.960000000     0.000000000     4.058370094     0.000000000
     0.970000000     0.000000000     4.061029438     0.000000000
     0.980000000     0.000000000     4.063724266     0.000000000
     0.990000000     0.000000000     4.066454908     0.000000000
     1.000000000     0.000000000     4.069221702     0.000000000
     1.010000000     0.000000000     4.072025000     0.000000000
     1.020000000     0.000000000     4.074865161     0.000000000
     1.030000000     0.000000000     4.077742556     0.000000000
     1.040000000     0.000000000     4.080657567     0.000000000
     1.050000000     0.000000000     4.083610590     0.000000000
     1.060000000     0.000000000     4.086602030     0.000000000
     1.070000000     0.000000000     4.089632308     0.000000000
     1.080000000     0.000000000     4.092701858     0.000000000
     1.090000000     0.000000000     4.095811126     0.000000000
     1.100000000     0.000000000     4.098960575     0.000000000
     1.110000000     0.000000000     4.102150685     0.000000000
     1.120000000     0.000000000     4.105381948     0.000000000
     1.130000000     0.000000000     4.108654877     0.000000000
     1.140000000     0.000000000     4.111970002     0.000000000
     1.150000000     0.000000000     4.115327871     0.000000000
     1.160000000     0.000000000     4.118729054     0.000000000
     1.170000000     0.000000000     4.122174140     0.000000000
     1.180000000     0.000000000     4.125663741     0.000000000
     1.190000000     0.000000000     4.129198494     0.000000000
     1.200000000     0.000000000     4.132779057     0.000000000
     1.210000000     0.000000000     4.136406118     0.000000000
     1.220000000     0.000000000     4.140080390     0.000000000
     1.230000000     0.000000000     4.143802617     0.000000000
     1.240000000     0.000000000     4.147573574     0.000000000
     1.250000000     0.000000000     4.151394067     0.000000000
     1.260000000     0.000000000     4.155264939     0.000000000
     1.270000000     0.000000000     4.159187070     0.000000000
     1.280000000     0.000000000     4.163161379     0.000000000
     1.290000000     0.000000000     4.167188827     0.000000000
     1.300000000     0.000000000     4.171270422     0.000000000
     1.310000000     0.000000000     4.175407217     0.000000000
     1.320000000     0.000000000     4.179600319     0.000000000
     1.330000000     0.000000000     4.183850889     0.000000000
     1.340000000     0.000000000     4.188160148     0.000000000
     1.350000000     0.000000000     4.192529379     0.000000000
     1.360000000     0.000000000     4.196959935     0.000000000
     1.370000000     0.000000000     4.201453241     0.000000000
     1.380000000     0.000000000     4.206010802     0.000000000
     1.390000000     0.000000000     4.210634207     0.000000000
     1.400000000     0.000000000     4.215325140     0.000000000
     1.410000000     0.000000000     4.220085382     0.000000000
     1.420000000     0.000000001     4.224916825     0.000000001
     1.430000000     0.000000001     4.229821478     0.000000002
     1.440000000     0.000000004     4.234801477     0.000000005
     1.450000000     0.000000010     4.239859099     0.000000012
     1.460000000     0.000000024     4.244996774     0.000000029
     1.470000000     0.000000055     4.250217097     0.000000069
     1.480000000     0.000000125     4.255522849     0.000000156
     1.490000000     0.000000271     4.260917007     0.000000341
     1.500000000     0.000000563     4.266402773     0.000000716
     1.510000000     0.000001127     4.271983589     0.000001445
     1.520000000     0.000002166     4.277663164     0.000002806
     1.530000000     0.000003999     4.283445505     0.000005243
     1.540000000     0.000007094     4.289334940     0.000009425
     1.550000000     0.000012093     4.295336159     0.000016310
     1.560000000     0.000019809     4.301454244     0.000027172
     1.570000000     0.000031177     4.307694703     0.000043586
     1.580000000     0.000047149     4.314063509     0.000067339
     1.590000000     0.000068517     4.320567118     0.000100223
     1.600000000     0.000095679     4.327212475     0.000143735
     1.610000000     0.000128395     4.334006980     0.000198681
     1.620000000     0.000165590     4.340958388     0.000264766
     1.630000000     0.000205286     4.348074630     0.000340244
     1.640000000     0.000244734     4.355363628     0.000421749
     1.650000000     0.000280811     4.362833400     0.000504392
     1.660000000     0.000310706     4.370493263     0.000582180
     1.670000000     0.000332908     4.378356933     0.000648739
     1.680000000     0.000348571     4.386446131     0.000698245
     1.690000000     0.000363393     4.394789839     0.000726410
     1.700000000     0.000390375     4.403417915     0.000731332
     1.710000000     0.000454002     4.412356306     0.000714043
     1.720000000     0.000596596     4.421628481     0.000678650
     1.730000000     0.000887628     4.431259155     0.000632022
     1.740000000     0.001436501     4.441276407     0.000583098
     1.750000000     0.002408633     4.451711995     0.000541917
     1.760000000     0.004043414     4.462600564     0.000518545
     1.770000000     0.006670860     4.473977767     0.000522030
     1.780000000     0.010721799     4.485876657     0.000559555
     1.790000000     0.016724599     4.498321008     0.000635859
     1.800000000     0.025280775     4.511313096     0.000753035
     1.810000000     0.037012928     4.524811916     0.000910714
     1.820000000     0.052482428     4.538695775     0.001106637
     1.830000000     0.072080993     4.552702562     0.001337551
     1.840000000     0.095909230     4.566347478     0.001600309
     1.850000000     0.123664128     4.578844786     0.001893020
     1.860000000     0.154563539     4.589113108     0.002216099
     1.870000000     0.187335585     4.595951915     0.002573046
     1.880000000     0.220292549     4.598262939     0.002970896
     1.890000000     0.251492494     4.594968405     0.003420245
     1.900000000     0.278970632     4.584974428     0.003934834
     1.910000000     0.301002333     4.568300066     0.004530650
     1.920000000     0.316346960     4.547580106     0.005224519
     1.930000000     0.324421560     4.527094805     0.006032213
     1.940000000     0.325366990     4.509796555     0.006966208
     1.950000000     0.319993115     4.496385671     0.008033319
     1.960000000     0.309617493     4.486885678     0.009232597
     1.970000000     0.295835544     4.481605928     0.010553828
     1.980000000     0.280273051     4.480635191     0.011976968
     1.990000000     0.264371245     4.483170501     0.013472614
     2.000000000     0.249241815     4.487594094     0.015003503
     2.010000000     0.235608846     4.492361078     0.016526898
     2.020000000     0.223832939     4.496836173     0.017997720
     2.030000000     0.213995588     4.501247501     0.019372310
     2.040000000     0.206012730     4.506065527     0.020612734
     2.050000000     0.199746259     4.511648874     0.021691381
     2.060000000     0.195089306     4.518214171     0.022595348
     2.070000000     0.192011939     4.525738714     0.023329790
     2.080000000     0.190565123     4.533907530     0.023919210
     2.090000000     0.190849680     4.542356248     0.024405777
     2.100000000     0.192962575     4.550968040     0.024844282
     2.110000000     0.196935371     4.559838092     0.025294151
     2.120000000     0.202679769     4.568926948     0.025809873
     2.130000000     0.209953408     4.577804492     0.026431840
     2.140000000     0.218355583     4.585724551     0.027179762
     2.150000000     0.227357082     4.591891718     0.028050308
     2.160000000     0.236361387     4.595812329     0.029019633
     2.170000000     0.244787002     4.597632798     0.030050200
     2.180000000     0.252154790     4.598088489     0.031100259
     2.190000000     0.258161857     4.597985604     0.032133751
     2.200000000     0.262726141     4.597811726     0.033128448
     2.210000000     0.265992986     4.597973217     0.034080712
     2.220000000     0.268304550     4.599212270     0.035006230
     2.230000000     0.270141531     4.602273073     0.035936975
     2.240000000     0.272051253     4.607048332     0.036915504
     2.250000000     0.274574968     4.612366152     0.037988015
     2.260000000     0.278181421     4.616785305     0.039197677
     2.270000000     0.283206800     4.619704664     0.040579350
     2.280000000     0.289797332     4.621782656     0.042156339
     2.290000000     0.297853254     4.624221553     0.043939215
     2.300000000     0.306981028     4.627609557     0.045926260
     2.310000000     0.316470574     4.631345868     0.048104862
     2.320000000     0.325319537     4.633814515     0.050453115
     2.330000000     0.332322084     4.632938439     0.052941138
     2.340000000     0.336224293     4.627098466     0.055531931
     2.350000000     0.335926138     4.616306435     0.058181949
     2.360000000     0.330689777     4.602756460     0.060841770
     2.370000000     0.320304007     4.589959703     0.063457260
     2.380000000     0.305160622     4.581010449     0.065971468
     2.390000000     0.286218981     4.577424731     0.068327175
     2.400000000     0.264863750     4.579266625     0.070469753
     2.410000000     0.242687875     4.585854485     0.072349876
     2.420000000     0.221249795     4.596175086     0.073925702
     2.430000000     0.201856413     4.609041297     0.075164398
     2.440000000     0.185412190     4.623259595     0.076043245
     2.450000000     0.172355189     4.637788273     0.076550709
     2.460000000     0.162679421     4.651855729     0.076687876
     2.470000000     0.156025465     4.665017273     0.076470331
     2.480000000     0.151811158     4.677122412     0.075930104
     2.490000000     0.149371786     4.688224105     0.075116923
     2.500000000     0.148083224     4.698494550     0.074097804
     2.510000000     0.147449368     4.708218841     0.072954218
     2.520000000     0.147144793     4.717812003     0.071776508
     2.530000000     0.147012964     4.727707949     0.070655971
     2.540000000     0.147028280     4.738143875     0.069675582
     2.550000000     0.147235789     4.749087617     0.068900835
     2.560000000     0.147685022     4.760319796     0.068372224
     2.570000000     0.148373609     4.771480720     0.068100638
     2.580000000     0.149212468     4.782156744     0.068066423
     2.590000000     0.150018219     4.792041752     0.068222172
     2.600000000     0.150531501     4.800966805     0.068498674
     2.610000000     0.150453972     4.808877929     0.068812953
     2.620000000     0.149493417     4.816001106     0.069077120
     2.630000000     0.147406340     4.822935033     0.069206798
     2.640000000     0.144030261     4.830337317     0.069128158
     2.650000000     0.139302313     4.838512619     0.068782941
     2.660000000     0.133264745     4.847362880     0.068131232
     2.670000000     0.126060194     4.856659984     0.067152020
     2.680000000     0.117919657     4.866330144     0.065841801
     2.690000000     0.109144614     4.876583020     0.064211636
     2.700000000     0.100083315     4.887851093     0.062283198
     2.710000000     0.091101092     4.900556510     0.060084495
     2.720000000     0.082546188     4.914854085     0.057645998
     2.730000000     0.074715325     4.930527932     0.054997851
     2.740000000     0.067825537     4.947088980     0.052168675
     2.750000000     0.061998979     4.963994871     0.049186078
     2.760000000     0.057264907     4.980826944     0.046078632
     2.770000000     0.053578225     4.997333437     0.042878602
     2.780000000     0.050848718     5.013438048     0.039624554
     2.790000000     0.048971458     5.029307145     0.036362851
     2.800000000     0.047848560     5.045311908     0.033147362
     2.810000000     0.047395828     5.061775117     0.030037069
     2.820000000     0.047533798     5.078764683     0.027091880
     2.830000000     0.048168946     5.096126624     0.024367404
     2.840000000     0.049174976     5.113592720     0.021909806
     2.850000000     0.050384343     5.130791838     0.019751819
     2.860000000     0.051596390     5.147258855     0.017910718
     2.870000000     0.052602026     5.162638906     0.016388491
     2.880000000     0.053218357     5.177048325     0.015173912
     2.890000000     0.053322679     5.191197819     0.014245733
     2.900000000     0.052875277     5.205967289     0.013576141
     2.910000000     0.051924421     5.221830574     0.013133705
     2.920000000     0.050593035     5.238730318     0.012885406
     2.930000000     0.049052176     5.256329153     0.012797758
     2.940000000     0.047489492     5.274268279     0.012837276
     2.950000000     0.046080507     5.292301878     0.012970703
     2.960000000     0.044967440     5.310358075     0.013165329
     2.970000000     0.044246469     5.328555841     0.013389602
     2.980000000     0.043961561     5.347118098     0.013614021
     2.990000000     0.044102536     5.366193444     0.013812198
     3.000000000     0.044606545     5.385729084     0.013961911
     3.010000000     0.045364345     5.405495978     0.014045959
     3.020000000     0.046233988     5.425187780     0.014052708
     3.030000000     0.047063785     5.444502845     0.013976232
     3.040000000     0.047723607     5.463286796     0.013816094
     3.050000000     0.048139853     5.481744910     0.013576807
     3.060000000     0.048326337     5.500442374     0.013267140
     3.070000000     0.048402257     5.519929754     0.012899408
     3.080000000     0.048590041     5.540401371     0.012488865
     3.090000000     0.049189893     5.561787273     0.012053222
     3.100000000     0.050533335     5.584025279     0.011612191
     3.110000000     0.052923655     5.607095844     0.011186895
     3.120000000     0.056575275     5.630882728     0.010798977
     3.130000000     0.061565633     5.655114903     0.010469359
     3.140000000     0.067811130     5.679362078     0.010216747
     3.150000000     0.075073278     5.703003022     0.010056131
     3.160000000     0.082993452     5.725296692     0.009997572
     3.170000000     0.091146856     5.745699315     0.010045529
     3.180000000     0.099101385     5.764338460     0.010198885
     3.190000000     0.106467076     5.782223307     0.010451685
     3.200000000     0.112927173     5.800759919     0.010794548
     3.210000000     0.118250469     5.820832293     0.011216635
     3.220000000     0.122292638     5.842228012     0.011707999
     3.230000000     0.124997863     5.863825947     0.012262045
     3.240000000     0.126409250     5.884381174     0.012877677
     3.250000000     0.126688519     5.903539634     0.013560596
     3.260000000     0.126136314     5.922447642     0.014323221
     3.270000000     0.125198960     5.943100743     0.015182911
     3.280000000     0.124448823     5.966825240     0.016158564
     3.290000000     0.124533407     5.993561405     0.017266144
     3.300000000     0.126099439     6.022381319     0.018514083
     3.310000000     0.129707489     6.052251023     0.019899698
     3.320000000     0.135756050     6.082353176     0.021407553
     3.330000000     0.144430351     6.112057501     0.023010301
     3.340000000     0.155682650     6.140862685     0.024671916
     3.350000000     0.169241412     6.168425502     0.026352696
     3.360000000     0.184640877     6.194685139     0.028015064
     3.370000000     0.201261897     6.219926318     0.029629148
     3.380000000     0.218378857     6.244481666     0.031177264
     3.390000000     0.235212757     6.268247361     0.032656761
     3.400000000     0.250993485     6.290643256     0.034080968
     3.410000000     0.265032464     6.311102522     0.035478233
     3.420000000     0.276800606     6.329510620     0.036889177
     3.430000000     0.285998792     6.346350934     0.038362430
     3.440000000     0.292603143     6.362828235     0.039949227
     3.450000000     0.296868723     6.380738429     0.041697457
     3.460000000     0.299283909     6.401635324     0.043645875
     3.470000000     0.300481111     6.425936557     0.045819306
     3.480000000     0.301123017     6.452910948     0.048225497
     3.490000000     0.301791961     6.481363490     0.050854050
     3.500000000     0.302909904     6.510238147     0.053677451
     3.510000000     0.304707724     6.538902685     0.056653900
     3.520000000     0.307247997     6.567248212     0.059731457
     3.530000000     0.310490009     6.595509566     0.062853011
     3.540000000     0.314374251     6.623920116     0.065961667
     3.550000000     0.318899334     6.652687049     0.069006267
     3.560000000     0.324167949     6.682231667     0.071946720
     3.570000000     0.330388607     6.713151323     0.074758669
     3.580000000     0.337833421     6.745837455     0.077436785
     3.590000000     0.346765248     6.780188586     0.079995874
     3.600000000     0.357356635     6.815635876     0.082469102
     3.610000000     0.369625764     6.851367271     0.084903111
     3.620000000     0.383410034     6.886562179     0.087350585
     3.630000000     0.398387175     6.920481297     0.089861582
     3.640000000     0.414139672     6.952582909     0.092475591
     3.650000000     0.430244933     6.982833285     0.095216303
     3.660000000     0.446365127     7.011870925     0.098090577
     3.670000000     0.462309948     7.040733423     0.101091965
     3.680000000     0.478053251     7.070453296     0.104207881
     3.690000000     0.493698382     7.101756652     0.107428336
     3.700000000     0.509402628     7.134731525     0.110753663
     3.710000000     0.525283530     7.168752552     0.114198893
     3.720000000     0.541334689     7.202840747     0.117793400
     3.730000000     0.557374828     7.236004776     0.121575824
     3.740000000     0.573042990     7.267507293     0.125585582
     3.750000000     0.587839064     7.297242772     0.129853152
     3.760000000     0.601197246     7.325839995     0.134391502
     3.770000000     0.612574449     7.354299865     0.139190530
     3.780000000     0.621536987     7.383551573     0.144215510
     3.790000000     0.627835495     7.414127501     0.149409453
     3.800000000     0.631465926     7.446078630     0.154698511
     3.810000000     0.632719682     7.479307803     0.159999010
     3.820000000     0.632225409     7.514049965     0.165224643
     3.830000000     0.630978633     7.551021214     0.170292552
     3.840000000     0.630345673     7.590995808     0.175127460
     3.850000000     0.632019672     7.634270833     0.179663536
     3.860000000     0.637904565     7.680788909     0.183844209
     3.870000000     0.649911365     7.730718858     0.187620657
     3.880000000     0.669671424     7.784513337     0.190950059
     3.890000000     0.698199886     7.842095679     0.193794795
     3.900000000     0.735571328     7.901936019     0.196123579
     3.910000000     0.780687810     7.960919934     0.197914861
     3.920000000     0.831217101     8.015013124     0.199161995
     3.930000000     0.883751122     8.060099518     0.199878794
     3.940000000     0.934185721     8.092708668     0.200103575
     3.950000000     0.978266120     8.111168632     0.199899823
     3.960000000     1.012196084     8.117445528     0.199352356
     3.970000000     1.033189713     8.118227841     0.198559082
     3.980000000     1.039859946     8.122899335     0.197619721
     3.990000000     1.032382026     8.138515468     0.196623847
     4.000000000     1.012426613     8.166229000     0.195640837
     4.010000000     0.982906134     8.202718694     0.194713765
     4.020000000     0.947604329     8.244674553     0.193858206
     4.030000000     0.910759391     8.292243726     0.193065592
     4.040000000     0.876653232     8.348763996     0.192309808
     4.050000000     0.849236796     8.417119428     0.191555254
     4.060000000     0.831805567     8.496623996     0.190764776
     4.070000000     0.826734946     8.583416425     0.189906505
     4.080000000     0.835288719     8.672730184     0.188959279
     4.090000000     0.857518223     8.760493001     0.187916835
     4.100000000     0.892268877     8.844010979     0.186791040
     4.110000000     0.937302607     8.922089802     0.185614195
     4.120000000     0.989531408     8.994454508     0.184440093
     4.130000000     1.045342673     9.060908443     0.183343247
     4.140000000     1.100983621     9.120993608     0.182415772
     4.150000000     1.152961831     9.174155407     0.181761740
     4.160000000     1.198412079     9.220385915     0.181489425
     4.170000000     1.235378581     9.261504511     0.181702397
     4.180000000     1.262968980     9.301829370     0.182490800
     4.190000000     1.281354300     9.346547737     0.183924160
     4.200000000     1.291616416     9.399013240     0.186046708
     4.210000000     1.295475863     9.459926313     0.188875593
     4.220000000     1.294958771     9.528430683     0.192401619
     4.230000000     1.292073432     9.602988077     0.196591527
     4.240000000     1.288559391     9.681691949     0.201390495
     4.250000000     1.285746941     9.762802796     0.206723611
     4.260000000     1.284530724     9.845445715     0.212495570
     4.270000000     1.285429609     9.929960021     0.218588582
     4.280000000     1.288686402    10.017604611     0.224859262
     4.290000000     1.294360534    10.109816728     0.231135833
     4.300000000     1.302382928    10.207363180     0.237217129
     4.310000000     1.312567460    10.309730138     0.242874655
     4.320000000     1.324597792    10.415442878     0.247858504
     4.330000000     1.338023179    10.523361480     0.251907338
     4.340000000     1.352297251    10.633455360     0.254762208
     4.350000000     1.366880082    10.746031419     0.256183617
     4.360000000     1.381400833    10.860801142     0.255970851
     4.370000000     1.395853659    10.977550719     0.253982208
     4.380000000     1.410781355    11.097404951     0.250154138
     4.390000000     1.427395574    11.222599252     0.244516746
     4.400000000     1.447591416    11.355506403     0.237202802
     4.410000000     1.473834836    11.498277416     0.228447587
     4.420000000     1.508926899    11.652142608     0.218577864
     4.430000000     1.555671059    11.816309137     0.207989857
     4.440000000     1.616482911    11.987722114     0.197118085
     4.450000000     1.692986203    12.161748317     0.186398741
     4.460000000     1.785639565    12.333976166     0.176232510
     4.470000000     1.893442525    12.502841453     0.166951972
     4.480000000     2.013779129    12.670184965     0.158797991
     4.490000000     2.142466461    12.837822864     0.151907912
     4.500000000     2.274068917    13.003420194     0.146316484
     4.510000000     2.402502556    13.160161437     0.141968442
     4.520000000     2.521883679    13.300356512     0.138740079
     4.530000000     2.627487465    13.420827629     0.136465934
     4.540000000     2.716609507    13.527814638     0.134966171
     4.550000000     2.789103708    13.637972377     0.134070277
     4.560000000     2.847428193    13.771972729     0.133633536
     4.570000000     2.896160607    13.942981872     0.133544276
     4.580000000     2.941106012    14.150488888     0.133721996
     4.590000000     2.988255767    14.384363886     0.134108633
     4.600000000     3.042910118    14.631939714     0.134656828
     4.610000000     3.109225298    14.882803788     0.135319627
     4.620000000     3.190303166    15.132038513     0.136045136
     4.630000000     3.288757919    15.381207672     0.136777748
     4.640000000     3.407535018    15.636009167     0.137465080
     4.650000000     3.550676422    15.903660729     0.138067807
     4.660000000     3.723748033    16.191784937     0.138568658
     4.670000000     3.933758465    16.505709787     0.138977399
     4.680000000     4.188562307    16.844502867     0.139330224
     4.690000000     4.495901571    17.200824720     0.139684025
     4.700000000     4.862345052    17.565641739     0.140107625
     4.710000000     5.292404108    17.931750953     0.140672774
     4.720000000     5.788029535    18.291102445     0.141447232
     4.730000000     6.348552912    18.629963054     0.142491056
     4.740000000     6.970977566    18.931395332     0.143855745
     4.750000000     7.650410561    19.185692866     0.145584800
     4.760000000     8.380407887    19.398449791     0.147714006
     4.770000000     9.153095374    19.587578116     0.150270211
     4.780000000     9.959094706    19.768639019     0.153268483
     4.790000000    10.787453835    19.940270943     0.156708526
     4.800000000    11.625869972    20.080828822     0.160571878
     4.810000000    12.461447525    20.155610602     0.164821240
     4.820000000    13.282059687    20.138354035     0.169402569
     4.830000000    14.078149721    20.039626960     0.174249492
     4.840000000    14.844614848    19.907431613     0.179288807
     4.850000000    15.582341571    19.790628224     0.184445597
     4.860000000    16.299027718    19.707077866     0.189646901
     4.870000000    17.009091194    19.645614632     0.194823759
     4.880000000    17.732652373    19.587524524     0.199912306
     4.890000000    18.493722078    19.524583470     0.204854982
     4.900000000    19.317811158    19.462075729     0.209602755
     4.910000000    20.229226353    19.410268183     0.214118478
     4.920000000    21.248368859    19.372278457     0.218380625
     4.930000000    22.389417049    19.333564433     0.222386045
     4.940000000    23.658813985    19.260585435     0.226150297
     4.950000000    25.054919997    19.112465869     0.229704759
     4.960000000    26.568969797    18.856732630     0.233090644
     4.970000000    28.187097892    18.469567305     0.236351092
     4.980000000    29.892765983    17.925729515     0.239523139
     4.990000000    31.668618074    17.209947838     0.242631524
     5.000000000    33.496787787    16.345193342     0.245685826
     5.010000000    35.357089353    15.389850539     0.248681617
     5.020000000    37.223283773    14.392140919     0.251605288
     5.030000000    39.058497749    13.344754079     0.254441285
     5.040000000    40.811549797    12.182516448     0.257179891
     5.050000000    42.416087733    10.819387139     0.259823484
     5.060000000    43.793905543     9.183990653     0.262389570
     5.070000000    44.862677840     7.239454848     0.264909670
     5.080000000    45.546964814     5.006355091     0.267424187
     5.090000000    45.790171775     2.576849448     0.269974384
     5.100000000    45.564622141     0.098675291     0.272593259
     5.110000000    44.877231525    -2.259071213     0.275297239
     5.120000000    43.769359359    -4.353698235     0.278080241
     5.130000000    42.310899938    -6.118876950     0.280910905
     5.140000000    40.590070059    -7.573959882     0.283733117
     5.150000000    38.701234747    -8.783082554     0.286469414
     5.160000000    36.733282495    -9.807457463     0.289026646
     5.170000000    34.760578695   -10.683009992     0.291303304
     5.180000000    32.837652433   -11.421016672     0.293197913
     5.190000000    30.997833144   -12.024368277     0.294617796
     5.200000000    29.255303773   -12.509687336     0.295487383
     5.210000000    27.609586676   -12.915839977     0.295755034
     5.220000000    26.051305694   -13.287263494     0.295397514
     5.230000000    24.568087964   -13.645641978     0.294421531
     5.240000000    23.149608320   -13.976690255     0.292862337
     5.250000000    21.791011224   -14.243894583     0.290779846
     5.260000000    20.494274056   -14.413222036     0.288252978
     5.270000000    19.267491404   -14.466415848     0.285372983
     5.280000000    18.122501663   -14.402990782     0.282236279
     5.290000000    17.071634989   -14.240661606     0.278937254
     5.300000000    16.124518862   -14.015850618     0.275561489
     5.310000000    15.285769721   -13.776714688     0.272180052
     5.320000000    14.554054711   -13.562580113     0.268845668
     5.330000000    13.922546153   -13.385084388     0.265591541
     5.340000000    13.380377242   -13.232295460     0.262433208
     5.350000000    12.914481911   -13.087506457     0.259373158
     5.360000000    12.511224301   -12.938821243     0.256407200
     5.370000000    12.157451784   -12.779956807     0.253531059
     5.380000000    11.840920940   -12.614918776     0.250745570
     5.390000000    11.550309485   -12.461287838     0.248059232
     5.400000000    11.275140144   -12.341416777     0.245487672
     5.410000000    11.005883585   -12.265867313     0.243050469
     5.420000000    10.734331272   -12.224870373     0.240766584
     5.430000000    10.454131930   -12.197172683     0.238650010
     5.440000000    10.161258626   -12.165558209     0.236707182
     5.450000000     9.854165769   -12.123288464     0.234937041
     5.460000000     9.533499432   -12.070817691     0.233333781
     5.470000000     9.201389472   -12.009594906     0.231891316
     5.480000000     8.860509954   -11.938417568     0.230607877
     5.490000000     8.513187270   -11.855133566     0.229488980
     5.500000000     8.160832282   -11.760937129     0.228547534
     5.510000000     7.803875578   -11.662072055     0.227800818
     5.520000000     7.442224403   -11.568152756     0.227265220
     5.530000000     7.076086044   -11.487018208     0.226950588
     5.540000000     6.706871545   -11.415349833     0.226856381
     5.550000000     6.337851203   -11.334214327     0.226971421
     5.560000000     5.974298993   -11.220935433     0.227277997
     5.570000000     5.623020200   -11.065939406     0.227759644
     5.580000000     5.291354645   -10.875131959     0.228410656
     5.590000000     4.985919161   -10.660935181     0.229244555
     5.600000000     4.711437052   -10.436219162     0.230298769
     5.610000000     4.469970924   -10.214056023     0.231633528
     5.620000000     4.260742657   -10.006626175     0.233324285
     5.630000000     4.080540932    -9.820390398     0.235448489
     5.640000000     3.924548102    -9.652321784     0.238068699
     5.650000000     3.787318564    -9.493217777     0.241214766
     5.660000000     3.663635048    -9.336001281     0.244867803
     5.670000000     3.549047194    -9.179860988     0.248948267
     5.680000000     3.440022830    -9.027438087     0.253309760
     5.690000000     3.333771400    -8.880270544     0.257739488
     5.700000000     3.227892609    -8.737190388     0.261965841
     5.710000000     3.120039662    -8.596358774     0.265673164
     5.720000000     3.007761897    -8.458403428     0.268523385
     5.730000000     2.888618517    -8.327171837     0.270183482
     5.740000000     2.760556408    -8.206981220     0.270356753
     5.750000000     2.622448963    -8.098346139     0.268814679
     5.760000000     2.474627348    -7.995310607     0.265425182
     5.770000000     2.319221041    -7.886861929     0.260172723
     5.780000000     2.160167083    -7.762002244     0.253166352
     5.790000000     2.002835755    -7.614571168     0.244633548
     5.800000000     1.853327163    -7.445108303     0.234900077
     5.810000000     1.717584689    -7.259877112     0.224358768
     5.820000000     1.600518948    -7.067625114     0.213432134
     5.830000000     1.505327323    -6.875878057     0.202534791
     5.840000000     1.433136325    -6.689334600     0.192041286
     5.850000000     1.383009047    -6.510518191     0.182263428
     5.860000000     1.352275436    -6.340807707     0.173438994
     5.870000000     1.337081269    -6.181246812     0.165731349
     5.880000000     1.333024135    -6.033144037     0.159237668
     5.890000000     1.335750772    -5.897347617     0.154002503
     5.900000000     1.341421326    -5.772169262     0.150033284
     5.910000000     1.346990484    -5.653228201     0.147315005
     5.920000000     1.350301616    -5.536669067     0.145822193
     5.930000000     1.350028346    -5.421448132     0.145527181
     5.940000000     1.345521820    -5.308288953     0.146404363
     5.950000000     1.336627678    -5.197975218     0.148430566
     5.960000000     1.323525138    -5.090672701     0.151582002
     5.970000000     1.306616754    -4.985969613     0.155828592
     5.980000000     1.286470063    -4.883181779     0.161126797
     5.990000000     1.263791124    -4.781233572     0.167412393
     6.000000000     1.239401990    -4.678348416     0.174594683
     6.010000000     1.214201232    -4.572537744     0.182553465
     6.020000000     1.189104343    -4.462746128     0.191139525
     6.030000000     1.164980501    -4.349502952     0.200178814
     6.040000000     1.142614381    -4.234541987     0.209479831
     6.050000000     1.122720351    -4.119698225     0.218843327
     6.060000000     1.106020913    -4.005804499     0.228073286
     6.070000000     1.093377286    -3.892359118     0.236988163
     6.080000000     1.085936437    -3.778002633     0.245431433
     6.090000000     1.085244996    -3.661269162     0.253280493
     6.100000000     1.093282368    -3.541117188     0.260452951
     6.110000000     1.112383688    -3.416993516     0.266909248
     6.120000000     1.145053471    -3.288759005     0.272650776
     6.130000000     1.193703687    -3.157030692     0.277713080
     6.140000000     1.260374873    -3.023740034     0.282154601
     6.150000000     1.346506115    -2.892115680     0.286042410
     6.160000000     1.452804218    -2.765995806     0.289437322
     6.170000000     1.579226509    -2.649134499     0.292381225
     6.180000000     1.725046343    -2.544854657     0.294889258
     6.190000000     1.888933669    -2.455666385     0.296948513
     6.200000000     2.068974342    -2.382218709     0.298523496
     6.210000000     2.262584299    -2.322289757     0.299567054
     6.220000000     2.466344983    -2.272093884     0.300034310
     6.230000000     2.675871875    -2.229836204     0.299896660
     6.240000000     2.885889276    -2.198111391     0.299153112
     6.250000000     3.090680323    -2.183855430     0.297837027
     6.260000000     3.284987315    -2.196750932     0.296017368
     6.270000000     3.465264438    -2.245346231     0.293794579
     6.280000000     3.630983863    -2.330522593     0.291292017
     6.290000000     3.785545889    -2.439540966     0.288644414
     6.300000000     3.936323100    -2.547202900     0.285985203
     6.310000000     4.093521146    -2.627248023     0.283434664
     6.320000000     4.267848506    -2.666540204     0.281090785
     6.330000000     4.467373497    -2.671509211     0.279024392
     6.340000000     4.694285578    -2.665002882     0.277279368
     6.350000000     4.942445287    -2.678736604     0.275877825
     6.360000000     5.196522802    -2.745607791     0.274828916
     6.370000000     5.433186692    -2.892801223     0.274139041
     6.380000000     5.624294034    -3.135535516     0.273820657
     6.390000000     5.741495109    -3.471950254     0.273897105
     6.400000000     5.761262667    -3.879595023     0.274401773
     6.410000000     5.669213427    -4.314419667     0.275371345
     6.420000000     5.462755824    -4.719033039     0.276834524
     6.430000000     5.151523664    -5.043933123     0.278798923
     6.440000000     4.755610560    -5.266362729     0.281239496
     6.450000000     4.302137705    -5.390764223     0.284091763
     6.460000000     3.821021398    -5.436176100     0.287252081
     6.470000000     3.340878654    -5.424386011     0.290585726
     6.480000000     2.885830745    -5.373776412     0.293941814
     6.490000000     2.473623345    -5.296985802     0.297172511
     6.500000000     2.115102911    -5.201514848     0.300152891
     6.510000000     1.814785875    -5.092159943     0.302797409
     6.520000000     1.572097498    -4.973176864     0.305069363
     6.530000000     1.382848577    -4.849429255     0.306981027
     6.540000000     1.240620616    -4.726134295     0.308584049
     6.550000000     1.137880706    -4.607470886     0.309952068
     6.560000000     1.066787538    -4.495641319     0.311159601
     6.570000000     1.019742107    -4.391516204     0.312262546
     6.580000000     0.989769995    -4.296150815     0.313285532
     6.590000000     0.970807242    -4.211263549     0.314219686
     6.600000000     0.957921539    -4.137893506     0.315031440
     6.610000000     0.947459299    -4.074769109     0.315679646
     6.620000000     0.937086042    -4.017985064     0.316135681
     6.630000000     0.925690925    -3.962214391     0.316400230
     6.640000000     0.913153061    -3.903106992     0.316511576
     6.650000000     0.900005028    -3.839518087     0.316543029
     6.660000000     0.887060919    -3.773774305     0.316590576
     6.670000000     0.875088378    -3.710069493     0.316754720
     6.680000000     0.864590315    -3.652116021     0.317121757
     6.690000000     0.855727375    -3.601024461     0.317749133
     6.700000000     0.848369429    -3.555002553     0.318657495
     6.710000000     0.842228865    -3.511370995     0.319829561
     6.720000000     0.837011383    -3.468577252     0.321213995
     6.730000000     0.832524740    -3.426377000     0.322731764
     6.740000000     0.828707883    -3.385128893     0.324282913
     6.750000000     0.825573045    -3.345364657     0.325752959
     6.760000000     0.823082127    -3.307408346     0.327019226
     6.770000000     0.820999089    -3.270969241     0.327957959
     6.780000000     0.818768480    -3.235463062     0.328452621
     6.790000000     0.815465507    -3.201141449     0.328402778
     6.800000000     0.809846362    -3.169832852     0.327731944
     6.810000000     0.800501736    -3.144133220     0.326392346
     6.820000000     0.786087317    -3.125338320     0.324365079
     6.830000000     0.765580406    -3.111818881     0.321655464
     6.840000000     0.738499819    -3.099395184     0.318285038
     6.850000000     0.705032361    -3.083547402     0.314282802
     6.860000000     0.666032884    -3.061511277     0.309678600
     6.870000000     0.622899388    -3.032715204     0.304500683
     6.880000000     0.577358368    -2.997984515     0.298777927
     6.890000000     0.531217331    -2.958666331     0.292545463
     6.900000000     0.486144185    -2.916171946     0.285851379
     6.910000000     0.443517409    -2.871799609     0.278761988
     6.920000000     0.404363628    -2.826533828     0.271363969
     6.930000000     0.369370849    -2.780716649     0.263762989
     6.940000000     0.338946272    -2.733970152     0.256079661
     6.950000000     0.313282468    -2.685669887     0.248444328
     6.960000000     0.292404681    -2.635563475     0.240992041
     6.970000000     0.276189435    -2.584024048     0.233858325
     6.980000000     0.264362727    -2.531942771     0.227175495
     6.990000000     0.256497564    -2.480473288     0.221068662
     7.000000000     0.252031402    -2.430716232     0.215650695
     7.010000000     0.250314789    -2.383426662     0.211015978
     7.020000000     0.250687364    -2.338892422     0.207233766
     7.030000000     0.252563012    -2.296873775     0.204342554
     7.040000000     0.255498384    -2.256465840     0.202347017
     7.050000000     0.259221623    -2.216283270     0.201218390
     7.060000000     0.263610354    -2.175193538     0.200898117
     7.070000000     0.268625453    -2.132937992     0.201303437
     7.080000000     0.274223281    -2.090078605     0.202333019
     7.090000000     0.280277717    -2.047607721     0.203870942
     7.100000000     0.286541045    -2.006642781     0.205788299
     7.110000000     0.292660031    -1.968091043     0.207943057
     7.120000000     0.298245028    -1.932181927     0.210179991
     7.130000000     0.302972266    -1.898181437     0.212332931
     7.140000000     0.306688992    -1.864633702     0.214231075
     7.150000000     0.309491319    -1.830012002     0.215709735
     7.160000000     0.311754967    -1.793272307     0.216624252
     7.170000000     0.314115225    -1.753994089     0.216864346
     7.180000000     0.317408372    -1.712260430     0.216365682
     7.190000000     0.322596735    -1.668554201     0.215115860
     7.200000000     0.330700856    -1.623645652     0.213153458
     7.210000000     0.342755617    -1.578306760     0.210560522
     7.220000000     0.359796519    -1.532960385     0.207450411
     7.230000000     0.382872507    -1.487545902     0.203953719
     7.240000000     0.413076283    -1.441730622     0.200204864
     7.250000000     0.451582416    -1.395306916     0.196331049
     7.260000000     0.499684754    -1.348560244     0.192444156
     7.270000000     0.558823310    -1.302507760     0.188635133
     7.280000000     0.630583717    -1.258827345     0.184970086
     7.290000000     0.716640693    -1.219399476     0.181487515
     7.300000000     0.818607123    -1.185787386     0.178196789
     7.310000000     0.937752234    -1.158859810     0.175078612
     7.320000000     1.074574661    -1.138528186     0.172088475
     7.330000000     1.228261042    -1.124306339     0.169163738
     7.340000000     1.396119424    -1.117307224     0.166234106
     7.350000000     1.573130260    -1.122097075     0.163234188
     7.360000000     1.751782312    -1.146399695     0.160115993
     7.370000000     1.922337135    -1.198869233     0.156858942
     7.380000000     2.073588691    -1.286230679     0.153475385
     7.390000000     2.194067993    -1.410370407     0.150010600
     7.400000000     2.273517657    -1.566144189     0.146537408
     7.410000000     2.304366687    -1.741842405     0.143146627
     7.420000000     2.282905155    -1.922572002     0.139935238
     7.430000000     2.209906305    -2.093031698     0.136994371
     7.440000000     2.090560179    -2.238397668     0.134398999
     7.450000000     1.933735747    -2.347668786     0.132200811
     7.460000000     1.750733905    -2.418272191     0.130425173
     7.470000000     1.553791242    -2.455275356     0.129072459
     7.480000000     1.354620856    -2.466554000     0.128123391
     7.490000000     1.163231838    -2.459067577     0.127547352
     7.500000000     0.987175144    -2.437678065     0.127311993
     7.510000000     0.831253417    -2.405818480     0.127392047
     7.520000000     0.697638013    -2.366538823     0.127775217
     7.530000000     0.586278372    -2.322813985     0.128463445
     7.540000000     0.495471418    -2.277287947     0.129468866
     7.550000000     0.422473074    -2.232121560     0.130804972
     7.560000000     0.364064883    -2.189008533     0.132474779
     7.570000000     0.317021977    -2.148971798     0.134458662
     7.580000000     0.278455934    -2.111926122     0.136704768
     7.590000000     0.246025512    -2.076552123     0.139124476
     7.600000000     0.218022284    -2.041022876     0.141594335
     7.610000000     0.193349375    -2.004172543     0.143964555
     7.620000000     0.171420813    -1.966007687     0.146072788
     7.630000000     0.152015059    -1.927288916     0.147760842
     7.640000000     0.135117051    -1.888872389     0.148891487
     7.650000000     0.120777682    -1.851349349     0.149362550
     7.660000000     0.109009401    -1.814974448     0.149116219
     7.670000000     0.099724705    -1.779736335     0.148142570
     7.680000000     0.092714235    -1.745535900     0.146477582
     7.690000000     0.087655349    -1.712367960     0.144196915
     7.700000000     0.084140645    -1.680364634     0.141407246
     7.710000000     0.081717501    -1.649736798     0.138236821
     7.720000000     0.079932041    -1.620714004     0.134826301
     7.730000000     0.078372377    -1.593448297     0.131320202
     7.740000000     0.076706308    -1.567828242     0.127858678
     7.750000000     0.074708431    -1.543347070     0.124569283
     7.760000000     0.072272322    -1.519271935     0.121558722
     7.770000000     0.069405503    -1.495053449     0.118905132
     7.780000000     0.066208314    -1.470566847     0.116651918
     7.790000000     0.062841268    -1.445998596     0.114804260
     7.800000000     0.059487819    -1.421602814     0.113329119
     7.810000000     0.056319826    -1.397550187     0.112159046
     7.820000000     0.053471361    -1.373879632     0.111199507
     7.830000000     0.051023786    -1.350517773     0.110339063
     7.840000000     0.049002132    -1.327385311     0.109461450
     7.850000000     0.047380727    -1.304513525     0.108458422
     7.860000000     0.046095049    -1.282042900     0.107242005
     7.870000000     0.045056620    -1.260116060     0.105754569
     7.880000000     0.044168235    -1.238769376     0.103975046
     7.890000000     0.043337414    -1.217899492     0.101919830
     7.900000000     0.042486590    -1.197323771     0.099637660
     7.910000000     0.041559273    -1.176881079     0.097198916
     7.920000000     0.040522086    -1.156503632     0.094681096
     7.930000000     0.039363239    -1.136229368     0.092153316
     7.940000000     0.038088450    -1.116130911     0.089663153
     7.950000000     0.036715496    -1.096206996     0.087228720
     7.960000000     0.035268514    -1.076360533     0.084837676
     7.970000000     0.033772906    -1.056487662     0.082453128
     7.980000000     0.032251494    -1.036544925     0.080024712
     7.990000000     0.030722323    -1.016541857     0.077501913
     8.000000000     0.029198312    -0.996526772     0.074846343
     8.010000000     0.027688589    -0.976565451     0.072040269
     8.020000000     0.026201001    -0.956683383     0.069089881
     8.030000000     0.024744863    -0.936821912     0.066023312
     8.040000000     0.023332898    -0.916871347     0.062884641
     8.050000000     0.021981473    -0.896742349     0.059725874
     8.060000000     0.020708863    -0.876398177     0.056598974
     8.070000000     0.019531963    -0.855848764     0.053549568
     8.080000000     0.018462502    -0.835137516     0.050613209
     8.090000000     0.017504091    -0.814319516     0.047814298
     8.100000000     0.016651107    -0.793431420     0.045167156
     8.110000000     0.015889865    -0.772473075     0.042678338
     8.120000000     0.015201670    -0.751408375     0.040349246
     8.130000000     0.014566810    -0.730175614     0.038178211
     8.140000000     0.013968264    -0.708710621     0.036161579
     8.150000000     0.013394140    -0.686971119     0.034293737
     8.160000000     0.012838358    -0.664933214     0.032566415
     8.170000000     0.012299726    -0.642569290     0.030967829
     8.180000000     0.011780105    -0.619838504     0.029482309
     8.190000000     0.011282577    -0.596699527     0.028090847
     8.200000000     0.010810474    -0.573129000     0.026772665
     8.210000000     0.010367723    -0.549123716     0.025507519
     8.220000000     0.009960403    -0.524675613     0.024278152
     8.230000000     0.009598864    -0.499736062     0.023072200
     8.240000000     0.009299408    -0.474208007     0.021883014
     8.250000000     0.009084443    -0.447979574     0.020709149
     8.260000000     0.008980369    -0.420961106     0.019552693
     8.270000000     0.009012998    -0.393093042     0.018416928
     8.280000000     0.009201086    -0.364333931     0.017304007
     8.290000000     0.009549179    -0.334646307     0.016213310
     8.300000000     0.010041478    -0.303988012     0.015140903
     8.310000000     0.010638470    -0.272308935     0.014080225
     8.320000000     0.011277721    -0.239547347     0.013023787
     8.330000000     0.011879494    -0.205621943     0.011965410
     8.340000000     0.012356795    -0.170425715     0.010902423
     8.350000000     0.012628476    -0.133817119     0.009837284
     8.360000000     0.012633316    -0.095591100     0.008778192
     8.370000000     0.012343173    -0.055443881     0.007738544
     8.380000000     0.011774544    -0.012975210     0.006735293
     8.390000000     0.011000689     0.032250231     0.005786547
     8.400000000     0.010170924     0.080617259     0.004908907
     8.410000000     0.009549750     0.132428481     0.004115111
     8.420000000     0.009595766     0.187953362     0.003412479
     8.430000000     0.011107537     0.247502065     0.002802456
     8.440000000     0.015467839     0.311473106     0.002281257
     8.450000000     0.025013982     0.380362443     0.001841344
     8.460000000     0.043542555     0.454738725     0.001473278
     8.470000000     0.076913922     0.535205607     0.001167469
     8.480000000     0.133650555     0.622366557     0.000915438
     8.490000000     0.225329921     0.716773845     0.000710421
     8.500000000     0.366480760     0.818823604     0.000547360
     8.510000000     0.573644980     0.928549862     0.000422466
     8.520000000     0.863322217     1.045242960     0.000332585
     8.530000000     1.248717463     1.166759357     0.000274584
     8.540000000     1.735570232     1.288293304     0.000244866
     8.550000000     2.317792604     1.400246789     0.000239079
     8.560000000     2.974041728     1.484728073     0.000252023
     8.570000000     3.666513139     1.510445474     0.000277748
     8.580000000     4.343003870     1.427329954     0.000309844
     8.590000000     4.942613130     1.167112828     0.000341889
     8.600000000     5.404453928     0.664571916     0.000368039
     8.610000000     5.677740215    -0.087530432     0.000383636
     8.620000000     5.730962558    -0.981021136     0.000385724
     8.630000000     5.557863937    -1.820135129     0.000373348
     8.640000000     5.178649314    -2.444646806     0.000347538
     8.650000000     4.636105720    -2.812063942     0.000310978
     8.660000000     3.987662439    -2.969153611     0.000267418
     8.670000000     3.295426796    -2.987379544     0.000220970
     8.680000000     2.616574909    -2.926190081     0.000175440
     8.690000000     1.996102772    -2.825097809     0.000133834
     8.700000000     1.463055646    -2.707529728     0.000098093
     8.710000000     1.030307857    -2.586418444     0.000069078
     8.720000000     0.697110140    -2.468468866     0.000046738
     8.730000000     0.453172982    -2.356868823     0.000030383
     8.740000000     0.283044577    -2.252883223     0.000018977
     8.750000000     0.169853261    -2.156758113     0.000011388
     8.760000000     0.097931219    -2.068223661     0.000006566
     8.770000000     0.054249614    -1.986770213     0.000003637
     8.780000000     0.028873562    -1.911797447     0.000001936
     8.790000000     0.014764961    -1.842692920     0.000000990
     8.800000000     0.007254249    -1.778871513     0.000000486
     8.810000000     0.003424371    -1.719793374     0.000000230
     8.820000000     0.001553093    -1.664970213     0.000000104
     8.830000000     0.000676772    -1.613965469     0.000000045
     8.840000000     0.000283345    -1.566391416     0.000000019
     8.850000000     0.000113977    -1.521904937     0.000000008
     8.860000000     0.000044050    -1.480202863     0.000000003
     8.870000000     0.000016357    -1.441017394     0.000000001
     8.880000000     0.000005836    -1.404111818     0.000000000
     8.890000000     0.000002000    -1.369276639     0.000000000
     8.900000000     0.000000659    -1.336326144     0.000000000
     8.910000000     0.000000208    -1.305095387     0.000000000
     8.920000000     0.000000063    -1.275437552     0.000000000
     8.930000000     0.000000019    -1.247221678     0.000000000
     8.940000000     0.000000005    -1.220330680     0.000000000
     8.950000000     0.000000001    -1.194659638     0.000000000
     8.960000000     0.000000000    -1.170114322     0.000000000
     8.970000000     0.000000000    -1.146609905     0.000000000
     8.980000000     0.000000000    -1.124069862     0.000000000
     8.990000000     0.000000000    -1.102425000     0.000000000
     9.000000000     0.000000000    -1.081612626     0.000000000
     9.010000000     0.000000000    -1.061575817     0.000000000
     9.020000000     0.000000000    -1.042262783     0.000000000
     9.030000000     0.000000000    -1.023626314     0.000000000
     9.040000000     0.000000000    -1.005623289     0.000000000
     9.050000000     0.000000000    -0.988214252     0.000000000
     9.060000000     0.000000000    -0.971363034     0.000000000
     9.070000000     0.000000000    -0.955036423     0.000000000
     9.080000000     0.000000000    -0.939203869     0.000000000
     9.090000000     0.000000000    -0.923837223     0.000000000
     9.100000000     0.000000000    -0.908910513     0.000000000
     9.110000000     0.000000000    -0.894399733     0.000000000
     9.120000000     0.000000000    -0.880282663     0.000000000
     9.130000000     0.000000000    -0.866538709     0.000000000
     9.140000000     0.000000000    -0.853148754     0.000000000
     9.150000000     0.000000000    -0.840095028     0.000000000
     9.160000000     0.000000000    -0.827360993     0.000000000
     9.170000000     0.000000000    -0.814931240     0.000000000
     9.180000000     0.000000000    -0.802791387     0.000000000
     9.190000000     0.000000000    -0.790928003     0.000000000
     9.200000000     0.000000000    -0.779328524     0.000000000
     9.210000000     0.000000000    -0.767981187     0.000000000
     9.220000000     0.000000000    -0.756874966     0.000000000
     9.230000000     0.000000000    -0.745999513     0.000000000
     9.240000000     0.000000000    -0.735345111     0.000000000
     9.250000000     0.000000000    -0.724902620     0.000000000
     9.260000000     0.000000000    -0.714663438     0.000000000
     9.270000000     0.000000000    -0.704619462     0.000000000
     9.280000000     0.000000000    -0.694763049     0.000000000
     9.290000000     0.000000000    -0.685086986     0.000000000
     9.300000000     0.000000000    -0.675584459     0.000000000
     9.310000000     0.000000000    -0.666249024     0.000000000
     9.320000000     0.000000000    -0.657074583     0.000000000
     9.330000000     0.000000000    -0.648055361     0.000000000
     9.340000000     0.000000000    -0.639185884     0.000000000
     9.350000000     0.000000000    -0.630460957     0.000000000
     9.360000000     0.000000000    -0.621875650     0.000000000
     9.370000000     0.000000000    -0.613425279     0.000000000
     9.380000000     0.000000000    -0.605105389     0.000000000
     9.390000000     0.000000000    -0.596911741     0.000000000
     9.400000000     0.000000000    -0.588840301     0.000000000
     9.410000000     0.000000000    -0.580887221     0.000000000
     9.420000000     0.000000000    -0.573048834     0.000000000
     9.430000000     0.000000000    -0.565321642     0.000000000
     9.440000000     0.000000000    -0.557702303     0.000000000
     9.450000000     0.000000000    -0.550187623     0.000000000
     9.460000000     0.000000000    -0.542774550     0.000000000
     9.470000000     0.000000000    -0.535460162     0.000000000
     9.480000000     0.000000001    -0.528241662     0.000000001
     9.490000000     0.000000003    -0.521116369     0.000000002
     9.500000000     0.000000007    -0.514081713     0.000000006
     9.510000000     0.000000017    -0.507135227     0.000000015
     9.520000000     0.000000041    -0.500274544     0.000000037
     9.530000000     0.000000095    -0.493497386     0.000000085
     9.540000000     0.000000212    -0.486801564     0.000000189
     9.550000000     0.000000455    -0.480184971     0.000000405
     9.560000000     0.000000935    -0.473645577     0.000000832
     9.570000000     0.000001846    -0.467181423     0.000001643
     9.580000000     0.000003503    -0.460790623     0.000003118
     9.590000000     0.000006387    -0.454471357     0.000005685
     9.600000000     0.000011190    -0.448221869     0.000009959
     9.610000000     0.000018835    -0.442040473     0.000016763
     9.620000000     0.000030459    -0.435925557     0.000027108
     9.630000000     0.000047326    -0.429875599     0.000042120
     9.640000000     0.000070650    -0.423889196     0.000062878
     9.650000000     0.000101334    -0.417965121     0.000090186
     9.660000000     0.000139645    -0.412102424     0.000124283
     9.670000000     0.000184895    -0.406300611     0.000164554
     9.680000000     0.000235208    -0.400559933     0.000209332
     9.690000000     0.000287479    -0.394881784     0.000255853
     9.700000000     0.000337590    -0.389269073     0.000300451
     9.710000000     0.000380892    -0.383725954     0.000338989
     9.720000000     0.000412896    -0.378255706     0.000367473
     9.730000000     0.000430040    -0.372856170     0.000382730
     9.740000000     0.000430333    -0.367516214     0.000382992
     9.750000000     0.000413742    -0.362219783     0.000368225
     9.760000000     0.000382192    -0.356955521     0.000340147
     9.770000000     0.000339205    -0.351721123     0.000301889
     9.780000000     0.000289249    -0.346519962     0.000257428
     9.790000000     0.000236979    -0.341356471     0.000210908
     9.800000000     0.000186541    -0.336233936     0.000166019
     9.810000000     0.000141081    -0.331154193     0.000125560
     9.820000000     0.000102516    -0.326117981     0.000091238
     9.830000000     0.000071572    -0.321125356     0.000063698
     9.840000000     0.000048009    -0.316175980     0.000042727
     9.850000000     0.000030940    -0.311269303     0.000027537
     9.860000000     0.000019158    -0.306404668     0.000017051
     9.870000000     0.000011398    -0.301581376     0.000010144
     9.880000000     0.000006515    -0.296798711     0.000005798
     9.890000000     0.000003578    -0.292055961     0.000003184
     9.900000000     0.000001888    -0.287352429     0.000001680
     9.910000000     0.000000957    -0.282687432     0.000000852
     9.920000000     0.000000466    -0.278060311     0.000000415
     9.930000000     0.000000218    -0.273470422     0.000000194
     9.940000000     0.000000098    -0.268917143     0.000000087
     9.950000000     0.000000042    -0.264399872     0.000000038
     9.960000000     0.000000018    -0.259918022     0.000000016
     9.970000000     0.000000007    -0.255471027     0.000000006
     9.980000000     0.000000003    -0.251058335     0.000000002
     9.990000000     0.000000001    -0.246679411     0.000000001
    10.000000000     0.000000000    -0.242333734     0.000000000
    10.010000000     0.000000000    -0.238020797     0.000000000
    10.020000000     0.000000000    -0.233740109     0.000000000
    10.030000000     0.000000000    -0.229491190     0.000000000
    10.040000000     0.000000000    -0.225273572     0.000000000
    10.050000000     0.000000000    -0.221086799     0.000000000
    10.060000000     0.000000000    -0.216930429     0.000000000
    10.070000000     0.000000000    -0.212804027     0.000000000
    10.080000000     0.000000000    -0.208707172     0.000000000
    10.090000000     0.000000000    -0.204639450     0.000000000
    10.100000000     0.000000000    -0.200600460     0.000000000
    10.110000000     0.000000000    -0.196589808     0.000000000
    10.120000000     0.000000000    -0.192607110     0.000000000
    10.130000000     0.000000000    -0.188651989     0.000000000
    10.140000000     0.000000000    -0.184724080     0.000000000
    10.150000000     0.000000000    -0.180823023     0.000000000
    10.160000000     0.000000000    -0.176948467     0.000000000
    10.170000000     0.000000000    -0.173100069     0.000000000
    10.180000000     0.000000000    -0.169277493     0.000000000
    10.190000000     0.000000000    -0.165480410     0.000000000
    10.200000000     0.000000000    -0.161708498     0.000000000
    10.210000000     0.000000000    -0.157961442     0.000000000
    10.220000000     0.000000000    -0.154238933     0.000000000
    10.230000000     0.000000000    -0.150540669     0.000000000
    10.240000000     0.000000000    -0.146866354     0.000000000
    10.250000000     0.000000000    -0.143215698     0.000000000
    10.260000000     0.000000000    -0.139588415     0.000000000
    10.270000000     0.000000000    -0.135984227     0.000000000
    10.280000000     0.000000000    -0.132402862     0.000000000
    10.290000000     0.000000000    -0.128844050     0.000000000
    10.300000000     0.000000000    -0.125307529     0.000000000
    10.310000000     0.000000000    -0.121793041     0.000000000
    10.320000000     0.000000000    -0.118300333     0.000000000
    10.330000000     0.000000000    -0.114829156     0.000000000
    10.340000000     0.000000000    -0.111379268     0.000000000
    10.350000000     0.000000000    -0.107950428     0.000000000
    10.360000000     0.000000000    -0.104542403     0.000000000
    10.370000000     0.000000000    -0.101154962     0.000000000
    10.380000000     0.000000000    -0.097787877     0.000000000
    10.390000000     0.000000000    -0.094440928     0.000000000
    10.400000000     0.000000000    -0.091113896     0.000000000
    10.410000000     0.000000000    -0.087806566     0.000000000
    10.420000000     0.000000000    -0.084518728     0.000000000
    10.430000000     0.000000000    -0.081250174     0.000000000
    10.440000000     0.000000000    -0.078000702     0.000000000
    10.450000000     0.000000000    -0.074770110     0.000000000
    10.460000000     0.000000000    -0.071558203     0.000000000
    10.470000000     0.000000000    -0.068364787     0.000000000
    10.480000000     0.000000000    -0.065189672     0.000000000
    10.490000000     0.000000000    -0.062032670     0.000000000
    10.500000000     0.000000000    -0.058893600     0.000000000
    10.510000000     0.000000000    -0.055772278     0.000000000
    10.520000000     0.000000000    -0.052668529     0.000000000
    10.530000000     0.000000000    -0.049582175     0.000000000
    10.540000000     0.000000000    -0.046513046     0.000000000
    10.550000000     0.000000000    -0.043460972     0.000000000
    10.560000000     0.000000000    -0.040425786     0.000000000
    10.570000000     0.000000000    -0.037407324     0.000000000
    10.580000000     0.000000000    -0.034405424     0.000000000
    10.590000000     0.000000000    -0.031419928     0.000000000
    10.600000000     0.000000000    -0.028450678     0.000000000
    10.610000000     0.000000000    -0.025497520     0.000000000
    10.620000000     0.000000000    -0.022560303     0.000000000
    10.630000000     0.000000000    -0.019638876     0.000000000
    10.640000000     0.000000000    -0.016733093     0.000000000
    10.650000000     0.000000000    -0.013842808     0.000000000
    10.660000000     0.000000000    -0.010967879     0.000000000
    10.670000000     0.000000000    -0.008108163     0.000000000
    10.680000000     0.000000000    -0.005263523     0.000000000
    10.690000000     0.000000000    -0.002433821     0.000000000
    10.700000000     0.000000000     0.000381077     0.000000000
    10.710000000     0.000000000     0.003181305     0.000000000
    10.720000000     0.000000000     0.005966992     0.000000000
    10.730000000     0.000000000     0.008738270     0.000000000
    10.740000000     0.000000000     0.011495264     0.000000000
    10.750000000     0.000000000     0.014238101     0.000000000
    10.760000000     0.000000000     0.016966905     0.000000000
    10.770000000     0.000000000     0.019681797     0.000000000
    10.780000000     0.000000000     0.022382898     0.000000000
    10.790000000     0.000000000     0.025070327     0.000000000
    10.800000000     0.000000000     0.027744201     0.000000000
    10.810000000     0.000000000     0.030404636     0.000000000
    10.820000000     0.000000000     0.033051745     0.000000000
    10.830000000     0.000000000     0.035685642     0.000000000
    10.840000000     0.000000000     0.038306437     0.000000000
    10.850000000     0.000000000     0.040914241     0.000000000
    10.860000000     0.000000000     0.043509160     0.000000000
    10.870000000     0.000000000     0.046091302     0.000000000
    10.880000000     0.000000000     0.048660773     0.000000000
    10.890000000     0.000000000     0.051217676     0.000000000
    10.900000000     0.000000000     0.053762114     0.000000000
    10.910000000     0.000000000     0.056294188     0.000000000
    10.920000000     0.000000000     0.058813998     0.000000000
    10.930000000     0.000000000     0.061321644     0.000000000
    10.940000000     0.000000000     0.063817222     0.000000000
    10.950000000     0.000000000     0.066300830     0.000000000
    10.960000000     0.000000000     0.068772562     0.000000000
    10.970000000     0.000000000     0.071232512     0.000000000
    10.980000000     0.000000000     0.073680774     0.000000000
    10.990000000     0.000000000     0.076117438     0.000000000
    11.000000000     0.000000000     0.078542596     0.000000000
