 # Column 1: omega
 # Column 2: eps2(omega)
 # Column 3: eps1(omega)
 # Column 4: JDOS(omega)
     0.000000000     0.000000000     2.136882095     0.000000000
     0.010000000     0.000000000     2.136891569     0.000000000
     0.020000000     0.000000000     2.136919991     0.000000000
     0.030000000     0.000000000     2.136967367     0.000000000
     0.040000000     0.000000000     2.137033709     0.000000000
     0.050000000     0.000000000     2.137119031     0.000000000
     0.060000000     0.000000000     2.137223352     0.000000000
     0.070000000     0.000000000     2.137346694     0.000000000
     0.080000000     0.000000000     2.137489085     0.000000000
     0.090000000     0.000000000     2.137650556     0.000000000
     0.100000000     0.000000000     2.137831143     0.000000000
     0.110000000     0.000000000     2.138030886     0.000000000
     0.120000000     0.000000000     2.138249830     0.000000000
     0.130000000     0.000000000     2.138488022     0.000000000
     0.140000000     0.000000000     2.138745516     0.000000000
     0.150000000     0.000000000     2.139022369     0.000000000
     0.160000000     0.000000000     2.139318644     0.000000000
     0.170000000     0.000000000     2.139634406     0.000000000
     0.180000000     0.000000000     2.139969727     0.000000000
     0.190000000     0.000000000     2.140324683     0.000000000
     0.200000000     0.000000000     2.140699353     0.000000000
     0.210000000     0.000000000     2.141093823     0.000000000
     0.220000000     0.000000000     2.141508184     0.000000000
     0.230000000     0.000000000     2.141942529     0.000000000
     0.240000000     0.000000000     2.142396958     0.000000000
     0.250000000     0.000000000     2.142871577     0.000000000
     0.260000000     0.000000000     2.143366495     0.000000000
     0.270000000     0.000000000     2.143881827     0.000000000
     0.280000000     0.000000000     2.144417694     0.000000000
     0.290000000     0.000000000     2.144974222     0.000000000
     0.300000000     0.000000000     2.145551542     0.000000000
     0.310000000     0.000000000     2.146149792     0.000000000
     0.320000000     0.000000000     2.146769113     0.000000000
     0.330000000     0.000000000     2.147409655     0.000000000
     0.340000000     0.000000000     2.148071572     0.000000000
     0.350000000     0.000000000     2.148755025     0.000000000
     0.360000000     0.000000000     2.149460181     0.000000000
     0.370000000     0.000000000     2.150187213     0.000000000
     0.380000000     0.000000000     2.150936301     0.000000000
     0.390000000     0.000000000     2.151707632     0.000000000
     0.400000000     0.000000000     2.152501400     0.000000000
     0.410000000     0.000000000     2.153317804     0.000000000
     0.420000000     0.000000000     2.154157053     0.000000000
     0.430000000     0.000000000     2.155019362     0.000000000
     0.440000000     0.000000000     2.155904954     0.000000000
     0.450000000     0.000000000     2.156814059     0.000000000
     0.460000000     0.000000000     2.157746917     0.000000000
     0.470000000     0.000000000     2.158703773     0.000000000
     0.480000000     0.000000000     2.159684885     0.000000000
     0.490000000     0.000000000     2.160690515     0.000000000
     0.500000000     0.000000000     2.161720938     0.000000000
     0.510000000     0.000000000     2.162776436     0.000000000
     0.520000000     0.000000000     2.163857301     0.000000000
     0.530000000     0.000000000     2.164963836     0.000000000
     0.540000000     0.000000000     2.166096352     0.000000000
     0.550000000     0.000000000     2.167255173     0.000000000
     0.560000000     0.000000000     2.168440632     0.000000000
     0.570000000     0.000000000     2.169653074     0.000000000
     0.580000000     0.000000000     2.170892856     0.000000000
     0.590000000     0.000000000     2.172160347     0.000000000
     0.600000000     0.000000000     2.173455927     0.000000000
     0.610000000     0.000000000     2.174779990     0.000000000
     0.620000000     0.000000000     2.176132943     0.000000000
     0.630000000     0.000000000     2.177515208     0.000000000
     0.640000000     0.000000000     2.178927219     0.000000000
     0.650000000     0.000000000     2.180369427     0.000000000
     0.660000000     0.000000000     2.181842296     0.000000000
     0.670000000     0.000000000     2.183346308     0.000000000
     0.680000000     0.000000000     2.184881961     0.000000000
     0.690000000     0.000000000     2.186449770     0.000000000
     0.700000000     0.000000000     2.188050267     0.000000000
     0.710000000     0.000000000     2.189684003     0.000000000
     0.720000000     0.000000000     2.191351550     0.000000000
     0.730000000     0.000000000     2.193053498     0.000000000
     0.740000000     0.000000000     2.194790457     0.000000000
     0.750000000     0.000000000     2.196563062     0.000000000
     0.760000000     0.000000000     2.198371967     0.000000000
     0.770000000     0.000000000     2.200217853     0.000000000
     0.780000000     0.000000000     2.202101423     0.000000000
     0.790000000     0.000000000     2.204023407     0.000000000
     0.800000000     0.000000000     2.205984560     0.000000000
     0.810000000     0.000000000     2.207985666     0.000000000
     0.820000000     0.000000000     2.210027540     0.000000000
     0.830000000     0.000000000     2.212111024     0.000000000
     0.840000000     0.000000000     2.214236995     0.000000000
     0.850000000     0.000000000     2.216406361     0.000000000
     0.860000000     0.000000000     2.218620065     0.000000000
     0.870000000     0.000000000     2.220879088     0.000000000
     0.880000000     0.000000000     2.223184449     0.000000000
     0.890000000     0.000000000     2.225537205     0.000000000
     0.900000000     0.000000000     2.227938458     0.000000000
     0.910000000     0.000000000     2.230389352     0.000000000
     0.920000000     0.000000000     2.232891078     0.000000000
     0.930000000     0.000000000     2.235444876     0.000000000
     0.940000000     0.000000000     2.238052036     0.000000000
     0.950000000     0.000000000     2.240713902     0.000000000
     0.960000000     0.000000000     2.243431875     0.000000000
     0.970000000     0.000000000     2.246207417     0.000000000
     0.980000000     0.000000000     2.249042049     0.000000000
     0.990000000     0.000000000     2.251937362     0.000000000
     1.000000000     0.000000000     2.254895014     0.000000000
     1.010000000     0.000000000     2.257916738     0.000000000
     1.020000000     0.000000000     2.261004344     0.000000000
     1.030000000     0.000000000     2.264159724     0.000000000
     1.040000000     0.000000000     2.267384857     0.000000000
     1.050000000     0.000000000     2.270681815     0.000000000
     1.060000000     0.000000000     2.274052766     0.000000000
     1.070000000     0.000000000     2.277499981     0.000000000
     1.080000000     0.000000000     2.281025842     0.000000000
     1.090000000     0.000000000     2.284632844     0.000000000
     1.100000000     0.000000000     2.288323608     0.000000000
     1.110000000     0.000000000     2.292100886     0.000000000
     1.120000000     0.000000000     2.295967567     0.000000000
     1.130000000     0.000000000     2.299926691     0.000000000
     1.140000000     0.000000000     2.303981454     0.000000000
     1.150000000     0.000000000     2.308135222     0.000000000
     1.160000000     0.000000000     2.312391540     0.000000000
     1.170000000     0.000000000     2.316754147     0.000000000
     1.180000000     0.000000000     2.321226986     0.000000000
     1.190000000     0.000000000     2.325814220     0.000000000
     1.200000000     0.000000000     2.330520248     0.000000000
     1.210000000     0.000000000     2.335349723     0.000000000
     1.220000000     0.000000000     2.340307567     0.000000000
     1.230000000     0.000000000     2.345398997     0.000000000
     1.240000000     0.000000000     2.350629541     0.000000000
     1.250000000     0.000000000     2.356005067     0.000000000
     1.260000000     0.000000000     2.361531806     0.000000000
     1.270000000     0.000000000     2.367216384     0.000000000
     1.280000000     0.000000000     2.373065851     0.000000000
     1.290000000     0.000000000     2.379087717     0.000000000
     1.300000000     0.000000000     2.385289993     0.000000000
     1.310000000     0.000000000     2.391681229     0.000000000
     1.320000000     0.000000000     2.398270564     0.000000000
     1.330000000     0.000000000     2.405067776     0.000000000
     1.340000000     0.000000000     2.412083339     0.000000000
     1.350000000     0.000000000     2.419328490     0.000000000
     1.360000000     0.000000000     2.426815294     0.000000000
     1.370000000     0.000000000     2.434556726     0.000000000
     1.380000000     0.000000000     2.442566761     0.000000000
     1.390000000     0.000000000     2.450860464     0.000000000
     1.400000000     0.000000000     2.459454108     0.000000000
     1.410000000     0.000000000     2.468365291     0.000000000
     1.420000000     0.000000001     2.477613074     0.000000001
     1.430000000     0.000000003     2.487218141     0.000000002
     1.440000000     0.000000007     2.497202969     0.000000005
     1.450000000     0.000000018     2.507592027     0.000000013
     1.460000000     0.000000044     2.518412001     0.000000031
     1.470000000     0.000000104     2.529692048     0.000000074
     1.480000000     0.000000236     2.541464082     0.000000166
     1.490000000     0.000000513     2.553763111     0.000000362
     1.500000000     0.000001076     2.566627603     0.000000757
     1.510000000     0.000002169     2.580099924     0.000001523
     1.520000000     0.000004209     2.594226829     0.000002948
     1.530000000     0.000007861     2.609060026     0.000005492
     1.540000000     0.000014136     2.624656825     0.000009844
     1.550000000     0.000024491     2.641080885     0.000016984
     1.560000000     0.000040909     2.658403069     0.000028211
     1.570000000     0.000065963     2.676702417     0.000045121
     1.580000000     0.000102899     2.696067267     0.000069507
     1.590000000     0.000155878     2.716596502     0.000103151
     1.600000000     0.000230809     2.738400950     0.000147509
     1.610000000     0.000337691     2.761604893     0.000203319
     1.620000000     0.000496301     2.786347658     0.000270182
     1.630000000     0.000748615     2.812785247     0.000346234
     1.640000000     0.001183621     2.841092052     0.000427985
     1.650000000     0.001983248     2.871463126     0.000510441
     1.660000000     0.003501394     2.904118144     0.000587552
     1.670000000     0.006390145     2.939308010     0.000652944
     1.680000000     0.011785568     2.977321007     0.000700866
     1.690000000     0.021556283     3.018480322     0.000727162
     1.700000000     0.038597231     3.063131667     0.000730109
     1.710000000     0.067116989     3.111629377     0.000710933
     1.720000000     0.112822695     3.164313068     0.000673919
     1.730000000     0.182864187     3.221448142     0.000626075
     1.740000000     0.285379227     3.283112030     0.000576431
     1.750000000     0.428511099     3.349002324     0.000535066
     1.760000000     0.618869284     3.418098022     0.000512048
     1.770000000     0.859574032     3.488050063     0.000516409
     1.780000000     1.148233776     3.554119020     0.000555310
     1.790000000     1.475382506     3.607437267     0.000633478
     1.800000000     1.823965806     3.632516118     0.000752991
     1.810000000     2.170338160     3.604758760     0.000913451
     1.820000000     2.486906245     3.491236399     0.001112549
     1.830000000     2.746091629     3.261934734     0.001346944
     1.840000000     2.924835307     2.916520134     0.001613378
     1.850000000     3.008596839     2.508751546     0.001909848
     1.860000000     2.993839180     2.127955210     0.002236688
     1.870000000     2.888355705     1.841651406     0.002597397
     1.880000000     2.709379763     1.664274423     0.002999106
     1.890000000     2.480020341     1.573163975     0.003452605
     1.900000000     2.224981979     1.534321907     0.003971890
     1.910000000     1.966622320     1.517182180     0.004573197
     1.920000000     1.722173274     1.502644772     0.005273504
     1.930000000     1.502516848     1.486692197     0.006088565
     1.940000000     1.312438247     1.475865356     0.007030601
     1.950000000     1.151932461     1.476088847     0.008105928
     1.960000000     1.017996565     1.485783473     0.009312874
     1.970000000     0.906388727     1.498944190     0.010640357
     1.980000000     0.813003662     1.511519618     0.012067393
     1.990000000     0.734712295     1.524100915     0.013563673
     2.000000000     0.669673247     1.540216861     0.015091157
     2.010000000     0.617217744     1.562828652     0.016606566
     2.020000000     0.577445670     1.592263548     0.018064617
     2.030000000     0.550672386     1.626774096     0.019421899
     2.040000000     0.536855372     1.663754126     0.020641272
     2.050000000     0.535116008     1.700034988     0.021696499
     2.060000000     0.543452782     1.731935159     0.022576578
     2.070000000     0.558711111     1.755826417     0.023288909
     2.080000000     0.576828355     1.768874348     0.023860278
     2.090000000     0.593315169     1.769239709     0.024334790
     2.100000000     0.603878589     1.756160724     0.024768427
     2.110000000     0.605054540     1.731590828     0.025220773
     2.120000000     0.594711268     1.702133047     0.025745315
     2.130000000     0.572315215     1.677037609     0.026380388
     2.140000000     0.538910163     1.662997310     0.027142899
     2.150000000     0.496831453     1.661470875     0.028026444
     2.160000000     0.449238240     1.670155970     0.029004355
     2.170000000     0.399579973     1.685606059     0.030036995
     2.180000000     0.351111084     1.705005979     0.031081591
     2.190000000     0.306535545     1.726929550     0.032102303
     2.200000000     0.267815305     1.751168266     0.033078343
     2.210000000     0.236131374     1.777881421     0.034008555
     2.220000000     0.211956790     1.806785615     0.034911827
     2.230000000     0.195191489     1.836932371     0.035823666
     2.240000000     0.185316487     1.866966434     0.036790053
     2.250000000     0.181540353     1.895581970     0.037860064
     2.260000000     0.182926124     1.921985483     0.039078785
     2.270000000     0.188496794     1.946142812     0.040481710
     2.280000000     0.197321421     1.968605973     0.042091289
     2.290000000     0.208584148     1.989965988     0.043915737
     2.300000000     0.221637755     2.010343727     0.045949703
     2.310000000     0.236043678     2.029403490     0.048176107
     2.320000000     0.251601789     2.046913434     0.050568392
     2.330000000     0.268374258     2.063246343     0.053092568
     2.340000000     0.286706859     2.079185904     0.055708737
     2.350000000     0.307246678     2.095262510     0.058372113
     2.360000000     0.330947475     2.111339846     0.061033807
     2.370000000     0.359044850     2.126753301     0.063641722
     2.380000000     0.392976832     2.140822861     0.066141871
     2.390000000     0.434226679     2.153394242     0.068480176
     2.400000000     0.484077554     2.165041838     0.070604615
     2.410000000     0.543293854     2.176518271     0.072467437
     2.420000000     0.611776108     2.187437102     0.074027188
     2.430000000     0.688264890     2.195297787     0.075250447
     2.440000000     0.770181194     2.195809199     0.076113411
     2.450000000     0.853676351     2.183952223     0.076603588
     2.460000000     0.933922716     2.155147223     0.076721765
     2.470000000     1.005616977     2.106724689     0.076484202
     2.480000000     1.063609746     2.039748285     0.075924549
     2.490000000     1.103538684     1.960263086     0.075094725
     2.500000000     1.122341315     1.877851781     0.074063894
     2.510000000     1.118558345     1.800892760     0.072914907
     2.520000000     1.092395434     1.732651614     0.071738150
     2.530000000     1.045569868     1.672157723     0.070623330
     2.540000000     0.981008747     1.617920999     0.069650344
     2.550000000     0.902477247     1.570357560     0.068880661
     2.560000000     0.814202043     1.531681140     0.068350641
     2.570000000     0.720528466     1.504421952     0.068067851
     2.580000000     0.625625282     1.490024016     0.068010881
     2.590000000     0.533237741     1.488104362     0.068132523
     2.600000000     0.446489310     1.496569770     0.068365642
     2.610000000     0.367739164     1.512512073     0.068630714
     2.620000000     0.298507893     1.533157696     0.068843903
     2.630000000     0.239481873     1.556335669     0.068924707
     2.640000000     0.190596721     1.580526736     0.068802400
     2.650000000     0.151186114     1.604751862     0.068420832
     2.660000000     0.120169848     1.628442279     0.067741341
     2.670000000     0.096249330     1.651317025     0.066743697
     2.680000000     0.078081080     1.673277130     0.065425124
     2.690000000     0.064407979     1.694332170     0.063797604
     2.700000000     0.054140180     1.714563794     0.061883866
     2.710000000     0.046388936     1.734079445     0.059712767
     2.720000000     0.040464496     1.752926805     0.057314901
     2.730000000     0.035852360     1.771050204     0.054719368
     2.740000000     0.032181183     1.788350746     0.051952369
     2.750000000     0.029191807     1.804795640     0.049037879
     2.760000000     0.026712013     1.820476991     0.046000072
     2.770000000     0.024637263     1.835559527     0.042866701
     2.780000000     0.022914966     1.850184869     0.039672290
     2.790000000     0.021529022     1.864450915     0.036460058
     2.800000000     0.020482488     1.878438794     0.033281800
     2.810000000     0.019778389     1.892196544     0.030195488
     2.820000000     0.019401053     1.905706585     0.027260985
     2.830000000     0.019301950     1.918890362     0.024534742
     2.840000000     0.019394104     1.931623078     0.022064603
     2.850000000     0.019557653     1.943739463     0.019885766
     2.860000000     0.019656271     1.955070405     0.018018607
     2.870000000     0.019561033     1.965551856     0.016468570
     2.880000000     0.019175813     1.975363898     0.015227796
     2.890000000     0.018457553     1.984934685     0.014277855
     2.900000000     0.017426010     1.994715382     0.013592793
     2.910000000     0.016160494     2.004929739     0.013141885
     2.920000000     0.014784737     2.015541162     0.012891715
     2.930000000     0.013444031     2.026385104     0.012807557
     2.940000000     0.012280307     2.037292009     0.012854245
     2.950000000     0.011410459     2.048138460     0.012996805
     2.960000000     0.010911439     2.058851668     0.013201091
     2.970000000     0.010813273     2.069399949     0.013434570
     2.980000000     0.011099163     2.079780585     0.013667239
     2.990000000     0.011710824     2.090000061     0.013872603
     3.000000000     0.012557215     2.100047797     0.014028567
     3.010000000     0.013525500     2.109881265     0.014118136
     3.020000000     0.014493778     2.119433474     0.014129819
     3.030000000     0.015345441     2.128644514     0.014057694
     3.040000000     0.015984737     2.137515231     0.013901160
     3.050000000     0.016352414     2.146149143     0.013664431
     3.060000000     0.016439603     2.154734062     0.013355922
     3.070000000     0.016297587     2.163459591     0.012987631
     3.080000000     0.016041093     2.172444895     0.012574638
     3.090000000     0.015843123     2.181740804     0.012134688
     3.100000000     0.015920078     2.191373914     0.011687762
     3.110000000     0.016506928     2.201358224     0.011255452
     3.120000000     0.017823590     2.211665090     0.010859986
     3.130000000     0.020035469     2.222206257     0.010522882
     3.140000000     0.023213343     2.232841806     0.010263347
     3.150000000     0.027299894     2.243384061     0.010096704
     3.160000000     0.032091417     2.253587265     0.010033165
     3.170000000     0.037242570     2.263135904     0.010077196
     3.180000000     0.042298762     2.271648065     0.010227623
     3.190000000     0.046755040     2.278714326     0.010478468
     3.200000000     0.050133351     2.284047664     0.010820427
     3.210000000     0.052063982     2.287837834     0.011242874
     3.220000000     0.052353989     2.291044777     0.011736182
     3.230000000     0.051027080     2.295037404     0.012294116
     3.240000000     0.048325615     2.300765161     0.012915886
     3.250000000     0.044674281     2.308403861     0.013607342
     3.260000000     0.040613930     2.317646178     0.014380829
     3.270000000     0.036720145     2.328074843     0.015253362
     3.280000000     0.033522876     2.339319348     0.016243231
     3.290000000     0.031440958     2.351074251     0.017365557
     3.300000000     0.030740011     2.363093055     0.018627771
     3.310000000     0.031516333     2.375174225     0.020026127
     3.320000000     0.033704497     2.387121818     0.021544192
     3.330000000     0.037103556     2.398698033     0.023153818
     3.340000000     0.041415636     2.409622955     0.024818498
     3.350000000     0.046290853     2.419665037     0.026498459
     3.360000000     0.051372989     2.428793333     0.028156501
     3.370000000     0.056341019     2.437228580     0.029763546
     3.380000000     0.060942313     2.445269712     0.031303033
     3.390000000     0.065014373     2.453127734     0.032773625
     3.400000000     0.068493366     2.461000439     0.034189991
     3.410000000     0.071409353     2.469118461     0.035581686
     3.420000000     0.073869794     2.477580138     0.036990290
     3.430000000     0.076034217     2.486310730     0.038465060
     3.440000000     0.078083923     2.495267666     0.040057521
     3.450000000     0.080191052     2.504556444     0.041815546
     3.460000000     0.082491387     2.514287878     0.043777635
     3.470000000     0.085064787     2.524383773     0.045968165
     3.480000000     0.087926048     2.534547282     0.048394261
     3.490000000     0.091027318     2.544406226     0.051044672
     3.500000000     0.094271104     2.553716937     0.053890701
     3.510000000     0.097531011     2.562520850     0.056888923
     3.520000000     0.100676025     2.571128349     0.059985263
     3.530000000     0.103593881     2.579879752     0.063120013
     3.540000000     0.106209798     2.588904184     0.066233416
     3.550000000     0.108498090     2.598114807     0.069271558
     3.560000000     0.110485638     2.607393516     0.072192168
     3.570000000     0.112247288     2.616750696     0.074969770
     3.580000000     0.113894198     2.626352484     0.077599361
     3.590000000     0.115556954     2.636449794     0.080097653
     3.600000000     0.117366251     2.647228193     0.082501133
     3.610000000     0.119434748     2.658653060     0.084860703
     3.620000000     0.121844129     2.670463053     0.087233544
     3.630000000     0.124640718     2.682314305     0.089673689
     3.640000000     0.127841166     2.693950284     0.092223449
     3.650000000     0.131447068     2.705302041     0.094907851
     3.660000000     0.135464647     2.716489491     0.097733668
     3.670000000     0.139923917     2.727756469     0.100693399
     3.680000000     0.144891551     2.739354235     0.103773158
     3.690000000     0.150473124     2.751386920     0.106962218
     3.700000000     0.156803014     2.763747727     0.110261397
     3.710000000     0.164023074     2.776230525     0.113687744
     3.720000000     0.172253638     2.788687977     0.117274033
     3.730000000     0.181561903     2.801061949     0.121063052
     3.740000000     0.191933196     2.813267596     0.125098150
     3.750000000     0.203250199     2.825085230     0.129412445
     3.760000000     0.215284094     2.836203315     0.134019367
     3.770000000     0.227700080     2.846328225     0.138906672
     3.780000000     0.240078171     2.855216812     0.144035043
     3.790000000     0.251948768     2.862711719     0.149341178
     3.800000000     0.262841387     2.868914448     0.154744283
     3.810000000     0.272343718     2.874310745     0.160154273
     3.820000000     0.280166356     2.879503027     0.165479893
     3.830000000     0.286205605     2.884738617     0.170635300
     3.840000000     0.290592821     2.889842708     0.175544199
     3.850000000     0.293715304     2.894705505     0.180141291
     3.860000000     0.296193204     2.899822799     0.184371427
     3.870000000     0.298801839     2.906331852     0.188187372
     3.880000000     0.302340377     2.915447508     0.191547399
     3.890000000     0.307464250     2.927670174     0.194413996
     3.900000000     0.314515027     2.942326604     0.196754685
     3.910000000     0.323391180     2.957711394     0.198545332
     3.920000000     0.333500329     2.971562797     0.199775475
     3.930000000     0.343816607     2.981619596     0.200454341
     3.940000000     0.353039310     2.986335362     0.200615657
     3.950000000     0.359819965     2.985704357     0.200319347
     3.960000000     0.363004565     2.981692873     0.199648827
     3.970000000     0.361833912     2.977706901     0.198703748
     3.980000000     0.356059128     2.977128181     0.197589295
     3.990000000     0.345956020     2.981700673     0.196404149
     4.000000000     0.332250728     2.990939403     0.195229626
     4.010000000     0.315989516     3.003028377     0.194122143
     4.020000000     0.298391551     3.016413880     0.193110230
     4.030000000     0.280715450     3.030951030     0.192196146
     4.040000000     0.264154539     3.047801767     0.191361142
     4.050000000     0.249760329     3.068154521     0.190572863
     4.060000000     0.238385262     3.092094124     0.189793376
     4.070000000     0.230636038     3.118674856     0.188986735
     4.080000000     0.226835294     3.146631707     0.188125532
     4.090000000     0.226996938     3.174816451     0.187196323
     4.100000000     0.230824565     3.202296165     0.186203927
     4.110000000     0.237741116     3.228403881     0.185174452
     4.120000000     0.246952075     3.252810168     0.184156661
     4.130000000     0.257536859     3.275531919     0.183221113
     4.140000000     0.268556367     3.296801851     0.182456657
     4.150000000     0.279160907     3.316849782     0.181964259
     4.160000000     0.288682356     3.335827345     0.181848748
     4.170000000     0.296697105     3.354057900     0.182209571
     4.180000000     0.303051263     3.372333408     0.183131995
     4.190000000     0.307845835     3.391705071     0.184680087
     4.200000000     0.311386297     3.412885470     0.186892400
     4.210000000     0.314106897     3.435997713     0.189780602
     4.220000000     0.316483948     3.460782461     0.193330582
     4.230000000     0.318953333     3.486803985     0.197504983
     4.240000000     0.321845139     3.513574330     0.202245861
     4.250000000     0.325343543     3.540710229     0.207476321
     4.260000000     0.329474309     3.568046993     0.213100447
     4.270000000     0.334117247     3.595630794     0.219001566
     4.280000000     0.339037892     3.623618971     0.225039583
     4.290000000     0.343931643     3.652163401     0.231048586
     4.300000000     0.348474017     3.681287321     0.236836081
     4.310000000     0.352371481     3.710803191     0.242185012
     4.320000000     0.355407966     3.740494290     0.246859290
     4.330000000     0.357482557     3.770576581     0.250613129
     4.340000000     0.358634650     3.801927584     0.253203999
     4.350000000     0.359054336     3.835612101     0.254408701
     4.360000000     0.359078003     3.872119073     0.254041652
     4.370000000     0.359171260     3.911198929     0.251973981
     4.380000000     0.359902557     3.952368141     0.248151507
     4.390000000     0.361910691     3.995377903     0.242609072
     4.400000000     0.365868153     4.040342738     0.235478537
     4.410000000     0.372440798     4.087649129     0.226987976
     4.420000000     0.382243507     4.137634024     0.217450624
     4.430000000     0.395791866     4.190221639     0.207243627
     4.440000000     0.413451257     4.244802694     0.196778493
     4.450000000     0.435386820     4.300310295     0.186466771
     4.460000000     0.461520392     4.355605568     0.176685489
     4.470000000     0.491503592     4.410191907     0.167747072
     4.480000000     0.524719245     4.464528413     0.159877656
     4.490000000     0.560324557     4.519298905     0.153206330
     4.500000000     0.597346253     4.574305321     0.147766044
     4.510000000     0.634827895     4.628274354     0.143505219
     4.520000000     0.672012756     4.679728328     0.140307631
     4.530000000     0.708526150     4.728155476     0.138017094
     4.540000000     0.744506773     4.774900087     0.136462947
     4.550000000     0.780636425     4.823313232     0.135482352
     4.560000000     0.818036915     4.877535179     0.134936119
     4.570000000     0.858040080     4.940150262     0.134716106
     4.580000000     0.901881139     5.010747555     0.134744170
     4.590000000     0.950400726     5.086500717     0.134964595
     4.600000000     1.003851322     5.163390599     0.135333501
     4.610000000     1.061881322     5.237258524     0.135809275
     4.620000000     1.123718909     5.305185747     0.136347353
     4.630000000     1.188514270     5.366725032     0.136900891
     4.640000000     1.255745034     5.424028457     0.137426647
     4.650000000     1.325566419     5.481404446     0.137893494
     4.660000000     1.399004506     5.544503456     0.138290178
     4.670000000     1.477943434     5.617843563     0.138629432
     4.680000000     1.564926754     5.701763749     0.138947037
     4.690000000     1.662854014     5.792383025     0.139296352
     4.700000000     1.774682273     5.885075835     0.139740322
     4.710000000     1.903226291     5.977291663     0.140343537
     4.720000000     2.051094665     6.067414288     0.141166430
     4.730000000     2.220723014     6.152182834     0.142262506
     4.740000000     2.414400605     6.227763569     0.143678057
     4.750000000     2.634164351     6.293891158     0.145452918
     4.760000000     2.881471196     6.355192532     0.147620583
     4.770000000     3.156651004     6.417176155     0.150206642
     4.780000000     3.458256607     6.480266261     0.153225555
     4.790000000     3.782519159     6.536816398     0.156676793
     4.800000000     4.123141336     6.572231203     0.160541909
     4.810000000     4.471596716     6.568692593     0.164783899
     4.820000000     4.817965235     6.512917513     0.169349397
     4.830000000     5.152169394     6.405903364     0.174173210
     4.840000000     5.465346005     6.264346635     0.179183869
     4.850000000     5.751043178     6.110496985     0.184308717
     4.860000000     6.005986799     5.960888782     0.189477474
     4.870000000     6.230289269     5.821361176     0.194624131
     4.880000000     6.427123173     5.688271825     0.199687883
     4.890000000     6.602000230     5.554956775     0.204614217
     4.900000000     6.761850266     5.418850728     0.209357014
     4.910000000     6.914087029     5.284143806     0.213881775
     4.920000000     7.065802671     5.158020093     0.218169134
     4.930000000     7.223180269     5.043210346     0.222217228
     4.940000000     7.391170665     4.934699796     0.226041504
     4.950000000     7.573443392     4.823513750     0.229671198
     4.960000000     7.772578188     4.702259329     0.233142812
     4.970000000     7.990405091     4.566266770     0.236491954
     4.980000000     8.228337458     4.411445225     0.239745555
     4.990000000     8.487502560     4.235590895     0.242916506
     5.000000000     8.768493637     4.043412384     0.246002184
     5.010000000     9.070665420     3.845439392     0.248987321
     5.020000000     9.391059877     3.647831417     0.251850560
     5.030000000     9.723231824     3.443562410     0.254573098
     5.040000000    10.056375255     3.214000098     0.257147241
     5.050000000    10.375166387     2.938106772     0.259582664
     5.060000000    10.660609178     2.599857095     0.261908707
     5.070000000    10.891916633     2.191337905     0.264171938
     5.080000000    11.049159395     1.716407084     0.266429400
     5.090000000    11.116160759     1.193049958     0.268738961
     5.100000000    11.083002653     0.650259657     0.271148818
     5.110000000    10.947574369     0.122640531     0.273688196
     5.120000000    10.715826588    -0.357030291     0.276360821
     5.130000000    10.400713527    -0.768743463     0.279141879
     5.140000000    10.020113989    -1.111204324     0.281978424
     5.150000000     9.594226522    -1.396026355     0.284792692
     5.160000000     9.142986530    -1.637217729     0.287487651
     5.170000000     8.683961467    -1.844222415     0.289954241
     5.180000000     8.230997009    -2.019787301     0.292079863
     5.190000000     7.793683260    -2.162759091     0.293757655
     5.200000000     7.377544544    -2.274096198     0.294895824
     5.210000000     6.984757643    -2.360828699     0.295426075
     5.220000000     6.615168496    -2.433545371     0.295310023
     5.230000000     6.267385708    -2.499769505     0.294542669
     5.240000000     5.939760052    -2.559985250     0.293152466
     5.250000000     5.631102915    -2.609040039     0.291197994
     5.260000000     5.341053969    -2.640422881     0.288761768
     5.270000000     5.070081001    -2.649831460     0.285941950
     5.280000000     4.819175525    -2.636842820     0.282842919
     5.290000000     4.589377687    -2.605219202     0.279565711
     5.300000000     4.381299234    -2.562389369     0.276199457
     5.310000000     4.194797682    -2.517702425     0.272814976
     5.320000000     4.028890159    -2.478768287     0.269461566
     5.330000000     3.881903929    -2.447935262     0.266167585
     5.340000000     3.751776717    -2.422494632     0.262944708
     5.350000000     3.636375684    -2.397938335     0.259794880
     5.360000000     3.533714719    -2.370292539     0.256718240
     5.370000000     3.442007959    -2.337023917     0.253720005
     5.380000000     3.359575877    -2.298643030     0.250814540
     5.390000000     3.284684800    -2.259871292     0.248025638
     5.400000000     3.215425046    -2.227699817     0.245383097
     5.410000000     3.149709408    -2.207159273     0.242916738
     5.420000000     3.085415396    -2.198204043     0.240649727
     5.430000000     3.020627885    -2.196276176     0.238593251
     5.440000000     2.953891317    -2.195756169     0.236744197
     5.450000000     2.884370412    -2.192902588     0.235086611
     5.460000000     2.811847659    -2.186734001     0.233596596
     5.470000000     2.736542634    -2.177982551     0.232249312
     5.480000000     2.658801900    -2.167066756     0.231026052
     5.490000000     2.578757583    -2.153406657     0.229919400
     5.500000000     2.496072010    -2.136775065     0.228935001
     5.510000000     2.409868242    -2.118885701     0.228089617
     5.520000000     2.318895498    -2.103651366     0.227406299
     5.530000000     2.221907598    -2.095374870     0.226908470
     5.540000000     2.118161752    -2.094785151     0.226615059
     5.550000000     2.007896700    -2.096164850     0.226538439
     5.560000000     1.892640981    -2.090118752     0.226685958
     5.570000000     1.775240074    -2.069209521     0.227064572
     5.580000000     1.659566149    -2.030336442     0.227686972
     5.590000000     1.549963806    -1.974316484     0.228577006
     5.600000000     1.450560583    -1.905262223     0.229772247
     5.610000000     1.364608087    -1.829375964     0.231322274
     5.620000000     1.294006939    -1.752907148     0.233282332
     5.630000000     1.239112217    -1.680593238     0.235703083
     5.640000000     1.198835564    -1.615424549     0.238617986
     5.650000000     1.170982090    -1.558864325     0.242030159
     5.660000000     1.152708030    -1.510496395     0.245900472
     5.670000000     1.140972092    -1.468103072     0.250138296
     5.680000000     1.132879357    -1.429180926     0.254596011
     5.690000000     1.125869045    -1.392284300     0.259068167
     5.700000000     1.117757131    -1.356915555     0.263296193
     5.710000000     1.106691522    -1.323055656     0.266979500
     5.720000000     1.091097039    -1.291407380     0.269793498
     5.730000000     1.069675428    -1.263735974     0.271414292
     5.740000000     1.041488849    -1.241908716     0.271548505
     5.750000000     1.006108852    -1.225690204     0.269965197
     5.760000000     0.963775042    -1.211421112     0.266525486
     5.770000000     0.915492537    -1.193425604     0.261204932
     5.780000000     0.863010281    -1.167082965     0.254104222
     5.790000000     0.808657498    -1.130715082     0.245445406
     5.800000000     0.755059386    -1.085476128     0.235553456
     5.810000000     0.704789532    -1.034222706     0.224825746
     5.820000000     0.660033647    -0.979950266     0.213694313
     5.830000000     0.622333477    -0.924569624     0.202587041
     5.840000000     0.592455725    -0.868934410     0.191893684
     5.850000000     0.570398332    -0.813793020     0.181941223
     5.860000000     0.555515874    -0.760277904     0.172980744
     5.870000000     0.546724330    -0.709501607     0.165185625
     5.880000000     0.542736302    -0.662190542     0.158658805
     5.890000000     0.542280165    -0.618538272     0.153445879
     5.900000000     0.544268060    -0.577700630     0.149550584
     5.910000000     0.547894340    -0.537777790     0.146949860
     5.920000000     0.552664114    -0.497155446     0.145606597
     5.930000000     0.558366442    -0.455662697     0.145479036
     5.940000000     0.565014945    -0.414272844     0.146526444
     5.950000000     0.572778203    -0.374233361     0.148711065
     5.960000000     0.581914476    -0.336379433     0.151996604
     5.970000000     0.592714285    -0.300673536     0.156343807
     5.980000000     0.605445952    -0.266150481     0.161704084
     5.990000000     0.620297899    -0.231437449     0.168012494
     6.000000000     0.637318192    -0.195706790     0.175181588
     6.010000000     0.656363054    -0.159369834     0.183097540
     6.020000000     0.677075399    -0.123985504     0.191619505
     6.030000000     0.698915716    -0.091580894     0.200582528
     6.040000000     0.721258355    -0.063692623     0.209803683
     6.050000000     0.743548561    -0.040462286     0.219090650
     6.060000000     0.765495806    -0.020417222     0.228251768
     6.070000000     0.787264296    -0.001282089     0.237106620
     6.080000000     0.809616847     0.018830641     0.245496328
     6.090000000     0.833974371     0.040885993     0.253292773
     6.100000000     0.862366699     0.065144094     0.260405871
     6.110000000     0.897266280     0.091471705     0.266787899
     6.120000000     0.941310435     0.119367189     0.272433786
     6.130000000     0.996929201     0.147832796     0.277376581
     6.140000000     1.065906439     0.175375887     0.281677932
     6.150000000     1.148914960     0.199993131     0.285414433
     6.160000000     1.245083693     0.218978205     0.288661852
     6.170000000     1.351673804     0.229039023     0.291480051
     6.180000000     1.463953648     0.226778802     0.293901673
     6.190000000     1.575358848     0.208832487     0.295927089
     6.200000000     1.677993962     0.171792382     0.297526802
     6.210000000     1.763473275     0.112860494     0.298650863
     6.220000000     1.824018221     0.031178090     0.299243317
     6.230000000     1.853647584    -0.070653155     0.299258648
     6.240000000     1.849240263    -0.184759155     0.298676891
     6.250000000     1.811243118    -0.297456128     0.297514497
     6.260000000     1.743849103    -0.392590897     0.295828960
     6.270000000     1.654574829    -0.457844835     0.293716450
     6.280000000     1.553294620    -0.489375837     0.291302950
     6.290000000     1.450902812    -0.491508069     0.288730568
     6.300000000     1.357845241    -0.472753786     0.286141543
     6.310000000     1.282768529    -0.441877173     0.283662959
     6.320000000     1.231487863    -0.406119152     0.281395082
     6.330000000     1.206393458    -0.371143081     0.279405606
     6.340000000     1.206331131    -0.341450127     0.277730777
     6.350000000     1.226924863    -0.320748894     0.276382869
     6.360000000     1.261266128    -0.312551812     0.275361869
     6.370000000     1.300870485    -0.320737027     0.274668160
     6.380000000     1.336785618    -0.348851669     0.274312688
     6.390000000     1.360720206    -0.397811919     0.274321682
     6.400000000     1.366052349    -0.463567438     0.274734432
     6.410000000     1.348580380    -0.536746534     0.275594458
     6.420000000     1.306908193    -0.605333490     0.276936159
     6.430000000     1.242414444    -0.659438881     0.278770308
     6.440000000     1.158830344    -0.694772411     0.281072107
     6.450000000     1.061524614    -0.712043642     0.283775060
     6.460000000     0.956645039    -0.713879580     0.286772598
     6.470000000     0.850279368    -0.702891216     0.289927772
     6.480000000     0.747772532    -0.681609098     0.293089572
     6.490000000     0.653283419    -0.652586885     0.296113046
     6.500000000     0.569601212    -0.618129014     0.298879474
     6.510000000     0.498186779    -0.580132076     0.301312680
     6.520000000     0.439370894    -0.540132864     0.303387993
     6.530000000     0.392631247    -0.499406634     0.305131661
     6.540000000     0.356880236    -0.458941949     0.306610292
     6.550000000     0.330717086    -0.419317117     0.307912187
     6.560000000     0.312622205    -0.380710829     0.309124494
     6.570000000     0.301092168    -0.343144516     0.310311611
     6.580000000     0.294726513    -0.306822732     0.311500360
     6.590000000     0.292281830    -0.272303956     0.312676042
     6.600000000     0.292706010    -0.240281244     0.313790606
     6.610000000     0.295159231    -0.211046386     0.314780722
     6.620000000     0.299021972    -0.184082346     0.315590467
     6.630000000     0.303887240    -0.158265872     0.316191961
     6.640000000     0.309535562    -0.132566071     0.316597901
     6.650000000     0.315896196    -0.106588448     0.316862598
     6.660000000     0.323003553    -0.080643915     0.317071739
     6.670000000     0.330960690    -0.055551532     0.317324421
     6.680000000     0.339919476    -0.032208424     0.317712884
     6.690000000     0.350079694    -0.010916377     0.318305292
     6.700000000     0.361699185     0.008871625     0.319135078
     6.710000000     0.375098205     0.027941940     0.320197790
     6.720000000     0.390637450     0.046646643     0.321454031
     6.730000000     0.408653399     0.064907999     0.322835845
     6.740000000     0.429347093     0.082524104     0.324254025
     6.750000000     0.452640686     0.099238198     0.325604880
     6.760000000     0.478035187     0.114649577     0.326776301
     6.770000000     0.504516085     0.128157515     0.327653818
     6.780000000     0.530554668     0.138772820     0.328127318
     6.790000000     0.554237633     0.144792647     0.328098403
     6.800000000     0.573527035     0.143941074     0.327487366
     6.810000000     0.586613452     0.134618052     0.326238200
     6.820000000     0.592289439     0.117925391     0.324320184
     6.830000000     0.590250956     0.098678189     0.321725534
     6.840000000     0.581240937     0.083578251     0.318463961
     6.850000000     0.566982534     0.077579902     0.314556077
     6.860000000     0.549901472     0.081852181     0.310028016
     6.870000000     0.532691928     0.094554123     0.304909136
     6.880000000     0.517821629     0.112638163     0.299233368
     6.890000000     0.507087527     0.133036771     0.293043364
     6.900000000     0.501319891     0.153038441     0.286395487
     6.910000000     0.500295368     0.170429807     0.279363472
     6.920000000     0.502869743     0.183728524     0.272039196
     6.930000000     0.507291640     0.192243049     0.264530221
     6.940000000     0.511620425     0.195711819     0.256954965
     6.950000000     0.514152390     0.194292833     0.249437086
     6.960000000     0.513761962     0.189703245     0.242100583
     6.970000000     0.510087970     0.185891443     0.235066434
     6.980000000     0.503533590     0.187150013     0.228450536
     6.990000000     0.495093621     0.195410102     0.222362020
     7.000000000     0.486063278     0.209760309     0.216900771
     7.010000000     0.477708347     0.227792141     0.212153553
     7.020000000     0.470980759     0.246835028     0.208188976
     7.030000000     0.466345881     0.264671545     0.205052408
     7.040000000     0.463754121     0.280135117     0.202762261
     7.050000000     0.462750248     0.293207470     0.201308703
     7.060000000     0.462680133     0.304339892     0.200654988
     7.070000000     0.462934945     0.314113408     0.200740535
     7.080000000     0.463170041     0.323690174     0.201484266
     7.090000000     0.463448155     0.334702594     0.202786806
     7.100000000     0.464278301     0.348259468     0.204530939
     7.110000000     0.466546724     0.364546219     0.206580953
     7.120000000     0.471358595     0.383389689     0.208782596
     7.130000000     0.479825522     0.404626612     0.210965787
     7.140000000     0.492842748     0.427779363     0.212951729
     7.150000000     0.510900895     0.451693455     0.214564768
     7.160000000     0.533970737     0.474652318     0.215647639
     7.170000000     0.561486701     0.494829744     0.216077273
     7.180000000     0.592436911     0.510793320     0.215777756
     7.190000000     0.625547221     0.521823259     0.214727420
     7.200000000     0.659526903     0.527905682     0.212958508
     7.210000000     0.693328611     0.529659970     0.210549678
     7.220000000     0.726368460     0.528491357     0.207613323
     7.230000000     0.758656196     0.526447995     0.204280597
     7.240000000     0.790800834     0.525349639     0.200687011
     7.250000000     0.823881821     0.526104438     0.196960534
     7.260000000     0.859205384     0.528921369     0.193212931
     7.270000000     0.897993832     0.533584118     0.189533929
     7.280000000     0.941075315     0.539138195     0.185987361
     7.290000000     0.988646831     0.543601911     0.182608624
     7.300000000     1.040170754     0.544207321     0.179403469
     7.310000000     1.094436166     0.537865592     0.176348828
     7.320000000     1.149776976     0.521968428     0.173396657
     7.330000000     1.204399539     0.495937903     0.170481425
     7.340000000     1.256744431     0.462172513     0.167530982
     7.350000000     1.305798552     0.424651917     0.164479419
     7.360000000     1.351286673     0.386566016     0.161279728
     7.370000000     1.393700773     0.349630502     0.157913769
     7.380000000     1.434160671     0.314673907     0.154397572
     7.390000000     1.474130181     0.281375766     0.150780994
     7.400000000     1.515033130     0.247587134     0.147141937
     7.410000000     1.557824005     0.210162200     0.143576439
     7.420000000     1.602573844     0.167335532     0.140186539
     7.430000000     1.648138395     0.120209052     0.137068020
     7.440000000     1.691981561     0.070861905     0.134299931
     7.450000000     1.730224583     0.018503154     0.131937345
     7.460000000     1.757968862    -0.042129766     0.130008290
     7.470000000     1.769891203    -0.118363402     0.128515179
     7.480000000     1.761040529    -0.214456293     0.127440377
     7.490000000     1.727694994    -0.326828306     0.126754855
     7.500000000     1.668095666    -0.443446167     0.126428139
     7.510000000     1.582880436    -0.548749522     0.126437344
     7.520000000     1.475104887    -0.631005479     0.126773006
     7.530000000     1.349838830    -0.686590283     0.127439984
     7.540000000     1.213434671    -0.718731515     0.128452726
     7.550000000     1.072640550    -0.733258915     0.129825631
     7.560000000     0.933753618    -0.735097168     0.131560481
     7.570000000     0.801974412    -0.727220516     0.133633867
     7.580000000     0.681050114    -0.711512937     0.135987669
     7.590000000     0.573211120    -0.689724724     0.138525095
     7.600000000     0.479338869    -0.663571655     0.141113597
     7.610000000     0.399268797    -0.634467572     0.143594535
     7.620000000     0.332131908    -0.603456197     0.145798067
     7.630000000     0.276662120    -0.571294174     0.147560712
     7.640000000     0.231430007    -0.538562839     0.148742610
     7.650000000     0.194994469    -0.505797821     0.149241678
     7.660000000     0.165984966    -0.473532234     0.149002649
     7.670000000     0.143136447    -0.442238817     0.148020099
     7.680000000     0.125299268    -0.412278170     0.146335817
     7.690000000     0.111440886    -0.383895074     0.144031869
     7.700000000     0.100648573    -0.357228168     0.141221169
     7.710000000     0.092135549    -0.332300798     0.138037295
     7.720000000     0.085248211    -0.308987950     0.134624682
     7.730000000     0.079470119    -0.287004817     0.131129614
     7.740000000     0.074418801    -0.265992900     0.127691839
     7.750000000     0.069833522    -0.245681555     0.124436494
     7.760000000     0.065554893    -0.225984411     0.121466330
     7.770000000     0.061499536    -0.206929420     0.118854685
     7.780000000     0.057634217    -0.188519110     0.116640100
     7.790000000     0.053953668    -0.170708449     0.114823589
     7.800000000     0.050464842    -0.153488201     0.113369241
     7.810000000     0.047178356    -0.136891510     0.112208403
     7.820000000     0.044105914    -0.120892757     0.111247093
     7.830000000     0.041261287    -0.105362575     0.110375947
     7.840000000     0.038662160    -0.090160398     0.109481791
     7.850000000     0.036330781    -0.075232774     0.108459785
     7.860000000     0.034292414    -0.060598114     0.107224955
     7.870000000     0.032571776    -0.046282191     0.105721706
     7.880000000     0.031188369    -0.032302432     0.103929808
     7.890000000     0.030151897    -0.018691126     0.101865489
     7.900000000     0.029458699    -0.005491409     0.099576840
     7.910000000     0.029089686     0.007284248     0.097133807
     7.920000000     0.029009763     0.019664917     0.094614234
     7.930000000     0.029168460     0.031668437     0.092088607
     7.940000000     0.029501475     0.043260034     0.089606672
     7.950000000     0.029933023     0.054392128     0.087188913
     7.960000000     0.030379094     0.065073256     0.084824801
     7.970000000     0.030751902     0.075359210     0.082478075
     7.980000000     0.030965696     0.085283437     0.080097563
     7.990000000     0.030943817     0.094846356     0.077630707
     8.000000000     0.030626391     0.104064662     0.075036406
     8.010000000     0.029977528     0.112995473     0.072294207
     8.020000000     0.028990629     0.121732344     0.069408089
     8.030000000     0.027690397     0.130401318     0.066404613
     8.040000000     0.026130687     0.139141476     0.063326676
     8.050000000     0.024388128     0.148057791     0.060224990
     8.060000000     0.022552457     0.157181401     0.057149616
     8.070000000     0.020715273     0.166472897     0.054143423
     8.080000000     0.018959283     0.175855942     0.051238507
     8.090000000     0.017349911     0.185251980     0.048455674
     8.100000000     0.015930472     0.194609234     0.045806299
     8.110000000     0.014721167     0.203917031     0.043295464
     8.120000000     0.013721346     0.213183761     0.040925149
     8.130000000     0.012913892     0.222402979     0.038696525
     8.140000000     0.012270444     0.231554978     0.036610806
     8.150000000     0.011756396     0.240632816     0.034668653
     8.160000000     0.011335022     0.249651981     0.032868585
     8.170000000     0.010970557     0.258635569     0.031205166
     8.180000000     0.010630397     0.267600060     0.029667758
     8.190000000     0.010286715     0.276551170     0.028240462
     8.200000000     0.009917763     0.285487261     0.026903433
     8.210000000     0.009508923     0.294416878     0.025635302
     8.220000000     0.009053421     0.303375080     0.024416087
     8.230000000     0.008552454     0.312416463     0.023229760
     8.240000000     0.008014508     0.321592375     0.022065789
     8.250000000     0.007453802     0.330933393     0.020919248
     8.260000000     0.006887978     0.340450044     0.019789559
     8.270000000     0.006335372     0.350146220     0.018678305
     8.280000000     0.005812325     0.360029908     0.017586823
     8.290000000     0.005330997     0.370114444     0.016514288
     8.300000000     0.004898006     0.380412859     0.015456843
     8.310000000     0.004514068     0.390936013     0.014407975
     8.320000000     0.004174597     0.401700575     0.013360001
     8.330000000     0.003871072     0.412736366     0.012306247
     8.340000000     0.003592891     0.424082974     0.011243327
     8.350000000     0.003329430     0.435782649     0.010172953
     8.360000000     0.003072040     0.447879124     0.009102803
     8.370000000     0.002815917     0.460421912     0.008046205
     8.380000000     0.002562047     0.473474474     0.007020655
     8.390000000     0.002319963     0.487119111     0.006045438
     8.400000000     0.002112857     0.501446990     0.005138844
     8.410000000     0.001987841     0.516543179     0.004315548
     8.420000000     0.002035726     0.532486159     0.003584735
     8.430000000     0.002426463     0.549359650     0.002949314
     8.440000000     0.003467646     0.567264505     0.002406347
     8.450000000     0.005693094     0.586325193     0.001948446
     8.460000000     0.009984487     0.606688000     0.001565728
     8.470000000     0.017719440     0.628510699     0.001247779
     8.480000000     0.030922650     0.651949882     0.000985188
     8.490000000     0.052374074     0.677148161     0.000770396
     8.500000000     0.085604540     0.704212124     0.000597843
     8.510000000     0.134695152     0.733166981     0.000463571
     8.520000000     0.203806072     0.763869763     0.000364543
     8.530000000     0.296405322     0.795850852     0.000297919
     8.540000000     0.414252577     0.828031025     0.000260456
     8.550000000     0.556303371     0.858228491     0.000248121
     8.560000000     0.717802852     0.882340370     0.000255938
     8.570000000     0.889889411     0.893120556     0.000278063
     8.580000000     1.059984738     0.878795330     0.000308063
     8.590000000     1.213091693     0.822829652     0.000339386
     8.600000000     1.333880645     0.708224539     0.000365954
     8.610000000     1.409188485     0.530107431     0.000382798
     8.620000000     1.430374299     0.311132031     0.000386613
     8.630000000     1.394950092     0.098619660     0.000376090
     8.640000000     1.307061229    -0.064379319     0.000351948
     8.650000000     1.176688343    -0.163072479     0.000316641
     8.660000000     1.017783037    -0.207025718     0.000273793
     8.670000000     0.845818529    -0.213955704     0.000227496
     8.680000000     0.675347672    -0.199336847     0.000181631
     8.690000000     0.518090755    -0.173686605     0.000139332
     8.700000000     0.381867325    -0.143318507     0.000102695
     8.710000000     0.270425336    -0.111748492     0.000072724
     8.720000000     0.183996888    -0.080816300     0.000049481
     8.730000000     0.120282320    -0.051409880     0.000032347
     8.740000000     0.075547716    -0.023894639     0.000020316
     8.750000000     0.045589948     0.001642224     0.000012260
     8.760000000     0.026432916     0.025255487     0.000007108
     8.770000000     0.014724796     0.047066999     0.000003960
     8.780000000     0.007881007     0.067225103     0.000002119
     8.790000000     0.004052680     0.085883173     0.000001090
     8.800000000     0.002002310     0.103188735     0.000000538
     8.810000000     0.000950492     0.119278430     0.000000256
     8.820000000     0.000433505     0.134276136     0.000000117
     8.830000000     0.000189962     0.148292774     0.000000051
     8.840000000     0.000079978     0.161426949     0.000000022
     8.850000000     0.000032352     0.173765982     0.000000009
     8.860000000     0.000012574     0.185387060     0.000000003
     8.870000000     0.000004695     0.196358390     0.000000001
     8.880000000     0.000001684     0.206740274     0.000000000
     8.890000000     0.000000581     0.216586096     0.000000000
     8.900000000     0.000000192     0.225943188     0.000000000
     8.910000000     0.000000061     0.234853599     0.000000000
     8.920000000     0.000000019     0.243354766     0.000000000
     8.930000000     0.000000005     0.251480090     0.000000000
     8.940000000     0.000000002     0.259259443     0.000000000
     8.950000000     0.000000000     0.266719601     0.000000000
     8.960000000     0.000000000     0.273884624     0.000000000
     8.970000000     0.000000000     0.280776175     0.000000000
     8.980000000     0.000000000     0.287413809     0.000000000
     8.990000000     0.000000000     0.293815216     0.000000000
     9.000000000     0.000000000     0.299996432     0.000000000
     9.010000000     0.000000000     0.305972026     0.000000000
     9.020000000     0.000000000     0.311755262     0.000000000
     9.030000000     0.000000000     0.317358239     0.000000000
     9.040000000     0.000000000     0.322792016     0.000000000
     9.050000000     0.000000000     0.328066721     0.000000000
     9.060000000     0.000000000     0.333191645     0.000000000
     9.070000000     0.000000000     0.338175326     0.000000000
     9.080000000     0.000000000     0.343025627     0.000000000
     9.090000000     0.000000000     0.347749798     0.000000000
     9.100000000     0.000000000     0.352354537     0.000000000
     9.110000000     0.000000000     0.356846040     0.000000000
     9.120000000     0.000000000     0.361230049     0.000000000
     9.130000000     0.000000000     0.365511891     0.000000000
     9.140000000     0.000000000     0.369696519     0.000000000
     9.150000000     0.000000000     0.373788540     0.000000000
     9.160000000     0.000000000     0.377792249     0.000000000
     9.170000000     0.000000000     0.381711653     0.000000000
     9.180000000     0.000000000     0.385550494     0.000000000
     9.190000000     0.000000000     0.389312276     0.000000000
     9.200000000     0.000000000     0.393000279     0.000000000
     9.210000000     0.000000000     0.396617578     0.000000000
     9.220000000     0.000000000     0.400167061     0.000000000
     9.230000000     0.000000000     0.403651441     0.000000000
     9.240000000     0.000000000     0.407073272     0.000000000
     9.250000000     0.000000000     0.410434958     0.000000000
     9.260000000     0.000000000     0.413738766     0.000000000
     9.270000000     0.000000000     0.416986836     0.000000000
     9.280000000     0.000000000     0.420181188     0.000000000
     9.290000000     0.000000000     0.423323733     0.000000000
     9.300000000     0.000000000     0.426416281     0.000000000
     9.310000000     0.000000000     0.429460543     0.000000000
     9.320000000     0.000000000     0.432458144     0.000000000
     9.330000000     0.000000000     0.435410626     0.000000000
     9.340000000     0.000000000     0.438319452     0.000000000
     9.350000000     0.000000000     0.441186013     0.000000000
     9.360000000     0.000000000     0.444011634     0.000000000
     9.370000000     0.000000000     0.446797573     0.000000000
     9.380000000     0.000000000     0.449545031     0.000000000
     9.390000000     0.000000000     0.452255154     0.000000000
     9.400000000     0.000000000     0.454929033     0.000000000
     9.410000000     0.000000000     0.457567711     0.000000000
     9.420000000     0.000000000     0.460172184     0.000000000
     9.430000000     0.000000000     0.462743407     0.000000000
     9.440000000     0.000000000     0.465282291     0.000000000
     9.450000000     0.000000000     0.467789710     0.000000000
     9.460000000     0.000000000     0.470266502     0.000000000
     9.470000000     0.000000000     0.472713468     0.000000000
     9.480000000     0.000000000     0.475131381     0.000000001
     9.490000000     0.000000001     0.477520981     0.000000002
     9.500000000     0.000000002     0.479882979     0.000000004
     9.510000000     0.000000005     0.482218061     0.000000011
     9.520000000     0.000000012     0.484526886     0.000000027
     9.530000000     0.000000029     0.486810090     0.000000063
     9.540000000     0.000000065     0.489068285     0.000000142
     9.550000000     0.000000141     0.491302064     0.000000308
     9.560000000     0.000000295     0.493512000     0.000000643
     9.570000000     0.000000591     0.495698645     0.000001289
     9.580000000     0.000001137     0.497862536     0.000002481
     9.590000000     0.000002104     0.500004190     0.000004591
     9.600000000     0.000003739     0.502124108     0.000008160
     9.610000000     0.000006386     0.504222776     0.000013937
     9.620000000     0.000010479     0.506300654     0.000022868
     9.630000000     0.000016521     0.508358182     0.000036052
     9.640000000     0.000025024     0.510395762     0.000054608
     9.650000000     0.000036418     0.512413743     0.000079472
     9.660000000     0.000050921     0.514412386     0.000111121
     9.670000000     0.000068408     0.516391802     0.000149283
     9.680000000     0.000088298     0.518351856     0.000192687
     9.690000000     0.000109501     0.520292016     0.000238958
     9.700000000     0.000130472     0.522211180     0.000284720
     9.710000000     0.000149363     0.524107649     0.000325945
     9.720000000     0.000164285     0.525979648     0.000358508
     9.730000000     0.000173612     0.527826873     0.000378862
     9.740000000     0.000176275     0.529652392     0.000384672
     9.750000000     0.000171960     0.531462321     0.000375258
     9.760000000     0.000161174     0.533262272     0.000351720
     9.770000000     0.000145141     0.535054374     0.000316732
     9.780000000     0.000125578     0.536837737     0.000274041
     9.790000000     0.000104391     0.538610441     0.000227807
     9.800000000     0.000083377     0.540370832     0.000181948
     9.810000000     0.000063981     0.542117859     0.000139622
     9.820000000     0.000047173     0.543850983     0.000102942
     9.830000000     0.000033416     0.545570006     0.000072921
     9.840000000     0.000022743     0.547274930     0.000049630
     9.850000000     0.000014872     0.548965867     0.000032454
     9.860000000     0.000009344     0.550642992     0.000020390
     9.870000000     0.000005640     0.552306505     0.000012308
     9.880000000     0.000003271     0.553956619     0.000007138
     9.890000000     0.000001823     0.555593552     0.000003978
     9.900000000     0.000000976     0.557217519     0.000002130
     9.910000000     0.000000502     0.558828729     0.000001095
     9.920000000     0.000000248     0.560427389     0.000000541
     9.930000000     0.000000118     0.562013697     0.000000257
     9.940000000     0.000000054     0.563587847     0.000000117
     9.950000000     0.000000024     0.565150027     0.000000051
     9.960000000     0.000000010     0.566700418     0.000000022
     9.970000000     0.000000004     0.568239198     0.000000009
     9.980000000     0.000000002     0.569766536     0.000000003
     9.990000000     0.000000001     0.571282601     0.000000001
    10.000000000     0.000000000     0.572787554     0.000000000
    10.010000000     0.000000000     0.574281553     0.000000000
    10.020000000     0.000000000     0.575764752     0.000000000
    10.030000000     0.000000000     0.577237300     0.000000000
    10.040000000     0.000000000     0.578699343     0.000000000
    10.050000000     0.000000000     0.580151023     0.000000000
    10.060000000     0.000000000     0.581592481     0.000000000
    10.070000000     0.000000000     0.583023850     0.000000000
    10.080000000     0.000000000     0.584445265     0.000000000
    10.090000000     0.000000000     0.585856854     0.000000000
    10.100000000     0.000000000     0.587258744     0.000000000
    10.110000000     0.000000000     0.588651059     0.000000000
    10.120000000     0.000000000     0.590033921     0.000000000
    10.130000000     0.000000000     0.591407447     0.000000000
    10.140000000     0.000000000     0.592771755     0.000000000
    10.150000000     0.000000000     0.594126957     0.000000000
    10.160000000     0.000000000     0.595473165     0.000000000
    10.170000000     0.000000000     0.596810489     0.000000000
    10.180000000     0.000000000     0.598139034     0.000000000
    10.190000000     0.000000000     0.599458907     0.000000000
    10.200000000     0.000000000     0.600770209     0.000000000
    10.210000000     0.000000000     0.602073041     0.000000000
    10.220000000     0.000000000     0.603367502     0.000000000
    10.230000000     0.000000000     0.604653690     0.000000000
    10.240000000     0.000000000     0.605931698     0.000000000
    10.250000000     0.000000000     0.607201620     0.000000000
    10.260000000     0.000000000     0.608463548     0.000000000
    10.270000000     0.000000000     0.609717572     0.000000000
    10.280000000     0.000000000     0.610963779     0.000000000
    10.290000000     0.000000000     0.612202257     0.000000000
    10.300000000     0.000000000     0.613433090     0.000000000
    10.310000000     0.000000000     0.614656362     0.000000000
    10.320000000     0.000000000     0.615872156     0.000000000
    10.330000000     0.000000000     0.617080551     0.000000000
    10.340000000     0.000000000     0.618281627     0.000000000
    10.350000000     0.000000000     0.619475462     0.000000000
    10.360000000     0.000000000     0.620662132     0.000000000
    10.370000000     0.000000000     0.621841714     0.000000000
    10.380000000     0.000000000     0.623014280     0.000000000
    10.390000000     0.000000000     0.624179903     0.000000000
    10.400000000     0.000000000     0.625338655     0.000000000
    10.410000000     0.000000000     0.626490607     0.000000000
    10.420000000     0.000000000     0.627635828     0.000000000
    10.430000000     0.000000000     0.628774385     0.000000000
    10.440000000     0.000000000     0.629906347     0.000000000
    10.450000000     0.000000000     0.631031778     0.000000000
    10.460000000     0.000000000     0.632150743     0.000000000
    10.470000000     0.000000000     0.633263308     0.000000000
    10.480000000     0.000000000     0.634369533     0.000000000
    10.490000000     0.000000000     0.635469483     0.000000000
    10.500000000     0.000000000     0.636563216     0.000000000
    10.510000000     0.000000000     0.637650794     0.000000000
    10.520000000     0.000000000     0.638732276     0.000000000
    10.530000000     0.000000000     0.639807719     0.000000000
    10.540000000     0.000000000     0.640877182     0.000000000
    10.550000000     0.000000000     0.641940720     0.000000000
    10.560000000     0.000000000     0.642998390     0.000000000
    10.570000000     0.000000000     0.644050245     0.000000000
    10.580000000     0.000000000     0.645096341     0.000000000
    10.590000000     0.000000000     0.646136731     0.000000000
    10.600000000     0.000000000     0.647171466     0.000000000
    10.610000000     0.000000000     0.648200599     0.000000000
    10.620000000     0.000000000     0.649224181     0.000000000
    10.630000000     0.000000000     0.650242262     0.000000000
    10.640000000     0.000000000     0.651254891     0.000000000
    10.650000000     0.000000000     0.652262118     0.000000000
    10.660000000     0.000000000     0.653263991     0.000000000
    10.670000000     0.000000000     0.654260557     0.000000000
    10.680000000     0.000000000     0.655251863     0.000000000
    10.690000000     0.000000000     0.656237955     0.000000000
    10.700000000     0.000000000     0.657218879     0.000000000
    10.710000000     0.000000000     0.658194681     0.000000000
    10.720000000     0.000000000     0.659165403     0.000000000
    10.730000000     0.000000000     0.660131091     0.000000000
    10.740000000     0.000000000     0.661091787     0.000000000
    10.750000000     0.000000000     0.662047534     0.000000000
    10.760000000     0.000000000     0.662998375     0.000000000
    10.770000000     0.000000000     0.663944350     0.000000000
    10.780000000     0.000000000     0.664885500     0.000000000
    10.790000000     0.000000000     0.665821867     0.000000000
    10.800000000     0.000000000     0.666753490     0.000000000
    10.810000000     0.000000000     0.667680409     0.000000000
    10.820000000     0.000000000     0.668602662     0.000000000
    10.830000000     0.000000000     0.669520288     0.000000000
    10.840000000     0.000000000     0.670433325     0.000000000
    10.850000000     0.000000000     0.671341810     0.000000000
    10.860000000     0.000000000     0.672245781     0.000000000
    10.870000000     0.000000000     0.673145274     0.000000000
    10.880000000     0.000000000     0.674040325     0.000000000
    10.890000000     0.000000000     0.674930970     0.000000000
    10.900000000     0.000000000     0.675817244     0.000000000
    10.910000000     0.000000000     0.676699181     0.000000000
    10.920000000     0.000000000     0.677576818     0.000000000
    10.930000000     0.000000000     0.678450186     0.000000000
    10.940000000     0.000000000     0.679319320     0.000000000
    10.950000000     0.000000000     0.680184253     0.000000000
    10.960000000     0.000000000     0.681045019     0.000000000
    10.970000000     0.000000000     0.681901648     0.000000000
    10.980000000     0.000000000     0.682754174     0.000000000
    10.990000000     0.000000000     0.683602627     0.000000000
    11.000000000     0.000000000     0.684447040     0.000000000
