 # Column 1: omega
 # Column 2: eps2(omega)
 # Column 3: eps1(omega)
 # Column 4: JDOS(omega)
     0.000000000     0.000000000     3.939175272     0.000000000
     0.010000000     0.000000000     3.939187467     0.000000000
     0.020000000     0.000000000     3.939224053     0.000000000
     0.030000000     0.000000000     3.939285033     0.000000000
     0.040000000     0.000000000     3.939370411     0.000000000
     0.050000000     0.000000000     3.939480192     0.000000000
     0.060000000     0.000000000     3.939614385     0.000000000
     0.070000000     0.000000000     3.939772998     0.000000000
     0.080000000     0.000000000     3.939956043     0.000000000
     0.090000000     0.000000000     3.940163533     0.000000000
     0.100000000     0.000000000     3.940395481     0.000000000
     0.110000000     0.000000000     3.940651905     0.000000000
     0.120000000     0.000000000     3.940932822     0.000000000
     0.130000000     0.000000000     3.941238251     0.000000000
     0.140000000     0.000000000     3.941568215     0.000000000
     0.150000000     0.000000000     3.941922736     0.000000000
     0.160000000     0.000000000     3.942301838     0.000000000
     0.170000000     0.000000000     3.942705550     0.000000000
     0.180000000     0.000000000     3.943133898     0.000000000
     0.190000000     0.000000000     3.943586914     0.000000000
     0.200000000     0.000000000     3.944064629     0.000000000
     0.210000000     0.000000000     3.944567077     0.000000000
     0.220000000     0.000000000     3.945094293     0.000000000
     0.230000000     0.000000000     3.945646315     0.000000000
     0.240000000     0.000000000     3.946223183     0.000000000
     0.250000000     0.000000000     3.946824936     0.000000000
     0.260000000     0.000000000     3.947451619     0.000000000
     0.270000000     0.000000000     3.948103276     0.000000000
     0.280000000     0.000000000     3.948779953     0.000000000
     0.290000000     0.000000000     3.949481700     0.000000000
     0.300000000     0.000000000     3.950208567     0.000000000
     0.310000000     0.000000000     3.950960607     0.000000000
     0.320000000     0.000000000     3.951737873     0.000000000
     0.330000000     0.000000000     3.952540423     0.000000000
     0.340000000     0.000000000     3.953368315     0.000000000
     0.350000000     0.000000000     3.954221609     0.000000000
     0.360000000     0.000000000     3.955100368     0.000000000
     0.370000000     0.000000000     3.956004657     0.000000000
     0.380000000     0.000000000     3.956934543     0.000000000
     0.390000000     0.000000000     3.957890094     0.000000000
     0.400000000     0.000000000     3.958871382     0.000000000
     0.410000000     0.000000000     3.959878480     0.000000000
     0.420000000     0.000000000     3.960911463     0.000000000
     0.430000000     0.000000000     3.961970409     0.000000000
     0.440000000     0.000000000     3.963055397     0.000000000
     0.450000000     0.000000000     3.964166512     0.000000000
     0.460000000     0.000000000     3.965303836     0.000000000
     0.470000000     0.000000000     3.966467457     0.000000000
     0.480000000     0.000000000     3.967657465     0.000000000
     0.490000000     0.000000000     3.968873951     0.000000000
     0.500000000     0.000000000     3.970117011     0.000000000
     0.510000000     0.000000000     3.971386740     0.000000000
     0.520000000     0.000000000     3.972683238     0.000000000
     0.530000000     0.000000000     3.974006609     0.000000000
     0.540000000     0.000000000     3.975356956     0.000000000
     0.550000000     0.000000000     3.976734387     0.000000000
     0.560000000     0.000000000     3.978139012     0.000000000
     0.570000000     0.000000000     3.979570945     0.000000000
     0.580000000     0.000000000     3.981030302     0.000000000
     0.590000000     0.000000000     3.982517203     0.000000000
     0.600000000     0.000000000     3.984031768     0.000000000
     0.610000000     0.000000000     3.985574123     0.000000000
     0.620000000     0.000000000     3.987144396     0.000000000
     0.630000000     0.000000000     3.988742719     0.000000000
     0.640000000     0.000000000     3.990369227     0.000000000
     0.650000000     0.000000000     3.992024057     0.000000000
     0.660000000     0.000000000     3.993707352     0.000000000
     0.670000000     0.000000000     3.995419255     0.000000000
     0.680000000     0.000000000     3.997159916     0.000000000
     0.690000000     0.000000000     3.998929487     0.000000000
     0.700000000     0.000000000     4.000728124     0.000000000
     0.710000000     0.000000000     4.002555986     0.000000000
     0.720000000     0.000000000     4.004413238     0.000000000
     0.730000000     0.000000000     4.006300046     0.000000000
     0.740000000     0.000000000     4.008216584     0.000000000
     0.750000000     0.000000000     4.010163028     0.000000000
     0.760000000     0.000000000     4.012139557     0.000000000
     0.770000000     0.000000000     4.014146358     0.000000000
     0.780000000     0.000000000     4.016183619     0.000000000
     0.790000000     0.000000000     4.018251536     0.000000000
     0.800000000     0.000000000     4.020350307     0.000000000
     0.810000000     0.000000000     4.022480138     0.000000000
     0.820000000     0.000000000     4.024641238     0.000000000
     0.830000000     0.000000000     4.026833821     0.000000000
     0.840000000     0.000000000     4.029058109     0.000000000
     0.850000000     0.000000000     4.031314327     0.000000000
     0.860000000     0.000000000     4.033602708     0.000000000
     0.870000000     0.000000000     4.035923489     0.000000000
     0.880000000     0.000000000     4.038276916     0.000000000
     0.890000000     0.000000000     4.040663238     0.000000000
     0.900000000     0.000000000     4.043082714     0.000000000
     0.910000000     0.000000000     4.045535609     0.000000000
     0.920000000     0.000000000     4.048022193     0.000000000
     0.930000000     0.000000000     4.050542746     0.000000000
     0.940000000     0.000000000     4.053097554     0.000000000
     0.950000000     0.000000000     4.055686914     0.000000000
     0.960000000     0.000000000     4.058311127     0.000000000
     0.970000000     0.000000000     4.060970506     0.000000000
     0.980000000     0.000000000     4.063665371     0.000000000
     0.990000000     0.000000000     4.066396052     0.000000000
     1.000000000     0.000000000     4.069162889     0.000000000
     1.010000000     0.000000000     4.071966231     0.000000000
     1.020000000     0.000000000     4.074806440     0.000000000
     1.030000000     0.000000000     4.077683886     0.000000000
     1.040000000     0.000000000     4.080598952     0.000000000
     1.050000000     0.000000000     4.083552031     0.000000000
     1.060000000     0.000000000     4.086543533     0.000000000
     1.070000000     0.000000000     4.089573875     0.000000000
     1.080000000     0.000000000     4.092643493     0.000000000
     1.090000000     0.000000000     4.095752833     0.000000000
     1.100000000     0.000000000     4.098902358     0.000000000
     1.110000000     0.000000000     4.102092547     0.000000000
     1.120000000     0.000000000     4.105323894     0.000000000
     1.130000000     0.000000000     4.108596911     0.000000000
     1.140000000     0.000000000     4.111912129     0.000000000
     1.150000000     0.000000000     4.115270096     0.000000000
     1.160000000     0.000000000     4.118671381     0.000000000
     1.170000000     0.000000000     4.122116574     0.000000000
     1.180000000     0.000000000     4.125606287     0.000000000
     1.190000000     0.000000000     4.129141157     0.000000000
     1.200000000     0.000000000     4.132721843     0.000000000
     1.210000000     0.000000000     4.136349033     0.000000000
     1.220000000     0.000000000     4.140023440     0.000000000
     1.230000000     0.000000000     4.143745808     0.000000000
     1.240000000     0.000000000     4.147516911     0.000000000
     1.250000000     0.000000000     4.151337558     0.000000000
     1.260000000     0.000000000     4.155208590     0.000000000
     1.270000000     0.000000000     4.159130888     0.000000000
     1.280000000     0.000000000     4.163105371     0.000000000
     1.290000000     0.000000000     4.167133001     0.000000000
     1.300000000     0.000000000     4.171214784     0.000000000
     1.310000000     0.000000000     4.175351777     0.000000000
     1.320000000     0.000000000     4.179545084     0.000000000
     1.330000000     0.000000000     4.183795867     0.000000000
     1.340000000     0.000000000     4.188105348     0.000000000
     1.350000000     0.000000000     4.192474811     0.000000000
     1.360000000     0.000000000     4.196905607     0.000000000
     1.370000000     0.000000000     4.201399163     0.000000000
     1.380000000     0.000000000     4.205956984     0.000000000
     1.390000000     0.000000000     4.210580660     0.000000000
     1.400000000     0.000000000     4.215271873     0.000000000
     1.410000000     0.000000000     4.220032408     0.000000000
     1.420000000     0.000000001     4.224864155     0.000000001
     1.430000000     0.000000002     4.229769124     0.000000002
     1.440000000     0.000000004     4.234749452     0.000000005
     1.450000000     0.000000011     4.239807416     0.000000012
     1.460000000     0.000000026     4.244945447     0.000000029
     1.470000000     0.000000061     4.250166142     0.000000068
     1.480000000     0.000000138     4.255472280     0.000000154
     1.490000000     0.000000300     4.260866842     0.000000336
     1.500000000     0.000000625     4.266353028     0.000000705
     1.510000000     0.000001252     4.271934283     0.000001424
     1.520000000     0.000002408     4.277614317     0.000002767
     1.530000000     0.000004450     4.283397137     0.000005175
     1.540000000     0.000007902     4.289287073     0.000009312
     1.550000000     0.000013483     4.295288813     0.000016128
     1.560000000     0.000022103     4.301407437     0.000026890
     1.570000000     0.000034818     4.307648451     0.000043172
     1.580000000     0.000052700     4.314017816     0.000066756
     1.590000000     0.000076647     4.320521969     0.000099440
     1.600000000     0.000107120     4.327167819     0.000142730
     1.610000000     0.000143863     4.333962698     0.000197454
     1.620000000     0.000185684     4.340914239     0.000263344
     1.630000000     0.000230364     4.348030170     0.000338685
     1.640000000     0.000274802     4.355318075     0.000420141
     1.650000000     0.000315442     4.362785491     0.000502847
     1.660000000     0.000349009     4.370441198     0.000580819
     1.670000000     0.000373564     4.378298657     0.000647672
     1.680000000     0.000389927     4.386380076     0.000697550
     1.690000000     0.000403587     4.394715717     0.000726113
     1.700000000     0.000427451     4.403336727     0.000731391
     1.710000000     0.000485966     4.412269567     0.000714344
     1.720000000     0.000621367     4.421537465     0.000679007
     1.730000000     0.000902867     4.431164603     0.000632193
     1.740000000     0.001439318     4.441178567     0.000582807
     1.750000000     0.002395214     4.451610765     0.000540885
     1.760000000     0.004008646     4.462495642     0.000516527
     1.770000000     0.006608066     4.473868792     0.000518853
     1.780000000     0.010622694     4.485763383     0.000555146
     1.790000000     0.016579589     4.498203543     0.000630270
     1.800000000     0.025079671     4.511192308     0.000746437
     1.810000000     0.036746098     4.524690108     0.000903379
     1.820000000     0.052142315     4.538577787     0.001098889
     1.830000000     0.071663847     4.552597344     0.001329705
     1.840000000     0.095416798     4.566269773     0.001592601
     1.850000000     0.123105009     4.578815308     0.001885557
     1.860000000     0.153953882     4.589154130     0.002208815
     1.870000000     0.186698851     4.596077746     0.002565707
     1.880000000     0.219658200     4.598475963     0.002963119
     1.890000000     0.250893608     4.595272577     0.003411545
     1.900000000     0.278440705     4.585385545     0.003924682
     1.910000000     0.300571697     4.568824425     0.004518527
     1.920000000     0.316039401     4.548189577     0.005209960
     1.930000000     0.324251731     4.527740957     0.006014844
     1.940000000     0.325339095     4.510439871     0.006945762
     1.950000000     0.320101060     4.496998219     0.008009647
     1.960000000     0.309846437     4.487444829     0.009205666
     1.970000000     0.296164472     4.482102258     0.010523715
     1.980000000     0.280677897     4.481076744     0.011943843
     1.990000000     0.264828047     4.483575698     0.013436712
     2.000000000     0.249729559     4.487979433     0.014965099
     2.010000000     0.236111781     4.492728865     0.016486270
     2.020000000     0.224342288     4.497175978     0.017955112
     2.030000000     0.214510558     4.501552080     0.019327901
     2.040000000     0.206540694     4.506341112     0.020566603
     2.050000000     0.200301880     4.511912973     0.021643487
     2.060000000     0.195692431     4.518491549     0.022545518
     2.070000000     0.192684286     4.526056074     0.023277729
     2.080000000     0.191326101     4.534279563     0.023864541
     2.090000000     0.191712024     4.542767090     0.024348106
     2.100000000     0.193928714     4.551364285     0.024783284
     2.110000000     0.197995382     4.560148263     0.025229656
     2.120000000     0.203811456     4.569097280     0.025741923
     2.130000000     0.211124552     4.577818174     0.026360701
     2.140000000     0.219527879     4.585594824     0.027105862
     2.150000000     0.228490973     4.591649146     0.027974122
     2.160000000     0.237420936     4.595497507     0.028941532
     2.170000000     0.245744221     4.597282713     0.029970321
     2.180000000     0.252993156     4.597716073     0.031018441
     2.190000000     0.258879115     4.597586553     0.032049600
     2.200000000     0.263336492     4.597400105     0.033041532
     2.210000000     0.266528535     4.597580589     0.033990892
     2.220000000     0.268815409     4.598852875     0.034914048
     2.230000000     0.270693534     4.601947685     0.035844045
     2.240000000     0.272720111     4.606774596     0.036824772
     2.250000000     0.275436166     4.612180836     0.037903830
     2.260000000     0.279296285     4.616728904     0.039125581
     2.270000000     0.284606653     4.619795403     0.040525597
     2.280000000     0.291469144     4.621957260     0.042127166
     2.290000000     0.299730940     4.624296819     0.043939973
     2.300000000     0.308946107     4.627341219     0.045960568
     2.310000000     0.318364101     4.630536869     0.048173927
     2.320000000     0.326964397     4.632373410     0.050555400
     2.330000000     0.333551734     4.630893388     0.053072466
     2.340000000     0.336911826     4.624623588     0.055686058
     2.350000000     0.336006988     4.613735347     0.058351518
     2.360000000     0.330172779     4.600487882     0.061019471
     2.370000000     0.319268511     4.588263674     0.063636959
     2.380000000     0.303740927     4.579925843     0.066149029
     2.390000000     0.284580414     4.576835598     0.068500789
     2.400000000     0.263176274     4.579013509     0.070639673
     2.410000000     0.241102863     4.585790718     0.072517620
     2.420000000     0.219883867     4.596196461     0.074092915
     2.430000000     0.200783734     4.609099303     0.075331682
     2.440000000     0.184664438     4.623347613     0.076209263
     2.450000000     0.171926962     4.637910069     0.076711821
     2.460000000     0.162536586     4.651998144     0.076838424
     2.470000000     0.156114428     4.665137860     0.076603501
     2.480000000     0.152067885     4.677154599     0.076039173
     2.490000000     0.149730111     4.688105664     0.075196557
     2.500000000     0.148482245     4.698204507     0.074145109
     2.510000000     0.147839695     4.707791035     0.072969269
     2.520000000     0.147493167     4.717318178     0.071762269
     2.530000000     0.147304677     4.727226097     0.070617641
     2.540000000     0.147266951     4.737727010     0.069619563
     2.550000000     0.147440462     4.748748186     0.068833587
     2.560000000     0.147884999     4.760039921     0.068299270
     2.570000000     0.148601883     4.771235026     0.068025931
     2.580000000     0.149498800     4.781924392     0.067992151
     2.590000000     0.150382915     4.791808069     0.068148977
     2.600000000     0.150980779     4.800720098     0.068426149
     2.610000000     0.150977576     4.808597952     0.068740246
     2.620000000     0.150064840     4.815650913     0.069003481
     2.630000000     0.147985714     4.822470184     0.069131958
     2.640000000     0.144569598     4.829725659     0.069052489
     2.650000000     0.139752381     4.837750257     0.068707435
     2.660000000     0.133582494     4.846476552     0.068057347
     2.670000000     0.126215439     4.855696604     0.067081478
     2.680000000     0.117899741     4.865347324     0.065776400
     2.690000000     0.108956133     4.875649193     0.064153101
     2.700000000     0.099750588     4.887037447     0.062233073
     2.710000000     0.090661745     4.899905195     0.060044067
     2.720000000     0.082044827     4.914352963     0.057616216
     2.730000000     0.074196611     4.930126315     0.054979253
     2.740000000     0.067327940     4.946735629     0.052161300
     2.750000000     0.061550199     4.963660654     0.049189421
     2.760000000     0.056879476     4.980504907     0.046091621
     2.770000000     0.053257346     4.997027119     0.042899653
     2.780000000     0.050582059     5.013144965     0.039651671
     2.790000000     0.048740448     5.029007767     0.036393778
     2.800000000     0.047630656     5.044979583     0.033179765
     2.810000000     0.047169187     5.061397070     0.030068726
     2.820000000     0.047281753     5.078349416     0.027120871
     2.830000000     0.047883623     5.095698865     0.024392291
     2.840000000     0.048859409     5.113186716     0.021929776
     2.850000000     0.050052613     5.130443911     0.019766771
     2.860000000     0.051271606     5.147000272     0.017921264
     2.870000000     0.052312429     5.162487636     0.016395858
     2.880000000     0.052992246     5.176997384     0.015179732
     2.890000000     0.053183185     5.191211157     0.014251770
     2.900000000     0.052836073     5.205994053     0.013583981
     2.910000000     0.051987258     5.221825133     0.013144482
     2.920000000     0.050747564     5.238662120     0.012899625
     2.930000000     0.049277988     5.256182945     0.012815235
     2.940000000     0.047759835     5.274040875     0.012857210
     2.950000000     0.046366811     5.292000459     0.012991852
     2.960000000     0.045243708     5.309999993     0.013186262
     2.970000000     0.044492717     5.328165388     0.013408958
     2.980000000     0.044165788     5.346719052     0.013630742
     2.990000000     0.044261059     5.365802288     0.013825692
     3.000000000     0.044722874     5.385353710     0.013972113
     3.010000000     0.045447015     5.405139424     0.014053304
     3.020000000     0.046293905     5.424852045     0.014057998
     3.030000000     0.047111650     5.444188552     0.013980454
     3.040000000     0.047767899     5.462988689     0.013820201
     3.050000000     0.048185698     5.481448935     0.013581524
     3.060000000     0.048375394     5.500132147     0.013272827
     3.070000000     0.048453563     5.519598319     0.012906004
     3.080000000     0.048641559     5.540054008     0.012495934
     3.090000000     0.049240386     5.561434016     0.012060072
     3.100000000     0.050584120     5.583674316     0.011618042
     3.110000000     0.052979767     5.606753063     0.011191057
     3.120000000     0.056645708     5.630553344     0.010800991
     3.130000000     0.061662461     5.654804256     0.010469070
     3.140000000     0.067947589     5.679076765     0.010214315
     3.150000000     0.075261162     5.702750376     0.010051966
     3.160000000     0.083240393     5.725077849     0.009992223
     3.170000000     0.091454185     5.745496983     0.010039564
     3.180000000     0.099463168     5.764111006     0.010192775
     3.190000000     0.106870629     5.781919547     0.010445725
     3.200000000     0.113354949     5.800347836     0.010788815
     3.210000000     0.118682805     5.820317029     0.011210981
     3.220000000     0.122710589     5.841648038     0.011702077
     3.230000000     0.125385365     5.863232464     0.012255343
     3.240000000     0.126754144     5.883812122     0.012869560
     3.250000000     0.126982398     5.903000850     0.013550346
     3.260000000     0.126373575     5.921914432     0.014310071
     3.270000000     0.125375703     5.942542498     0.015166088
     3.280000000     0.124562206     5.966230130     0.016137329
     3.290000000     0.124581820     5.992939491     0.017239841
     3.300000000     0.126083488     6.021752783     0.018482188
     3.310000000     0.129631451     6.051635802     0.019861858
     3.320000000     0.135629283     6.081768933     0.021363618
     3.330000000     0.144268183     6.111521906     0.022960332
     3.340000000     0.155506416     6.140393514     0.024616170
     3.350000000     0.169077584     6.168034736     0.026291590
     3.360000000     0.184519390     6.194368245     0.027949128
     3.370000000     0.201213879     6.219660494     0.029558954
     3.380000000     0.218433961     6.244244414     0.031103364
     3.390000000     0.235396269     6.268034321     0.032579619
     3.400000000     0.251323324     6.290457753     0.034000914
     3.410000000     0.265516293     6.310932151     0.035395439
     3.420000000     0.277433390     6.329323693     0.036803670
     3.430000000     0.286761319     6.346110937     0.038274153
     3.440000000     0.293462091     6.362502721     0.039858146
     3.450000000     0.297778807     6.380297260     0.041603701
     3.460000000     0.300192337     6.401050271     0.043549912
     3.470000000     0.301334068     6.425189701     0.045722106
     3.480000000     0.301873359     6.452005894     0.048128665
     3.490000000     0.302406765     6.480335062     0.050759883
     3.500000000     0.303376291     6.509153762     0.053588890
     3.510000000     0.305035510     6.537845631     0.056574354
     3.520000000     0.307468274     6.566292606     0.059664495
     3.530000000     0.310649631     6.594704241     0.062801925
     3.540000000     0.314527167     6.623279905     0.065928959
     3.550000000     0.319096571     6.652186110     0.068993132
     3.560000000     0.324448416     6.681807833     0.071952598
     3.570000000     0.330772815     6.712728505     0.074780975
     3.580000000     0.338321502     6.745347461     0.077470877
     3.590000000     0.347339592     6.779575506     0.080035306
     3.600000000     0.357988326     6.814863771     0.082506140
     3.610000000     0.370283035     6.850442804     0.084929457
     3.620000000     0.384066565     6.885544559     0.087358203
     3.630000000     0.399028253     6.919456669     0.089843523
     3.640000000     0.414764988     6.951622829     0.092426703
     3.650000000     0.430867816     6.981967753     0.095133775
     3.660000000     0.447008986     7.011085612     0.097974266
     3.670000000     0.463003307     7.039986261     0.100944534
     3.680000000     0.478824835     7.069690071     0.104034738
     3.690000000     0.494573305     7.100923028     0.107237409
     3.700000000     0.510400089     7.133803052     0.110555006
     3.710000000     0.526415821     7.167755302     0.114004086
     3.720000000     0.542606973     7.201818658     0.117614740
     3.730000000     0.558785171     7.234966541     0.121425292
     3.740000000     0.574582394     7.266412967     0.125473662
     3.750000000     0.589491534     7.296034094     0.129787635
     3.760000000     0.602940113     7.324469752     0.134376487
     3.770000000     0.614379080     7.352738821     0.139225853
     3.780000000     0.623369799     7.381793768     0.144296789
     3.790000000     0.629658984     7.412191683     0.149528820
     3.800000000     0.633239433     7.443993252     0.154845945
     3.810000000     0.634399833     7.477098176     0.160164024
     3.820000000     0.633766578     7.511737393     0.165397972
     3.830000000     0.632334110     7.548614285     0.170467485
     3.840000000     0.631470212     7.588468443     0.175300540
     3.850000000     0.632873713     7.631564455     0.179834512
     3.860000000     0.638459676     7.677868652     0.184015310
     3.870000000     0.650155648     7.727644614     0.187795405
     3.880000000     0.669613220     7.781433387     0.191131926
     3.890000000     0.697868272     7.839155201     0.193986007
     3.900000000     0.735012874     7.899209509     0.196324286
     3.910000000     0.779960444     7.958420680     0.198122777
     3.920000000     0.830383310     8.012725329     0.199372495
     3.930000000     0.882873410     8.057985888     0.200085345
     3.940000000     0.933326790     8.090701407     0.200298332
     3.950000000     0.977494533     8.109167036     0.200074241
     3.960000000     1.011595581     8.115341254     0.199497693
     3.970000000     1.032867832     8.115973698     0.198666768
     3.980000000     1.039950205     8.120576149     0.197681638
     3.990000000     1.033034558     8.136325335     0.196632620
     4.000000000     1.013785118     8.164418899     0.195590241
     4.010000000     0.985073590     8.201438136     0.194599317
     4.020000000     0.950604726     8.243778644     0.193677909
     4.030000000     0.914505959     8.291194308     0.192820719
     4.040000000     0.880933768     8.346834673     0.192005503
     4.050000000     0.853723322     8.413774756     0.191200747
     4.060000000     0.836089365     8.491694009     0.190373059
     4.070000000     0.830380965     8.577021646     0.189493448
     4.080000000     0.837897614     8.665186260     0.188542348
     4.090000000     0.858781770     8.752272951     0.187513672
     4.100000000     0.892006058     8.835679324     0.186418208
     4.110000000     0.935468800     8.914155060     0.185286325
     4.120000000     0.986200337     8.987216173     0.184169503
     4.130000000     1.040667845     9.054442815     0.183139944
     4.140000000     1.095151047     9.115275776     0.182287628
     4.150000000     1.146147286     9.169117252     0.181714606
     4.160000000     1.190753913     9.215823125     0.181527045
     4.170000000     1.226971773     9.257058236     0.181826089
     4.180000000     1.253879499     9.297227443     0.182699028
     4.190000000     1.271646839     9.341896172     0.184212140
     4.200000000     1.281385130     9.394805440     0.186406192
     4.210000000     1.284867557     9.456746685     0.189294893
     4.220000000     1.284181046     9.526632666     0.192865841
     4.230000000     1.281385179     9.602578518     0.197082951
     4.240000000     1.278246104     9.682414578     0.201889067
     4.250000000     1.276087030     9.764325333     0.207207575
     4.260000000     1.275760547     9.847549197     0.212942318
     4.270000000     1.277714439     9.932580616     0.218975816
     4.280000000     1.282102630    10.020687531     0.225166478
     4.290000000     1.288892024    10.113177774     0.231346036
     4.300000000     1.297932052    10.210720723     0.237318536
     4.310000000     1.308979197    10.312833010     0.242862104
     4.320000000     1.321693287    10.418158261     0.247734254
     4.330000000     1.335637347    10.525663833     0.251681099
     4.340000000     1.350313695    10.635395951     0.254450364
     4.350000000     1.365256293    10.747794121     0.255807763
     4.360000000     1.380177924    10.862733556     0.255555911
     4.370000000     1.395147783    10.979996336     0.253554381
     4.380000000     1.410758029    11.100468461     0.249738924
     4.390000000     1.428232331    11.226135606     0.244137199
     4.400000000     1.449437178    11.359261894     0.236878088
     4.410000000     1.476775305    11.501930251     0.228191857
     4.420000000     1.512963563    11.655299286     0.218399479
     4.430000000     1.560717827    11.818595718     0.207890994
     4.440000000     1.622379885    11.988916503     0.197094798
     4.450000000     1.699526123    12.161879143     0.186441544
     4.460000000     1.792600038    12.333296638     0.176327506
     4.470000000     1.900616718    12.501579956     0.167082490
     4.480000000     2.020998978    12.668344479     0.158946575
     4.490000000     2.149614923    12.835329829     0.152058450
     4.500000000     2.281080597    13.000306449     0.146456177
     4.510000000     2.409354649    13.156525014     0.142089309
     4.520000000     2.528581081    13.296309199     0.138839705
     4.530000000     2.634047012    13.416492597     0.136547286
     4.540000000     2.723048297    13.523241152     0.135036426
     4.550000000     2.795435154    13.632980620     0.134138807
     4.560000000     2.853666925    13.766206709     0.133709394
     4.570000000     2.902333879    13.936212191     0.133633663
     4.580000000     2.947265950    14.142777247     0.133826275
     4.590000000     2.994484862    14.375986854     0.134223366
     4.600000000     3.049312851    14.623262843     0.134772153
     4.610000000     3.115902214    14.874100054     0.135421949
     4.620000000     3.197309295    15.123300653     0.136119818
     4.630000000     3.296053558    15.372160872     0.136812183
     4.640000000     3.414941440    15.626231755     0.137451425
     4.650000000     3.557850144    15.892576874     0.138004712
     4.660000000     3.730184096    16.178763653     0.138461587
     4.670000000     3.938826336    16.490418927     0.138837509
     4.680000000     4.191569486    16.827057261     0.139172123
     4.690000000     4.496172562    17.181570333     0.139523002
     4.700000000     4.859299738    17.544969169     0.139957024
     4.710000000     5.285621373    17.910220706     0.140542056
     4.720000000     5.777288766    18.269725909     0.141341034
     4.730000000     6.333855248    18.610044093     0.142409260
     4.740000000     6.952556239    18.913734525     0.143794309
     4.750000000     7.628741264    19.170018269     0.145537002
     4.760000000     8.356223640    19.383811805     0.147671720
     4.770000000     9.127397487    19.573296629     0.150224986
     4.780000000     9.933137579    19.754997045     0.153212317
     4.790000000    10.762674281    19.928475230     0.156634379
     4.800000000    11.603738076    20.072418505     0.160474038
     4.810000000    12.443237587    20.151865540     0.164695652
     4.820000000    13.268571479    20.139626910     0.169247160
     4.830000000    14.069440852    20.044385305     0.174064471
     4.840000000    14.839821150    19.911813341     0.179076825
     4.850000000    15.579654134    19.789572979     0.184211671
     4.860000000    16.295861049    19.696637779     0.189398030
     4.870000000    17.002425735    19.624614651     0.194568262
     4.880000000    17.719482864    19.557641984     0.199658966
     4.890000000    18.471509281    19.489634412     0.204612176
     4.900000000    19.284831049    19.427029097     0.209377702
     4.910000000    20.184740221    19.379887625     0.213916741
     4.920000000    21.192589994    19.349763455     0.218205898
     4.930000000    22.323307005    19.319800396     0.222240175
     4.940000000    23.583784574    19.254579109     0.226033462
     4.950000000    24.972532952    19.112688446     0.229615697
     4.960000000    26.480712124    18.861887999     0.233026857
     4.970000000    28.094275892    18.478516264     0.236308997
     4.980000000    29.796520217    17.937945197     0.239498179
     4.990000000    31.570030242    17.226664081     0.242618277
     5.000000000    33.397036858    16.369859992     0.245678164
     5.010000000    35.257616758    15.426471094     0.248672921
     5.020000000    37.125936978    14.441617963     0.251588731
     5.030000000    38.965627871    13.403351988     0.254410161
     5.040000000    40.726037747    12.245201942     0.257127951
     5.050000000    42.341269369    10.884549624     0.259745236
     5.060000000    43.733370455     9.255250909     0.262280504
     5.070000000    44.819937890     7.323086344     0.264766370
     5.080000000    45.525026953     5.106078390     0.267244312
     5.090000000    45.791091997     2.689790493     0.269756531
     5.100000000    45.589143360     0.214833850     0.272336772
     5.110000000    44.924601201    -2.153080161     0.275002059
     5.120000000    43.837380213    -4.267414807     0.277746905
     5.130000000    42.396203735    -6.052829197     0.280540786
     5.140000000    40.688545328    -7.521771055     0.283328902
     5.150000000    38.808507460    -8.737966324     0.286035718
     5.160000000    36.845153225    -9.766997760     0.288570572
     5.170000000    34.873352557   -10.649805385     0.290834697
     5.180000000    32.948339690   -11.399925605     0.292729113
     5.190000000    31.104229693   -12.017849318     0.294162840
     5.200000000    29.355973161   -12.514900518     0.295060751
     5.210000000    27.703762923   -12.927089962     0.295370236
     5.220000000    26.138730986   -13.300582611     0.295065855
     5.230000000    24.648801287   -13.660012282     0.294151388
     5.240000000    23.223712276   -13.992622547     0.292659086
     5.250000000    21.858457153   -14.262526377     0.290646385
     5.260000000    20.554709353   -14.436252326     0.288190611
     5.270000000    19.320200639   -14.495918182     0.285382283
     5.280000000    18.166447192   -14.440576993     0.282317602
     5.290000000    17.105574072   -14.286111288     0.279090686
     5.300000000    16.147156643   -14.066072408     0.275786210
     5.310000000    15.295909380   -13.826542847     0.272473278
     5.320000000    14.550725963   -13.607868000     0.269201496
     5.330000000    13.905119239   -13.425377945     0.266000041
     5.340000000    13.348685608   -13.270107827     0.262880078
     5.350000000    12.868971627   -13.125214647     0.259840132
     5.360000000    12.453121894   -12.976596428     0.256873252
     5.370000000    12.088907075   -12.815336225     0.253974272
     5.380000000    11.765057089   -12.642898134     0.251145406
     5.390000000    11.471115046   -12.475414419     0.248398828
     5.400000000    11.197172393   -12.336498393     0.245755758
     5.410000000    10.933808323   -12.241221882     0.243242522
     5.420000000    10.672380565   -12.185326529     0.240884961
     5.430000000    10.405595321   -12.150468917     0.238702979
     5.440000000    10.128121223   -12.118514445     0.236706987
     5.450000000     9.836968771   -12.079569148     0.234897370
     5.460000000     9.531438950   -12.031431179     0.233267129
     5.470000000     9.212608728   -11.974913794     0.231806788
     5.480000000     8.882497247   -11.909125600     0.230509883
     5.490000000     8.543178496   -11.831687187     0.229377077
     5.500000000     8.196132800   -11.742984915     0.228417427
     5.510000000     7.842053656   -11.648464278     0.227646284
     5.520000000     7.481174303   -11.557274544     0.227080568
     5.530000000     7.113999254   -11.477613618     0.226733167
     5.540000000     6.742178467   -11.407698187     0.226608673
     5.550000000     6.369196292   -11.330115490     0.226702340
     5.560000000     6.000589833   -11.222076996     0.227003131
     5.570000000     5.643552165   -11.072611579     0.227500346
     5.580000000     5.305970832   -10.886258841     0.228192040
     5.590000000     4.995135655   -10.674401073     0.229092652
     5.600000000     4.716459673   -10.448800427     0.230237255
     5.610000000     4.472555874   -10.221493363     0.231680566
     5.620000000     4.262903236   -10.004760326     0.233490082
     5.630000000     4.084158419    -9.807897773     0.235734045
     5.640000000     3.930985477    -9.633513690     0.238466056
     5.650000000     3.797144155    -9.476617322     0.241708705
     5.660000000     3.676534502    -9.328296452     0.245438658
     5.670000000     3.563946306    -9.181945011     0.249575251
     5.680000000     3.455381088    -9.036035388     0.253974105
     5.690000000     3.347959063    -8.891508982     0.258426796
     5.700000000     3.239547956    -8.748509832     0.262667221
     5.710000000     3.128320011    -8.606494872     0.266385049
     5.720000000     3.012442423    -8.466752163     0.269246167
     5.730000000     2.890040089    -8.333392479     0.270919313
     5.740000000     2.759461870    -8.210906429     0.271106977
     5.750000000     2.619766961    -8.100065807     0.269577387
     5.760000000     2.471262617    -7.995263671     0.266193324
     5.770000000     2.315895290    -7.885778086     0.260933150
     5.780000000     2.157333054    -7.760690119     0.253900012
     5.790000000     2.000666080    -7.613645581     0.245316868
     5.800000000     1.851763860    -7.444785424     0.235507381
     5.810000000     1.716426222    -7.260005712     0.224865337
     5.820000000     1.599519366    -7.067933999     0.213817387
     5.830000000     1.504284647    -6.876172479     0.202784992
     5.840000000     1.431953439    -6.689436305     0.192151285
     5.850000000     1.381718443    -6.510102229     0.182237143
     5.860000000     1.351027782    -6.339427701     0.173288634
     5.870000000     1.336105625    -6.178555759     0.165475601
     5.880000000     1.332573225    -6.029127978     0.158899289
     5.890000000     1.336046910    -5.892434015     0.153605751
     5.900000000     1.342616765    -5.767095959     0.149601599
     5.910000000     1.349150616    -5.648657903     0.146869188
     5.920000000     1.353412089    -5.532872689     0.145379218
     5.930000000     1.354020136    -5.418322209     0.145099650
     5.940000000     1.350303764    -5.305518259     0.146000559
     5.950000000     1.342115397    -5.195190853     0.148054997
     5.960000000     1.329658511    -5.087637096     0.151236305
     5.970000000     1.313363612    -4.982701689     0.155512612
     5.980000000     1.293819284    -4.879916350     0.160839635
     5.990000000     1.271741633    -4.778276067     0.167153225
     6.000000000     1.247954203    -4.675966816     0.174363215
     6.010000000     1.223354548    -4.570917515     0.182349966
     6.020000000     1.198859959    -4.461946684     0.190964513
     6.030000000     1.175345095    -4.349413095     0.200032532
     6.040000000     1.153598765    -4.234906573     0.209361682
     6.050000000     1.134328515    -4.120273767     0.218751409
     6.060000000     1.118228421    -4.006548222     0.228004094
     6.070000000     1.106102109    -3.893501767     0.236936453
     6.080000000     1.099008475    -3.779993809     0.245390192
     6.090000000     1.098381667    -3.664618251     0.253241025
     6.100000000     1.106076576    -3.546160802     0.260405098
     6.110000000     1.124308075    -3.423747964     0.266841889
     6.120000000     1.155481944    -3.296986887     0.272552725
     6.130000000     1.201948811    -3.166463429     0.277574470
     6.140000000     1.265737900    -3.034259329     0.281968670
     6.150000000     1.348335095    -2.903707144     0.285807433
     6.160000000     1.450554618    -2.778508953     0.289158259
     6.170000000     1.572518062    -2.662084602     0.292070596
     6.180000000     1.713710122    -2.557420789     0.294566843
     6.190000000     1.873044892    -2.466835107     0.296639679
     6.200000000     2.048869307    -2.391003182     0.298256266
     6.210000000     2.238862916    -2.327963131     0.299368340
     6.220000000     2.439862306    -2.274293084     0.299925970
     6.230000000     2.647721378    -2.228523174     0.299892138
     6.240000000     2.857377276    -2.193510067     0.299255327
     6.250000000     3.063286399    -2.176241284     0.298037972
     6.260000000     3.260302462    -2.185987715     0.296299520
     6.270000000     3.444899559    -2.230645629     0.294133848
     6.280000000     3.616447175    -2.311037446     0.291661627
     6.290000000     3.778097559    -2.415551132     0.289018909
     6.300000000     3.936825723    -2.520651968     0.286343758
     6.310000000     4.102311581    -2.600872714     0.283763065
     6.320000000     4.284657332    -2.642557524     0.281381799
     6.330000000     4.491312273    -2.651161196     0.279276631
     6.340000000     4.723910926    -2.648924641     0.277495137
     6.350000000     4.975895419    -2.667396276     0.276060607
     6.360000000     5.231709607    -2.739470915     0.274981174
     6.370000000     5.468017065    -2.892234712     0.274260821
     6.380000000     5.656889072    -3.140466167     0.273909212
     6.390000000     5.770375741    -3.481439664     0.273947461
     6.400000000     5.785475331    -3.891760633     0.274407959
     6.410000000     5.688379127    -4.327010414     0.275327919
     6.420000000     5.477038905    -4.730321551     0.276737996
     6.430000000     5.161530545    -5.053225281     0.278648760
     6.440000000     4.762240403    -5.273839225     0.281038514
     6.450000000     4.306413867    -5.396912312     0.283845782
     6.460000000     3.823933054    -5.441313519     0.286968885
     6.470000000     3.343256486    -5.428623945     0.290273487
     6.480000000     2.888271021    -5.377329887     0.293607253
     6.490000000     2.476463699    -5.300379351     0.296819186
     6.500000000     2.118443344    -5.205386589     0.299779999
     6.510000000     1.818541700    -5.096905373     0.302399434
     6.520000000     1.576067943    -4.978764162     0.304636750
     6.530000000     1.386785498    -4.855488897     0.306501812
     6.540000000     1.244285296    -4.732237789     0.308046182
     6.550000000     1.141081957    -4.613374246     0.309345951
     6.560000000     1.069399679    -4.501342277     0.310480317
     6.570000000     1.021705800    -4.397141774     0.311511290
     6.580000000     0.991081451    -4.301774724     0.312469980
     6.590000000     0.971501919    -4.216817143     0.313353254
     6.600000000     0.958057497    -4.143243494     0.314131687
     6.610000000     0.947103692    -4.079814970     0.314766273
     6.620000000     0.936306432    -4.022681069     0.315228625
     6.630000000     0.924551675    -3.966586264     0.315518280
     6.640000000     0.911716006    -3.907250837     0.315671715
     6.650000000     0.898332872    -3.843524309     0.315760426
     6.660000000     0.885221268    -3.777646266     0.315878956
     6.670000000     0.873156089    -3.713706702     0.316126723
     6.680000000     0.862646162    -3.655372823     0.316588955
     6.690000000     0.853851986    -3.603813282     0.317321560
     6.700000000     0.846633008    -3.557338435     0.318342777
     6.710000000     0.840678890    -3.513328758     0.319631918
     6.720000000     0.835661766    -3.470275490     0.321133466
     6.730000000     0.831350276    -3.427997551     0.322763948
     6.740000000     0.827646956    -3.386858107     0.324419370
     6.750000000     0.824539599    -3.347283215     0.325982198
     6.760000000     0.821985360    -3.309478820     0.327328047
     6.770000000     0.819766919    -3.273125451     0.328332816
     6.780000000     0.817369223    -3.237643851     0.328880702
     6.790000000     0.813922067    -3.203222087     0.328872608
     6.800000000     0.808238623    -3.171583085     0.328233478
     6.810000000     0.798955603    -3.145301741     0.326916704
     6.820000000     0.784752223    -3.125804157     0.324904156
     6.830000000     0.764600224    -3.111672274     0.322201691
     6.840000000     0.737983991    -3.098898697     0.318831445
     6.850000000     0.705034119    -3.083022873     0.314823406
     6.860000000     0.666539602    -3.061229382     0.310208980
     6.870000000     0.623836867    -3.032845346     0.305018503
     6.880000000     0.578607264    -2.998585955     0.299283178
     6.890000000     0.532636961    -2.959686953     0.293040292
     6.900000000     0.487597531    -2.917474037     0.286339506
     6.910000000     0.444891537    -2.873215294     0.279247848
     6.920000000     0.405581623    -2.827918991     0.271851748
     6.930000000     0.370394134    -2.781990331     0.264255723
     6.940000000     0.339768776    -2.735127324     0.256578487
     6.950000000     0.313919921    -2.686753216     0.248947894
     6.960000000     0.292882887    -2.636618791     0.241496027
     6.970000000     0.276534795    -2.585080629     0.234355048
     6.980000000     0.264596923    -2.533015959     0.227653601
     6.990000000     0.256636719    -2.481565428     0.221513000
     7.000000000     0.252088753    -2.431812119     0.216042507
     7.010000000     0.250305155    -2.384487530     0.211333580
     7.020000000     0.250631625    -2.339858275     0.207453814
     7.030000000     0.252491180    -2.297695078     0.204441919
     7.040000000     0.255450457    -2.257140736     0.202305110
     7.050000000     0.259245970    -2.216846658     0.201019660
     7.060000000     0.263759790    -2.175673493     0.200534320
     7.070000000     0.268951417    -2.133339063     0.200775298
     7.080000000     0.274768739    -2.090395478     0.201650985
     7.090000000     0.281069658    -2.047839566     0.203054886
     7.100000000     0.287583717    -2.006812894     0.204866242
     7.110000000     0.293930314    -1.968268703     0.206949128
     7.120000000     0.299691329    -1.932474380     0.209151938
     7.130000000     0.304517929    -1.898694999     0.211309515
     7.140000000     0.308240417    -1.865433826     0.213249643
     7.150000000     0.310949916    -1.831100786     0.214804203
     7.160000000     0.313031004    -1.794593500     0.215823635
     7.170000000     0.315141004    -1.755459308     0.216191919
     7.180000000     0.318148123    -1.713765886     0.215838717
     7.190000000     0.323051366    -1.669981130     0.214745840
     7.200000000     0.330906981    -1.624874319     0.212946565
     7.210000000     0.342779749    -1.579254359     0.210518189
     7.220000000     0.359726505    -1.533614130     0.207569773
     7.230000000     0.382808703    -1.487963524     0.204227891
     7.240000000     0.413124506    -1.442008230     0.200623120
     7.250000000     0.451849404    -1.395533361     0.196879053
     7.260000000     0.500275278    -1.348781210     0.193104425
     7.270000000     0.559836785    -1.302714135     0.189387851
     7.280000000     0.632107860    -1.258966084     0.185794239
     7.290000000     0.718740696    -1.219414427     0.182362166
     7.300000000     0.821310845    -1.185676301     0.179102244
     7.310000000     0.941034327    -1.158698788     0.175997196
     7.320000000     1.078344413    -1.138484636     0.173004777
     7.330000000     1.232359111    -1.124664214     0.170064309
     7.340000000     1.400327188    -1.118418475     0.167106787
     7.350000000     1.577192459    -1.124224762     0.164067347
     7.360000000     1.755439926    -1.149551591     0.160897949
     7.370000000     1.925364256    -1.202741488     0.157577798
     7.380000000     2.075825545    -1.290333452     0.154119353
     7.390000000     2.195442853    -1.414298529     0.150568752
     7.400000000     2.274052849    -1.569778697     0.147000682
     7.410000000     2.304167666    -1.745231089     0.143508864
     7.420000000     2.282135451    -1.925610747     0.140194035
     7.430000000     2.208754213    -2.095466354     0.137151580
     7.440000000     2.089204612    -2.240179281     0.134460795
     7.450000000     1.932318427    -2.349054396     0.132177314
     7.460000000     1.749343221    -2.419597083     0.130329686
     7.470000000     1.552460113    -2.456769261     0.128920428
     7.480000000     1.353337553    -2.468278639     0.127931214
     7.490000000     1.161959813    -2.460953210     0.127331167
     7.500000000     0.985876105    -2.439587404     0.127086559
     7.510000000     0.829907661    -2.407585445     0.127169823
     7.520000000     0.696257271    -2.368024571     0.127565675
     7.530000000     0.584908710    -2.323965222     0.128272650
     7.540000000     0.494186378    -2.278130769     0.129299305
     7.550000000     0.421359512    -2.232697811     0.130655597
     7.560000000     0.363205415    -2.189341228     0.132341233
     7.570000000     0.316478296    -2.149101403     0.134333658
     7.580000000     0.278256640    -2.111962022     0.136578636
     7.590000000     0.246160746    -2.076663125     0.138985884
     7.600000000     0.218445762    -2.041360344     0.141431195
     7.610000000     0.193986794    -2.004801896     0.143765115
     7.620000000     0.172182361    -1.966903972     0.145826823
     7.630000000     0.152809216    -1.928374920     0.147460848
     7.640000000     0.135862963    -1.890061543     0.148533709
     7.650000000     0.121414163    -1.852576255     0.148947694
     7.660000000     0.109499619    -1.816205082     0.148649714
     7.670000000     0.100056642    -1.780958236     0.147634303
     7.680000000     0.092897750    -1.746740587     0.145941108
     7.690000000     0.087717001    -1.713540593     0.143648214
     7.700000000     0.084117421    -1.681485882     0.140863163
     7.710000000     0.081650400    -1.650788704     0.137713395
     7.720000000     0.079860187    -1.621682494     0.134337201
     7.730000000     0.078328221    -1.594330442     0.130875510
     7.740000000     0.076712302    -1.568648940     0.127464200
     7.750000000     0.074775495    -1.544162861     0.124226515
     7.760000000     0.072400161    -1.520141642     0.121265438
     7.770000000     0.069584600    -1.496002699     0.118656490
     7.780000000     0.066423081    -1.471585280     0.116441847
     7.790000000     0.063073645    -1.447059252     0.114626863
     7.800000000     0.059720576    -1.422678018     0.113179833
     7.810000000     0.056538983    -1.398621222     0.112035346
     7.820000000     0.053667459    -1.374943174     0.111101047
     7.830000000     0.051192051    -1.351583710     0.110267222
     7.840000000     0.049141819    -1.328464231     0.109418378
     7.850000000     0.047494055    -1.305605535     0.108445779
     7.860000000     0.046186072    -1.283137451     0.107259666
     7.870000000     0.045130293    -1.261200242     0.105799639
     7.880000000     0.044229792    -1.239837357     0.104041486
     7.890000000     0.043392041    -1.218956373     0.101998919
     7.900000000     0.042539331    -1.198381699     0.099719317
     7.910000000     0.041615043    -1.177951442     0.097273678
     7.920000000     0.040585666    -1.157587685     0.094742334
     7.930000000     0.039439143    -1.137314381     0.092199146
     7.940000000     0.038180627    -1.117201697     0.089697516
     7.950000000     0.036826892    -1.097262566     0.087261283
     7.960000000     0.035400597    -1.077414863     0.084882505
     7.970000000     0.033925299    -1.057558133     0.082526398
     7.980000000     0.032421841    -1.037646328     0.080141974
     7.990000000     0.030906444    -1.017682793     0.077675537
     8.000000000     0.029390601    -0.997704601     0.075083687
     8.010000000     0.027882569    -0.977769345     0.072342877
     8.020000000     0.026389884    -0.957905122     0.069453748
     8.030000000     0.024922045    -0.938061869     0.066439955
     8.040000000     0.023492347    -0.918134378     0.063342593
     8.050000000     0.022118061    -0.898032447     0.060212191
     8.060000000     0.020818672    -0.877717522     0.057100446
     8.070000000     0.019612599    -0.857196963     0.054053520
     8.080000000     0.018513384    -0.836510096     0.051107909
     8.090000000     0.017526608    -0.815708327     0.048289129
     8.100000000     0.016648581    -0.794827002     0.045612701
     8.110000000     0.015867232    -0.773867881     0.043086521
     8.120000000     0.015164934    -0.752800567     0.040713587
     8.130000000     0.014522353    -0.731570929     0.038494179
     8.140000000     0.013922180    -0.710117860     0.036426972
     8.150000000     0.013351744    -0.688396546     0.034508990
     8.160000000     0.012803949    -0.666381059     0.032734711
     8.170000000     0.012276614    -0.644044582     0.031094951
     8.180000000     0.011770790    -0.621346568     0.029576179
     8.190000000     0.011288922    -0.598243317     0.028160795
     8.200000000     0.010833731    -0.574707547     0.026828528
     8.210000000     0.010408302    -0.550733727     0.025558718
     8.220000000     0.010017429    -0.526317161     0.024332898
     8.230000000     0.009669649    -0.501418148     0.023136986
     8.240000000     0.009379044    -0.475946851     0.021962442
     8.250000000     0.009165765    -0.449790924     0.020806080
     8.260000000     0.009054447    -0.422855379     0.019668621
     8.270000000     0.009070227    -0.395075081     0.018552447
     8.280000000     0.009232762    -0.366404265     0.017459221
     8.290000000     0.009549329    -0.336802734     0.016388074
     8.300000000     0.010008586    -0.306226783     0.015334847
     8.310000000     0.010576695    -0.274625391     0.014292584
     8.320000000     0.011197251    -0.241937787     0.013253107
     8.330000000     0.011795819    -0.208085161     0.012209233
     8.340000000     0.012288894    -0.172960088     0.011157087
     8.350000000     0.012596161    -0.136419178     0.010097913
     8.360000000     0.012654183    -0.098267441     0.009038952
     8.370000000     0.012429677    -0.058230080     0.007993143
     8.380000000     0.011931613    -0.015936091     0.006977672
     8.390000000     0.011223955     0.029048066     0.006011615
     8.400000000     0.010445103     0.077133642     0.005113170
     8.410000000     0.009846090     0.128651216     0.004297024
     8.420000000     0.009866821     0.183879351     0.003572440
     8.430000000     0.011277070     0.243118289     0.002942433
     8.440000000     0.015413599     0.306747239     0.002404136
     8.450000000     0.024541759     0.375246955     0.001950192
     8.460000000     0.042351837     0.449185557     0.001570696
     8.470000000     0.074558967     0.529176607     0.001255193
     8.480000000     0.129505887     0.615832388     0.000994249
     8.490000000     0.218575335     0.709711011     0.000780339
     8.500000000     0.356125921     0.811219363     0.000607998
     8.510000000     0.558614448     0.920418576     0.000473427
     8.520000000     0.842614717     1.036657757     0.000373774
     8.530000000     1.221636310     1.157908464     0.000306373
     8.540000000     1.701996295     1.279578564     0.000268111
     8.550000000     2.278443095     1.392451113     0.000255018
     8.560000000     2.930637965     1.479281032     0.000262114
     8.570000000     3.621779849     1.509778988     0.000283502
     8.580000000     4.300449249     1.435148745     0.000312677
     8.590000000     4.906091142     1.187971314     0.000343027
     8.600000000     5.377575189     0.701651484     0.000368457
     8.610000000     5.663253757    -0.036556170     0.000384036
     8.620000000     5.730255493    -0.926036614     0.000386540
     8.630000000     5.570706494    -1.773428039     0.000374777
     8.640000000     5.203251785    -2.412974546     0.000349583
     8.650000000     4.669470692    -2.794971979     0.000313506
     8.660000000     4.026138400    -2.962677504     0.000270219
     8.670000000     3.335323575    -2.987424142     0.000223815
     8.680000000     2.654700127    -2.929776273     0.000178126
     8.690000000     2.030117573    -2.830370880     0.000136212
     8.700000000     1.491609470    -2.713429516     0.000100078
     8.710000000     1.052973143    -2.592374357     0.000070647
     8.720000000     0.714179990    -2.474192765     0.000047916
     8.730000000     0.465399896    -2.362229590     0.000031225
     8.740000000     0.291388969    -2.257834595     0.000019550
     8.750000000     0.175286372    -2.161298184     0.000011760
     8.760000000     0.101309791    -2.072372483     0.000006797
     8.770000000     0.056257821    -1.990557559     0.000003774
     8.780000000     0.030015295    -1.915256249     0.000002014
     8.790000000     0.015386171    -1.845855854     0.000001032
     8.800000000     0.007577862    -1.781769331     0.000000508
     8.810000000     0.003585841    -1.722454186     0.000000241
     8.820000000     0.001630285    -1.667419287     0.000000109
     8.830000000     0.000712139    -1.616225291     0.000000048
     8.840000000     0.000298878    -1.568481889     0.000000020
     8.850000000     0.000120518    -1.523843619     0.000000008
     8.860000000     0.000046691    -1.482005230     0.000000003
     8.870000000     0.000017380    -1.442697081     0.000000001
     8.880000000     0.000006216    -1.405680849     0.000000000
     8.890000000     0.000002136    -1.370745635     0.000000000
     8.900000000     0.000000705    -1.337704496     0.000000000
     8.910000000     0.000000224    -1.306391416     0.000000000
     8.920000000     0.000000068    -1.276658649     0.000000000
     8.930000000     0.000000020    -1.248374419     0.000000000
     8.940000000     0.000000006    -1.221420929     0.000000000
     8.950000000     0.000000002    -1.195692637     0.000000000
     8.960000000     0.000000000    -1.171094766     0.000000000
     8.970000000     0.000000000    -1.147542010     0.000000000
     8.980000000     0.000000000    -1.124957420     0.000000000
     8.990000000     0.000000000    -1.103271430     0.000000000
     9.000000000     0.000000000    -1.082421016     0.000000000
     9.010000000     0.000000000    -1.062348964     0.000000000
     9.020000000     0.000000000    -1.043003223     0.000000000
     9.030000000     0.000000000    -1.024336351     0.000000000
     9.040000000     0.000000000    -1.006305021     0.000000000
     9.050000000     0.000000000    -0.988869594     0.000000000
     9.060000000     0.000000000    -0.971993734     0.000000000
     9.070000000     0.000000000    -0.955644081     0.000000000
     9.080000000     0.000000000    -0.939789951     0.000000000
     9.090000000     0.000000000    -0.924403076     0.000000000
     9.100000000     0.000000000    -0.909457376     0.000000000
     9.110000000     0.000000000    -0.894928746     0.000000000
     9.120000000     0.000000000    -0.880794878     0.000000000
     9.130000000     0.000000000    -0.867035097     0.000000000
     9.140000000     0.000000000    -0.853630212     0.000000000
     9.150000000     0.000000000    -0.840562388     0.000000000
     9.160000000     0.000000000    -0.827815027     0.000000000
     9.170000000     0.000000000    -0.815372663     0.000000000
     9.180000000     0.000000000    -0.803220865     0.000000000
     9.190000000     0.000000000    -0.791346154     0.000000000
     9.200000000     0.000000000    -0.779735925     0.000000000
     9.210000000     0.000000000    -0.768378376     0.000000000
     9.220000000     0.000000000    -0.757262445     0.000000000
     9.230000000     0.000000000    -0.746377751     0.000000000
     9.240000000     0.000000000    -0.735714546     0.000000000
     9.250000000     0.000000000    -0.725263664     0.000000000
     9.260000000     0.000000000    -0.715016476     0.000000000
     9.270000000     0.000000000    -0.704964855     0.000000000
     9.280000000     0.000000000    -0.695101136     0.000000000
     9.290000000     0.000000000    -0.685418086     0.000000000
     9.300000000     0.000000000    -0.675908872     0.000000000
     9.310000000     0.000000000    -0.666567032     0.000000000
     9.320000000     0.000000000    -0.657386452     0.000000000
     9.330000000     0.000000000    -0.648361342     0.000000000
     9.340000000     0.000000000    -0.639486213     0.000000000
     9.350000000     0.000000000    -0.630755858     0.000000000
     9.360000000     0.000000000    -0.622165334     0.000000000
     9.370000000     0.000000000    -0.613709945     0.000000000
     9.380000000     0.000000000    -0.605385226     0.000000000
     9.390000000     0.000000000    -0.597186929     0.000000000
     9.400000000     0.000000000    -0.589111008     0.000000000
     9.410000000     0.000000000    -0.581153608     0.000000000
     9.420000000     0.000000000    -0.573311054     0.000000000
     9.430000000     0.000000000    -0.565579839     0.000000000
     9.440000000     0.000000000    -0.557956614     0.000000000
     9.450000000     0.000000000    -0.550438179     0.000000000
     9.460000000     0.000000000    -0.543021475     0.000000000
     9.470000000     0.000000000    -0.535703574     0.000000000
     9.480000000     0.000000001    -0.528481672     0.000000001
     9.490000000     0.000000002    -0.521353085     0.000000002
     9.500000000     0.000000006    -0.514315236     0.000000005
     9.510000000     0.000000016    -0.507365655     0.000000014
     9.520000000     0.000000038    -0.500501968     0.000000033
     9.530000000     0.000000088    -0.493721895     0.000000077
     9.540000000     0.000000197    -0.487023242     0.000000172
     9.550000000     0.000000424    -0.480403897     0.000000369
     9.560000000     0.000000876    -0.473861826     0.000000763
     9.570000000     0.000001738    -0.467395069     0.000001515
     9.580000000     0.000003315    -0.461001734     0.000002889
     9.590000000     0.000006074    -0.454679996     0.000005293
     9.600000000     0.000010693    -0.448428098     0.000009318
     9.610000000     0.000018086    -0.442244349     0.000015760
     9.620000000     0.000029393    -0.436127130     0.000025612
     9.630000000     0.000045894    -0.430074911     0.000039991
     9.640000000     0.000068849    -0.424086279     0.000059994
     9.650000000     0.000099235    -0.418159987     0.000086472
     9.660000000     0.000137425    -0.412295056     0.000119750
     9.670000000     0.000182849    -0.406490945     0.000159333
     9.680000000     0.000233748    -0.400747826     0.000203686
     9.690000000     0.000287099    -0.395066987     0.000250175
     9.700000000     0.000338800    -0.389451229     0.000295227
     9.710000000     0.000384135    -0.383904731     0.000334731
     9.720000000     0.000418459    -0.378431191     0.000364641
     9.730000000     0.000437975    -0.373029389     0.000381647
     9.740000000     0.000440428    -0.367689081     0.000383784
     9.750000000     0.000425528    -0.362393994     0.000370800
     9.760000000     0.000395011    -0.357131535     0.000344208
     9.770000000     0.000352305    -0.351898318     0.000306995
     9.780000000     0.000301896    -0.346697387     0.000263069
     9.790000000     0.000248555    -0.341533335     0.000216588
     9.800000000     0.000196615    -0.336409724     0.000171328
     9.810000000     0.000149431    -0.331328614     0.000130212
     9.820000000     0.000109117    -0.326290896     0.000095083
     9.830000000     0.000076554    -0.321296712     0.000066709
     9.840000000     0.000051603    -0.316345771     0.000044966
     9.850000000     0.000033420    -0.311437549     0.000029122
     9.860000000     0.000020796    -0.306571403     0.000018121
     9.870000000     0.000012433    -0.301746638     0.000010834
     9.880000000     0.000007141    -0.296962540     0.000006223
     9.890000000     0.000003941    -0.292218398     0.000003434
     9.900000000     0.000002090    -0.287513510     0.000001821
     9.910000000     0.000001065    -0.282847196     0.000000928
     9.920000000     0.000000521    -0.278218790     0.000000454
     9.930000000     0.000000245    -0.273627650     0.000000214
     9.940000000     0.000000111    -0.269073151     0.000000096
     9.950000000     0.000000048    -0.264554689     0.000000042
     9.960000000     0.000000020    -0.260071675     0.000000017
     9.970000000     0.000000008    -0.255623542     0.000000007
     9.980000000     0.000000003    -0.251209737     0.000000003
     9.990000000     0.000000001    -0.246829722     0.000000001
    10.000000000     0.000000000    -0.242482977     0.000000000
    10.010000000     0.000000000    -0.238168995     0.000000000
    10.020000000     0.000000000    -0.233887280     0.000000000
    10.030000000     0.000000000    -0.229637354     0.000000000
    10.040000000     0.000000000    -0.225418747     0.000000000
    10.050000000     0.000000000    -0.221231005     0.000000000
    10.060000000     0.000000000    -0.217073681     0.000000000
    10.070000000     0.000000000    -0.212946343     0.000000000
    10.080000000     0.000000000    -0.208848567     0.000000000
    10.090000000     0.000000000    -0.204779941     0.000000000
    10.100000000     0.000000000    -0.200740060     0.000000000
    10.110000000     0.000000000    -0.196728532     0.000000000
    10.120000000     0.000000000    -0.192744972     0.000000000
    10.130000000     0.000000000    -0.188789003     0.000000000
    10.140000000     0.000000000    -0.184860258     0.000000000
    10.150000000     0.000000000    -0.180958378     0.000000000
    10.160000000     0.000000000    -0.177083012     0.000000000
    10.170000000     0.000000000    -0.173233816     0.000000000
    10.180000000     0.000000000    -0.169410453     0.000000000
    10.190000000     0.000000000    -0.165612594     0.000000000
    10.200000000     0.000000000    -0.161839918     0.000000000
    10.210000000     0.000000000    -0.158092108     0.000000000
    10.220000000     0.000000000    -0.154368855     0.000000000
    10.230000000     0.000000000    -0.150669858     0.000000000
    10.240000000     0.000000000    -0.146994819     0.000000000
    10.250000000     0.000000000    -0.143343449     0.000000000
    10.260000000     0.000000000    -0.139715462     0.000000000
    10.270000000     0.000000000    -0.136110579     0.000000000
    10.280000000     0.000000000    -0.132528527     0.000000000
    10.290000000     0.000000000    -0.128969037     0.000000000
    10.300000000     0.000000000    -0.125431847     0.000000000
    10.310000000     0.000000000    -0.121916698     0.000000000
    10.320000000     0.000000000    -0.118423337     0.000000000
    10.330000000     0.000000000    -0.114951516     0.000000000
    10.340000000     0.000000000    -0.111500990     0.000000000
    10.350000000     0.000000000    -0.108071521     0.000000000
    10.360000000     0.000000000    -0.104662874     0.000000000
    10.370000000     0.000000000    -0.101274818     0.000000000
    10.380000000     0.000000000    -0.097907126     0.000000000
    10.390000000     0.000000000    -0.094559576     0.000000000
    10.400000000     0.000000000    -0.091231950     0.000000000
    10.410000000     0.000000000    -0.087924033     0.000000000
    10.420000000     0.000000000    -0.084635614     0.000000000
    10.430000000     0.000000000    -0.081366486     0.000000000
    10.440000000     0.000000000    -0.078116445     0.000000000
    10.450000000     0.000000000    -0.074885291     0.000000000
    10.460000000     0.000000000    -0.071672828     0.000000000
    10.470000000     0.000000000    -0.068478862     0.000000000
    10.480000000     0.000000000    -0.065303203     0.000000000
    10.490000000     0.000000000    -0.062145663     0.000000000
    10.500000000     0.000000000    -0.059006060     0.000000000
    10.510000000     0.000000000    -0.055884211     0.000000000
    10.520000000     0.000000000    -0.052779939     0.000000000
    10.530000000     0.000000000    -0.049693069     0.000000000
    10.540000000     0.000000000    -0.046623428     0.000000000
    10.550000000     0.000000000    -0.043570848     0.000000000
    10.560000000     0.000000000    -0.040535160     0.000000000
    10.570000000     0.000000000    -0.037516201     0.000000000
    10.580000000     0.000000000    -0.034513810     0.000000000
    10.590000000     0.000000000    -0.031527826     0.000000000
    10.600000000     0.000000000    -0.028558093     0.000000000
    10.610000000     0.000000000    -0.025604458     0.000000000
    10.620000000     0.000000000    -0.022666767     0.000000000
    10.630000000     0.000000000    -0.019744872     0.000000000
    10.640000000     0.000000000    -0.016838624     0.000000000
    10.650000000     0.000000000    -0.013947878     0.000000000
    10.660000000     0.000000000    -0.011072492     0.000000000
    10.670000000     0.000000000    -0.008212325     0.000000000
    10.680000000     0.000000000    -0.005367237     0.000000000
    10.690000000     0.000000000    -0.002537091     0.000000000
    10.700000000     0.000000000     0.000278247     0.000000000
    10.710000000     0.000000000     0.003078911     0.000000000
    10.720000000     0.000000000     0.005865031     0.000000000
    10.730000000     0.000000000     0.008636737     0.000000000
    10.740000000     0.000000000     0.011394157     0.000000000
    10.750000000     0.000000000     0.014137415     0.000000000
    10.760000000     0.000000000     0.016866636     0.000000000
    10.770000000     0.000000000     0.019581943     0.000000000
    10.780000000     0.000000000     0.022283454     0.000000000
    10.790000000     0.000000000     0.024971291     0.000000000
    10.800000000     0.000000000     0.027645569     0.000000000
    10.810000000     0.000000000     0.030306404     0.000000000
    10.820000000     0.000000000     0.032953911     0.000000000
    10.830000000     0.000000000     0.035588202     0.000000000
    10.840000000     0.000000000     0.038209388     0.000000000
    10.850000000     0.000000000     0.040817579     0.000000000
    10.860000000     0.000000000     0.043412883     0.000000000
    10.870000000     0.000000000     0.045995407     0.000000000
    10.880000000     0.000000000     0.048565256     0.000000000
    10.890000000     0.000000000     0.051122535     0.000000000
    10.900000000     0.000000000     0.053667345     0.000000000
    10.910000000     0.000000000     0.056199789     0.000000000
    10.920000000     0.000000000     0.058719967     0.000000000
    10.930000000     0.000000000     0.061227977     0.000000000
    10.940000000     0.000000000     0.063723917     0.000000000
    10.950000000     0.000000000     0.066207883     0.000000000
    10.960000000     0.000000000     0.068679971     0.000000000
    10.970000000     0.000000000     0.071140275     0.000000000
    10.980000000     0.000000000     0.073588887     0.000000000
    10.990000000     0.000000000     0.076025899     0.000000000
    11.000000000     0.000000000     0.078451402     0.000000000
