 # Column 1: omega
 # Column 2: eps2(omega)
 # Column 3: eps1(omega)
 # Column 4: JDOS(omega)
     0.000000000     0.000000000     3.939234654     0.000000000
     0.010000000     0.000000000     3.939246851     0.000000000
     0.020000000     0.000000000     3.939283442     0.000000000
     0.030000000     0.000000000     3.939344430     0.000000000
     0.040000000     0.000000000     3.939429820     0.000000000
     0.050000000     0.000000000     3.939539617     0.000000000
     0.060000000     0.000000000     3.939673828     0.000000000
     0.070000000     0.000000000     3.939832464     0.000000000
     0.080000000     0.000000000     3.940015535     0.000000000
     0.090000000     0.000000000     3.940223054     0.000000000
     0.100000000     0.000000000     3.940455035     0.000000000
     0.110000000     0.000000000     3.940711496     0.000000000
     0.120000000     0.000000000     3.940992452     0.000000000
     0.130000000     0.000000000     3.941297925     0.000000000
     0.140000000     0.000000000     3.941627936     0.000000000
     0.150000000     0.000000000     3.941982507     0.000000000
     0.160000000     0.000000000     3.942361664     0.000000000
     0.170000000     0.000000000     3.942765433     0.000000000
     0.180000000     0.000000000     3.943193843     0.000000000
     0.190000000     0.000000000     3.943646924     0.000000000
     0.200000000     0.000000000     3.944124707     0.000000000
     0.210000000     0.000000000     3.944627227     0.000000000
     0.220000000     0.000000000     3.945154520     0.000000000
     0.230000000     0.000000000     3.945706622     0.000000000
     0.240000000     0.000000000     3.946283573     0.000000000
     0.250000000     0.000000000     3.946885414     0.000000000
     0.260000000     0.000000000     3.947512188     0.000000000
     0.270000000     0.000000000     3.948163941     0.000000000
     0.280000000     0.000000000     3.948840717     0.000000000
     0.290000000     0.000000000     3.949542568     0.000000000
     0.300000000     0.000000000     3.950269542     0.000000000
     0.310000000     0.000000000     3.951021692     0.000000000
     0.320000000     0.000000000     3.951799074     0.000000000
     0.330000000     0.000000000     3.952601744     0.000000000
     0.340000000     0.000000000     3.953429759     0.000000000
     0.350000000     0.000000000     3.954283182     0.000000000
     0.360000000     0.000000000     3.955162074     0.000000000
     0.370000000     0.000000000     3.956066500     0.000000000
     0.380000000     0.000000000     3.956996527     0.000000000
     0.390000000     0.000000000     3.957952224     0.000000000
     0.400000000     0.000000000     3.958933662     0.000000000
     0.410000000     0.000000000     3.959940914     0.000000000
     0.420000000     0.000000000     3.960974057     0.000000000
     0.430000000     0.000000000     3.962033167     0.000000000
     0.440000000     0.000000000     3.963118325     0.000000000
     0.450000000     0.000000000     3.964229613     0.000000000
     0.460000000     0.000000000     3.965367117     0.000000000
     0.470000000     0.000000000     3.966530922     0.000000000
     0.480000000     0.000000000     3.967721119     0.000000000
     0.490000000     0.000000000     3.968937800     0.000000000
     0.500000000     0.000000000     3.970181059     0.000000000
     0.510000000     0.000000000     3.971450993     0.000000000
     0.520000000     0.000000000     3.972747703     0.000000000
     0.530000000     0.000000000     3.974071289     0.000000000
     0.540000000     0.000000000     3.975421858     0.000000000
     0.550000000     0.000000000     3.976799517     0.000000000
     0.560000000     0.000000000     3.978204376     0.000000000
     0.570000000     0.000000000     3.979636549     0.000000000
     0.580000000     0.000000000     3.981096152     0.000000000
     0.590000000     0.000000000     3.982583305     0.000000000
     0.600000000     0.000000000     3.984098128     0.000000000
     0.610000000     0.000000000     3.985640749     0.000000000
     0.620000000     0.000000000     3.987211294     0.000000000
     0.630000000     0.000000000     3.988809896     0.000000000
     0.640000000     0.000000000     3.990436689     0.000000000
     0.650000000     0.000000000     3.992091812     0.000000000
     0.660000000     0.000000000     3.993775407     0.000000000
     0.670000000     0.000000000     3.995487618     0.000000000
     0.680000000     0.000000000     3.997228594     0.000000000
     0.690000000     0.000000000     3.998998487     0.000000000
     0.700000000     0.000000000     4.000797455     0.000000000
     0.710000000     0.000000000     4.002625656     0.000000000
     0.720000000     0.000000000     4.004483254     0.000000000
     0.730000000     0.000000000     4.006370419     0.000000000
     0.740000000     0.000000000     4.008287321     0.000000000
     0.750000000     0.000000000     4.010234138     0.000000000
     0.760000000     0.000000000     4.012211050     0.000000000
     0.770000000     0.000000000     4.014218242     0.000000000
     0.780000000     0.000000000     4.016255905     0.000000000
     0.790000000     0.000000000     4.018324233     0.000000000
     0.800000000     0.000000000     4.020423426     0.000000000
     0.810000000     0.000000000     4.022553688     0.000000000
     0.820000000     0.000000000     4.024715230     0.000000000
     0.830000000     0.000000000     4.026908267     0.000000000
     0.840000000     0.000000000     4.029133019     0.000000000
     0.850000000     0.000000000     4.031389714     0.000000000
     0.860000000     0.000000000     4.033678583     0.000000000
     0.870000000     0.000000000     4.035999865     0.000000000
     0.880000000     0.000000000     4.038353804     0.000000000
     0.890000000     0.000000000     4.040740653     0.000000000
     0.900000000     0.000000000     4.043160668     0.000000000
     0.910000000     0.000000000     4.045614116     0.000000000
     0.920000000     0.000000000     4.048101267     0.000000000
     0.930000000     0.000000000     4.050622402     0.000000000
     0.940000000     0.000000000     4.053177807     0.000000000
     0.950000000     0.000000000     4.055767779     0.000000000
     0.960000000     0.000000000     4.058392620     0.000000000
     0.970000000     0.000000000     4.061052644     0.000000000
     0.980000000     0.000000000     4.063748171     0.000000000
     0.990000000     0.000000000     4.066479531     0.000000000
     1.000000000     0.000000000     4.069247066     0.000000000
     1.010000000     0.000000000     4.072051125     0.000000000
     1.020000000     0.000000000     4.074892070     0.000000000
     1.030000000     0.000000000     4.077770272     0.000000000
     1.040000000     0.000000000     4.080686114     0.000000000
     1.050000000     0.000000000     4.083639993     0.000000000
     1.060000000     0.000000000     4.086632315     0.000000000
     1.070000000     0.000000000     4.089663502     0.000000000
     1.080000000     0.000000000     4.092733987     0.000000000
     1.090000000     0.000000000     4.095844220     0.000000000
     1.100000000     0.000000000     4.098994664     0.000000000
     1.110000000     0.000000000     4.102185799     0.000000000
     1.120000000     0.000000000     4.105418120     0.000000000
     1.130000000     0.000000000     4.108692141     0.000000000
     1.140000000     0.000000000     4.112008392     0.000000000
     1.150000000     0.000000000     4.115367423     0.000000000
     1.160000000     0.000000000     4.118769806     0.000000000
     1.170000000     0.000000000     4.122216130     0.000000000
     1.180000000     0.000000000     4.125707011     0.000000000
     1.190000000     0.000000000     4.129243086     0.000000000
     1.200000000     0.000000000     4.132825016     0.000000000
     1.210000000     0.000000000     4.136453489     0.000000000
     1.220000000     0.000000000     4.140129223     0.000000000
     1.230000000     0.000000000     4.143852962     0.000000000
     1.240000000     0.000000000     4.147625483     0.000000000
     1.250000000     0.000000000     4.151447597     0.000000000
     1.260000000     0.000000000     4.155320147     0.000000000
     1.270000000     0.000000000     4.159244017     0.000000000
     1.280000000     0.000000000     4.163220128     0.000000000
     1.290000000     0.000000000     4.167249446     0.000000000
     1.300000000     0.000000000     4.171332980     0.000000000
     1.310000000     0.000000000     4.175471788     0.000000000
     1.320000000     0.000000000     4.179666982     0.000000000
     1.330000000     0.000000000     4.183919726     0.000000000
     1.340000000     0.000000000     4.188231244     0.000000000
     1.350000000     0.000000000     4.192602827     0.000000000
     1.360000000     0.000000000     4.197035831     0.000000000
     1.370000000     0.000000000     4.201531687     0.000000000
     1.380000000     0.000000000     4.206091907     0.000000000
     1.390000000     0.000000000     4.210718086     0.000000000
     1.400000000     0.000000000     4.215411916     0.000000000
     1.410000000     0.000000000     4.220175185     0.000000000
     1.420000000     0.000000001     4.225009795     0.000000001
     1.430000000     0.000000002     4.229917762     0.000000002
     1.440000000     0.000000005     4.234901236     0.000000005
     1.450000000     0.000000013     4.239962503     0.000000012
     1.460000000     0.000000033     4.245104006     0.000000030
     1.470000000     0.000000076     4.250328356     0.000000071
     1.480000000     0.000000172     4.255638346     0.000000161
     1.490000000     0.000000372     4.261036973     0.000000350
     1.500000000     0.000000773     4.266527456     0.000000733
     1.510000000     0.000001544     4.272113258     0.000001478
     1.520000000     0.000002963     4.277798112     0.000002866
     1.530000000     0.000005463     4.283586049     0.000005348
     1.540000000     0.000009678     4.289481422     0.000009602
     1.550000000     0.000016475     4.295488949     0.000016595
     1.560000000     0.000026946     4.301613734     0.000027612
     1.570000000     0.000042348     4.307861307     0.000044238
     1.580000000     0.000063947     4.314237646     0.000068263
     1.590000000     0.000092785     4.320749188     0.000101474
     1.600000000     0.000129364     4.327402811     0.000145353
     1.610000000     0.000173317     4.334205753     0.000200676
     1.620000000     0.000223147     4.341165449     0.000267105
     1.630000000     0.000276138     4.348289257     0.000342841
     1.640000000     0.000328532     4.355584162     0.000424465
     1.650000000     0.000376036     4.363056905     0.000507040
     1.660000000     0.000414680     4.370715617     0.000584542
     1.670000000     0.000442008     4.378573996     0.000650594
     1.680000000     0.000458619     4.386655995     0.000699395
     1.690000000     0.000470184     4.394994466     0.000726706
     1.700000000     0.000490250     4.403622365     0.000730690
     1.710000000     0.000544391     4.412566455     0.000712453
     1.720000000     0.000676489     4.421849364     0.000676168
     1.730000000     0.000957959     4.431494535     0.000628753
     1.740000000     0.001500490     4.441529029     0.000579183
     1.750000000     0.002472144     4.451983974     0.000537518
     1.760000000     0.004115361     4.462893684     0.000513842
     1.770000000     0.006763634     4.474293645     0.000517233
     1.780000000     0.010851559     4.486216789     0.000554910
     1.790000000     0.016911168     4.498686679     0.000631668
     1.800000000     0.025546766     4.511705135     0.000749651
     1.810000000     0.037381776     4.525230194     0.000908527
     1.820000000     0.052975140     4.539138309     0.001106032
     1.830000000     0.072711796     4.553163995     0.001338859
     1.840000000     0.096680731     4.566816725     0.001603759
     1.850000000     0.124563062     4.579301694     0.001898708
     1.860000000     0.155558429     4.589524284     0.002223989
     1.870000000     0.188377503     4.596266266     0.002583012
     1.880000000     0.221319647     4.598409570     0.002982791
     1.890000000     0.252438008     4.594869263     0.003433979
     1.900000000     0.279773081     4.584595116     0.003950439
     1.910000000     0.301615797     4.567724517     0.004548308
     1.920000000     0.316749101     4.547004735     0.005244530
     1.930000000     0.324617434     4.526688838     0.006054918
     1.940000000     0.325387708     4.509595111     0.006991864
     1.950000000     0.319889673     4.496343556     0.008061970
     1.960000000     0.309451284     4.486972909     0.009263942
     1.970000000     0.295667800     4.481826385     0.010587135
     1.980000000     0.280155642     4.480986438     0.012011022
     1.990000000     0.264340790     4.483608367     0.013505721
     2.000000000     0.249318224     4.488042697     0.015033546
     2.010000000     0.235798269     4.492753925     0.016551448
     2.020000000     0.224134057     4.497147609     0.018014207
     2.030000000     0.214407322     4.501492342     0.019378260
     2.040000000     0.206541054     4.506280616     0.020606063
     2.050000000     0.200407934     4.511881865     0.021670712
     2.060000000     0.195911032     4.518514795     0.022560305
     2.070000000     0.193024579     4.526139600     0.023281208
     2.080000000     0.191793969     4.534404887     0.023859175
     2.090000000     0.192302951     4.542901299     0.024337474
     2.100000000     0.194621093     4.551467346     0.024771616
     2.110000000     0.198746385     4.560170304     0.025221209
     2.120000000     0.204557148     4.568979305     0.025740296
     2.130000000     0.211785033     4.577502975     0.026368225
     2.140000000     0.220017073     4.585040848     0.027123205
     2.150000000     0.228729498     4.590851026     0.028000187
     2.160000000     0.237349623     4.594519366     0.028973664
     2.170000000     0.245335539     4.596268499     0.030004778
     2.180000000     0.252258266     4.596839198     0.031051030
     2.190000000     0.257869225     4.596981663     0.032076345
     2.200000000     0.262138479     4.597134825     0.033059267
     2.210000000     0.265255852     4.597657374     0.033997687
     2.220000000     0.267595871     4.599216626     0.034909429
     2.230000000     0.269655545     4.602508185     0.035828993
     2.240000000     0.271978532     4.607447389     0.036801541
     2.250000000     0.275078650     4.612926843     0.037875613
     2.260000000     0.279371010     4.617569546     0.039096084
     2.270000000     0.285112917     4.620768895     0.040498557
     2.280000000     0.292352997     4.623016653     0.042105877
     2.290000000     0.300888247     4.625251403     0.043926869
     2.300000000     0.310234660     4.627923869     0.045956908
     2.310000000     0.319624388     4.630528755     0.048179654
     2.320000000     0.328045954     4.631692547     0.050569185
     2.330000000     0.334339578     4.629654582     0.053091952
     2.340000000     0.337346466     4.623174001     0.055708254
     2.350000000     0.336092623     4.612571183     0.058373265
     2.360000000     0.329971362     4.599989587     0.061037874
     2.370000000     0.318881455     4.588446532     0.063649690
     2.380000000     0.303283814     4.580494597     0.066154460
     2.390000000     0.284157876     4.577461545     0.068497937
     2.400000000     0.262863569     4.579504065     0.070628041
     2.410000000     0.240938002     4.586075819     0.072497007
     2.420000000     0.219870478     4.596284282     0.074063307
     2.430000000     0.200901642     4.609060358     0.075293266
     2.440000000     0.184883137     4.623283186     0.076162583
     2.450000000     0.172217272     4.637901569     0.076658015
     2.460000000     0.162877312     4.652077264     0.076779448
     2.470000000     0.156493171     4.665289815     0.076542250
     2.480000000     0.152477229     4.677336072     0.075979402
     2.490000000     0.150161762     4.688266216     0.075142571
     2.500000000     0.148921987     4.698307588     0.074101219
     2.510000000     0.148265408     4.707820893     0.072939098
     2.520000000     0.147876959     4.717267527     0.071748023
     2.530000000     0.147618784     4.727082168     0.070619485
     2.540000000     0.147491823     4.737478091     0.069635262
     2.550000000     0.147572631     4.748410684     0.068858506
     2.560000000     0.147942172     4.759682002     0.068326787
     2.570000000     0.148623193     4.770968094     0.068048205
     2.580000000     0.149539359     4.781856453     0.068001127
     2.590000000     0.150503335     4.791992176     0.068137427
     2.600000000     0.151233885     4.801130113     0.068388540
     2.610000000     0.151395571     4.809128906     0.068673281
     2.620000000     0.150650327     4.816142102     0.068906224
     2.630000000     0.148709142     4.822759999     0.069005577
     2.640000000     0.145374031     4.829715267     0.068899757
     2.650000000     0.140564514     4.837434301     0.068532167
     2.660000000     0.134327153     4.845924632     0.067863966
     2.670000000     0.126829938     4.855010467     0.066874813
     2.680000000     0.118344666     4.864632395     0.065561712
     2.690000000     0.109220314     4.875008117     0.063936233
     2.700000000     0.099849713     4.886558590     0.062020563
     2.710000000     0.090631760     4.899624832     0.059843049
     2.720000000     0.081932412     4.914225832     0.057434037
     2.730000000     0.074049351     4.930057986     0.054822838
     2.740000000     0.067186321     4.946650137     0.052036398
     2.750000000     0.061442600     4.963535353     0.049099920
     2.760000000     0.056820295     4.980361126     0.046039103
     2.770000000     0.053247648     4.996903144     0.042883273
     2.780000000     0.050611888     5.013065850     0.039668351
     2.790000000     0.048792075     5.028960656     0.036438625
     2.800000000     0.047682340     5.044919452     0.033246586
     2.810000000     0.047199265     5.061281870     0.030150562
     2.820000000     0.047272807     5.078164129     0.027210503
     2.830000000     0.047826268     5.095457249     0.024482728
     2.840000000     0.048754972     5.112928782     0.022014744
     2.850000000     0.049913921     5.130232143     0.019841193
     2.860000000     0.051121390     5.146904577     0.017981674
     2.870000000     0.052179440     5.162553042     0.016440660
     2.880000000     0.052905841     5.177208490     0.015209222
     2.890000000     0.053167648     5.191492021     0.014267899
     2.900000000     0.052906021     5.206256946     0.013589888
     2.910000000     0.052145166     5.222017513     0.013143905
     2.920000000     0.050983825     5.238774230     0.012896314
     2.930000000     0.049573229     5.256232229     0.012812479
     2.940000000     0.048088735     5.274052023     0.012857557
     2.950000000     0.046702457     5.291989596     0.012997022
     2.960000000     0.045561657     5.309968907     0.013197210
     2.970000000     0.044774178     5.328108851     0.013426033
     2.980000000     0.044399658     5.346638261     0.013653864
     2.990000000     0.044444737     5.365710325     0.013854503
     3.000000000     0.044861896     5.385271031     0.014006088
     3.010000000     0.045553617     5.405088203     0.014091800
     3.020000000     0.046384700     5.424854587     0.014100277
     3.030000000     0.047204748     5.444263518     0.014025689
     3.040000000     0.047879938     5.463136501     0.013867481
     3.050000000     0.048329351     5.481638008     0.013629872
     3.060000000     0.048557892     5.500313647     0.013321232
     3.070000000     0.048676576     5.519743284     0.012953481
     3.080000000     0.048902496     5.540167097     0.012541583
     3.090000000     0.049534834     5.561532466     0.012103145
     3.100000000     0.050908870     5.583768486     0.011658003
     3.110000000     0.053335722     5.606848354     0.011227612
     3.120000000     0.057039929     5.630655824     0.010834084
     3.130000000     0.062108737     5.654918981     0.010498852
     3.140000000     0.068465138     5.679208318     0.010241077
     3.150000000     0.075871418     5.702906551     0.010076069
     3.160000000     0.083962256     5.725268118     0.010014045
     3.170000000     0.092298547     5.745723883     0.010059470
     3.180000000     0.100427894     5.764354007     0.010211138
     3.190000000     0.107937318     5.782120976     0.010462985
     3.200000000     0.114488614     5.800429159     0.010805560
     3.210000000     0.119835058     5.820219372     0.011228028
     3.220000000     0.123826100     5.841349867     0.011720520
     3.230000000     0.126410487     5.862740294     0.012276556
     3.240000000     0.127645919     5.883161132     0.012895140
     3.250000000     0.127715957     5.902272411     0.013582001
     3.260000000     0.126946287     5.921227285     0.014349475
     3.270000000     0.125807217     5.941992383     0.015214708
     3.280000000     0.124890581     5.965841047     0.016196262
     3.290000000     0.124856843     5.992678836     0.017309657
     3.300000000     0.126358816     6.021573436     0.018562828
     3.310000000     0.129957258     6.051500510     0.019952584
     3.320000000     0.136046632     6.081651032     0.021463037
     3.330000000     0.144805682     6.111399014     0.023066506
     3.340000000     0.156179031     6.140246750     0.024726808
     3.350000000     0.169887038     6.167850714     0.026404297
     3.360000000     0.185455456     6.194138861     0.028061678
     3.370000000     0.202256033     6.219378625     0.029669563
     3.380000000     0.219553153     6.243895997     0.031210898
     3.390000000     0.236556842     6.267594453     0.032683729
     3.400000000     0.252485216     6.289899379     0.034102066
     3.410000000     0.266637586     6.310239501     0.035494843
     3.420000000     0.278473064     6.328497314     0.036903126
     3.430000000     0.287681886     6.345169922     0.038375837
     3.440000000     0.294231729     6.361489115     0.039964369
     3.450000000     0.298372728     6.379264816     0.041716684
     3.460000000     0.300593418     6.400037266     0.043671576
     3.470000000     0.301533095     6.424206586     0.045853905
     3.480000000     0.301869398     6.451047368     0.048271433
     3.490000000     0.302208112     6.479395259     0.050913681
     3.500000000     0.303002119     6.508235931     0.053752834
     3.510000000     0.304517783     6.536973421     0.056746427
     3.520000000     0.306853004     6.565511498     0.059841375
     3.530000000     0.309996257     6.594063562     0.062978891
     3.540000000     0.313905015     6.622817358     0.066099956
     3.550000000     0.318577918     6.651924308     0.069151056
     3.560000000     0.324098704     6.681749821     0.072089842
     3.570000000     0.330639583     6.712854545     0.074890185
     3.580000000     0.338424451     6.745606541     0.077545842
     3.590000000     0.347664372     6.779864002     0.080071800
     3.600000000     0.358486079     6.815025848     0.082502537
     3.610000000     0.370876482     6.850327476     0.084886966
     3.620000000     0.384661774     6.885085996     0.087280610
     3.630000000     0.399529782     6.918705445     0.089736463
     3.640000000     0.415091274     6.950717121     0.092296586
     3.650000000     0.430963793     6.981080526     0.094986575
     3.660000000     0.446853894     7.010362319     0.097814453
     3.670000000     0.462613082     7.039496787     0.100774387
     3.680000000     0.478249761     7.069426148     0.103854230
     3.690000000     0.493892343     7.100828995     0.107044720
     3.700000000     0.509713287     7.133824698     0.110347586
     3.710000000     0.525835578     7.167891918     0.113780066
     3.720000000     0.542248325     7.202130517     0.117374376
     3.730000000     0.558754946     7.235522800     0.121172122
     3.740000000     0.574967459     7.267231203     0.125215059
     3.750000000     0.590347195     7.297057507     0.129534593
     3.760000000     0.604280631     7.325572774     0.134142590
     3.770000000     0.616172675     7.353732811     0.139025626
     3.780000000     0.625540104     7.382458964     0.144143714
     3.790000000     0.632093639     7.412371730     0.149433432
     3.800000000     0.635804766     7.443674615     0.154814373
     3.810000000     0.636958949     7.476383887     0.160197248
     3.820000000     0.636197232     7.510762785     0.165491910
     3.830000000     0.634542783     7.547488035     0.170613837
     3.840000000     0.633399861     7.587268759     0.175488198
     3.850000000     0.634504338     7.630366107     0.180051231
     3.860000000     0.639802658     7.676746270     0.184249343
     3.870000000     0.651244306     7.726648499     0.188036824
     3.880000000     0.670492700     7.780568814     0.191373413
     3.890000000     0.698587765     7.838378682     0.194223006
     3.900000000     0.735622133     7.898450047     0.196554501
     3.910000000     0.780511081     7.957623273     0.198345121
     3.920000000     0.830933756     8.011890797     0.199585692
     3.930000000     0.883495157     8.057176547     0.200286496
     3.940000000     0.934108989     8.090010301     0.200481795
     3.950000000     0.978544301     8.108672038     0.200231145
     3.960000000     1.013032455     8.115083838     0.199616338
     3.970000000     1.034812236     8.115957589     0.198733941
     3.980000000     1.042507340     8.120724845     0.197684674
     3.990000000     1.036276252     8.136453783     0.196561806
     4.000000000     1.017732778     8.164313970     0.195441028
     4.010000000     0.989685428     8.200962831     0.194373824
     4.020000000     0.955769935     8.242867330     0.193385324
     4.030000000     0.920047588     8.289762662     0.192476494
     4.040000000     0.886620835     8.344739533     0.191629537
     4.050000000     0.859291153     8.410867802     0.190814966
     4.060000000     0.841265620     8.487897912     0.189998937
     4.070000000     0.834913449     8.572379998     0.189149949
     4.080000000     0.841579339     8.659888896     0.188244591
     4.090000000     0.861469093     8.746641851     0.187272406
     4.100000000     0.893627163     8.830086041     0.186239975
     4.110000000     0.936021967     8.908877127     0.185174065
     4.120000000     0.985743704     8.982319072     0.184123331
     4.130000000     1.039304029     9.049815926     0.183157884
     4.140000000     1.093010487     9.110809185     0.182366163
     4.150000000     1.143373527     9.164846655     0.181849012
     4.160000000     1.187492660     9.211908524     0.181711509
     4.170000000     1.223363953     9.253627657     0.182053694
     4.180000000     1.250057458     9.294275009     0.182961649
     4.190000000     1.267732365     9.339351803     0.184500344
     4.200000000     1.277488209     9.392640284     0.186709196
     4.210000000     1.281085340     9.454974564     0.189600603
     4.220000000     1.280597057     9.525244987     0.193161003
     4.230000000     1.278069117     9.601512908     0.197353384
     4.240000000     1.275254537     9.681592274     0.202119953
     4.250000000     1.273465025     9.763704202     0.207383792
     4.260000000     1.273543906     9.847124383     0.213048811
     4.270000000     1.275931949     9.932342409     0.218998032
     4.280000000     1.280777725    10.020592298     0.225090916
     4.290000000     1.288043473    10.113167892     0.231160941
     4.300000000     1.297573766    10.210773344     0.237014774
     4.310000000     1.309119702    10.312969738     0.242434184
     4.320000000     1.322335707    10.418387154     0.247181450
     4.330000000     1.336780649    10.525903307     0.251008541
     4.340000000     1.351955412    10.635481591     0.253669958
     4.350000000     1.367396207    10.747594474     0.254938760
     4.360000000     1.382821523    10.862253191     0.254624918
     4.370000000     1.398308176    10.979339989     0.252594675
     4.380000000     1.414455534    11.099729183     0.248788953
     4.390000000     1.432491931    11.225360528     0.243238299
     4.400000000     1.454284981    11.358448012     0.236071548
     4.410000000     1.482235331    11.500946541     0.227515671
     4.420000000     1.519055377    11.653851513     0.217885166
     4.430000000     1.567453931    11.816365821     0.207560966
     4.440000000     1.629760388    11.985788926     0.196960673
     4.450000000     1.707528017    12.158052145     0.186503658
     4.460000000     1.801160210    12.329159983     0.176575675
     4.470000000     1.909611240    12.497381287     0.167497841
     4.480000000     2.030224950    12.663895061     0.159504087
     4.490000000     2.158783269    12.830053062     0.152729743
     4.500000000     2.289827278    12.993536986     0.147212071
     4.510000000     2.417273411    13.147802699     0.142901774
     4.520000000     2.535274477    13.285606076     0.139682975
     4.530000000     2.639186302    13.404310323     0.137398122
     4.540000000     2.726429293    13.510470191     0.135873731
     4.550000000     2.797017505    13.620540820     0.134942946
     4.560000000     2.853588252    13.754633094     0.134461626
     4.570000000     2.900896030    13.925489254     0.134316085
     4.580000000     2.944896257    14.132599522     0.134422446
     4.590000000     2.991679070    14.366171169     0.134719560
     4.600000000     3.046568048    14.613921035     0.135158936
     4.610000000     3.113648129    14.865468602     0.135695620
     4.620000000     3.195845764    15.115399631     0.136283242
     4.630000000     3.295501331    15.364580290     0.136874703
     4.640000000     3.415212632    15.618235387     0.137427795
     4.650000000     3.558642971    15.883441764     0.137913259
     4.660000000     3.731003529    16.168079504     0.138322010
     4.670000000     3.939028206    16.478106836     0.138668764
     4.680000000     4.190421574    16.813142921     0.138990779
     4.690000000     4.492923857    17.166105842     0.139342270
     4.700000000     4.853249719    17.528297701     0.139786482
     4.710000000     5.276184853    17.893156848     0.140387929
     4.720000000     5.764057118    18.253248701     0.141206819
     4.730000000     6.316658716    18.594751837     0.142296472
     4.740000000     6.931531397    18.899615607     0.143703167
     4.750000000     7.604400635    19.156806768     0.145466954
     4.760000000     8.329511984    19.371646427     0.147621762
     4.770000000     9.099705606    19.563023903     0.150193801
     4.780000000     9.906236805    19.747851115     0.153198275
     4.790000000    10.738540409    19.925527706     0.156635467
     4.800000000    11.584256501    20.074229790     0.160487760
     4.810000000    12.429819659    20.158626364     0.164718964
     4.820000000    13.261755452    20.151374398     0.169276465
     4.830000000    14.068583462    20.059797885     0.174095711
     4.840000000    14.842991195    19.926067087     0.179105695
     4.850000000    15.583807499    19.795000593     0.184233956
     4.860000000    16.297309959    19.687154958     0.189410045
     4.870000000    16.997530625    19.599542077     0.194567352
     4.880000000    17.705419988    19.521819246     0.199644005
     4.890000000    18.446928433    19.451343940     0.204583987
     4.900000000    19.250232622    19.395564146     0.209339340
     4.910000000    20.142468014    19.362603501     0.213873565
     4.920000000    21.146435896    19.349346308     0.218165379
     4.930000000    22.277824154    19.334078365     0.222211374
     4.940000000    23.543474657    19.279139651     0.226026145
     4.950000000    24.941090599    19.143057092     0.229639065
     4.960000000    26.460472906    18.893142884     0.233087985
     4.970000000    28.085941197    18.505083407     0.236411136
     4.980000000    29.799151004    17.955871040     0.239639209
     4.990000000    31.581241712    17.235453478     0.242789620
     5.000000000    33.413306190    16.371545390     0.245864451
     5.010000000    35.274637007    15.423730235     0.248852627
     5.020000000    37.138994514    14.436507081     0.251735795
     5.030000000    38.970020431    13.396178375     0.254496421
     5.040000000    40.717559568    12.233278101     0.257126078
     5.050000000    42.316758979    10.862773358     0.259631742
     5.060000000    43.691257566     9.220421024     0.262038408
     5.070000000    44.760668767     7.279929124     0.264387188
     5.080000000    45.451227193     5.069054613     0.266729184
     5.090000000    45.707362776     2.676573463     0.269116436
     5.100000000    45.501476880     0.235138479     0.271591916
     5.110000000    44.839512446    -2.103822104     0.274180571
     5.120000000    43.760941827    -4.203317391     0.276882995
     5.130000000    42.333203338    -5.987055320     0.279672477
     5.140000000    40.641947877    -7.460435223     0.282495438
     5.150000000    38.779315577    -8.681145962     0.285274745
     5.160000000    36.832650303    -9.713127220     0.287915231
     5.170000000    34.875623295   -10.598709228     0.290310881
     5.180000000    32.962913739   -11.352655254     0.292353195
     5.190000000    31.128690645   -11.975679982     0.293940238
     5.200000000    29.388406651   -12.478758010     0.294985644
     5.210000000    27.742968259   -12.896612958     0.295426598
     5.220000000    26.184176907   -13.273205055     0.295229752
     5.230000000    24.700359852   -13.631874468     0.294394226
     5.240000000    23.281249779   -13.961716282     0.292951311
     5.250000000    21.921391024   -14.231024098     0.290960998
     5.260000000    20.621647830   -14.409511776     0.288505878
     5.270000000    19.388762313   -14.479795356     0.285683186
     5.280000000    18.233312178   -14.439384176     0.282595822
     5.290000000    17.166759100   -14.301492541     0.279343221
     5.300000000    16.198451082   -14.096206796     0.276013047
     5.310000000    15.333376172   -13.866032555     0.272674756
     5.320000000    14.571170184   -13.649761358     0.269376083
     5.330000000    13.906453566   -13.464666480     0.266143164
     5.340000000    13.330161555   -13.305283955     0.262984381
     5.350000000    12.831279078   -13.156652654     0.259897155
     5.360000000    12.398374532   -13.004329668     0.256876125
     5.370000000    12.020526762   -12.837961772     0.253920692
     5.380000000    11.687556677   -12.657059658     0.251040038
     5.390000000    11.389771813   -12.476018858     0.248254391
     5.400000000    11.117594213   -12.318668159     0.245592350
     5.410000000    10.861421787   -12.203680138     0.243085227
     5.420000000    10.611903532   -12.132420581     0.240760186
     5.430000000    10.360579247   -12.090118064     0.238634296
     5.440000000    10.100647959   -12.057856185     0.236711323
     5.450000000     9.827558905   -12.022373925     0.234982254
     5.460000000     9.539182131   -11.978848784     0.233429422
     5.470000000     9.235475939   -11.927721650     0.232032963
     5.480000000     8.917756504   -11.868594962     0.230777656
     5.490000000     8.587819405   -11.798654276     0.229658036
     5.500000000     8.247214338   -11.716984021     0.228680255
     5.510000000     7.896918886   -11.628106368     0.227860247
     5.520000000     7.537516540   -11.541130113     0.227218978
     5.530000000     7.169806303   -11.464725693     0.226776587
     5.540000000     6.795614974   -11.397873853     0.226547587
     5.550000000     6.418500817   -11.323975759     0.226538964
     5.560000000     6.044057229   -11.220658024     0.226752020
     5.570000000     5.679642349   -11.076871156     0.227187495
     5.580000000     5.333537506   -10.896771603     0.227852358
     5.590000000     5.013716015   -10.690970880     0.228765941
     5.600000000     4.726526401   -10.469720785     0.229963173
     5.610000000     4.475623120   -10.242765278     0.231493331
     5.620000000     4.261408002   -10.020063712     0.233413823
     5.630000000     4.081102894    -9.810235036     0.235779692
     5.640000000     3.929404666    -9.619221953     0.238630369
     5.650000000     3.799528116    -9.449853409     0.241975654
     5.660000000     3.684359548    -9.300397025     0.245782859
     5.670000000     3.577442694    -9.163961324     0.249966733
     5.680000000     3.473594372    -9.031811558     0.254383437
     5.690000000     3.369074130    -8.897746314     0.258829544
     5.700000000     3.261370961    -8.759503010     0.263046937
     5.710000000     3.148779111    -8.618019449     0.266734316
     5.720000000     3.029981153    -8.476931806     0.269565685
     5.730000000     2.903826868    -8.341824812     0.271215416
     5.740000000     2.769402800    -8.217725418     0.271388244
     5.750000000     2.626363242    -8.105454923     0.269851164
     5.760000000     2.475383377    -7.999297689     0.266462933
     5.770000000     2.318538415    -7.888495741     0.261196332
     5.780000000     2.159428198    -7.762270410     0.254148878
     5.790000000     2.002947181    -7.614458269     0.245539245
     5.800000000     1.854713887    -7.445275847     0.235689175
     5.810000000     1.720280468    -7.260562981     0.224993333
     5.820000000     1.604306428    -7.068838795     0.213881894
     5.830000000     1.509884191    -6.877614896     0.202781851
     5.840000000     1.438154020    -6.691511824     0.192082980
     5.850000000     1.388264503    -6.512741475     0.182112962
     5.860000000     1.357651117    -6.342376886     0.173123976
     5.870000000     1.342542160    -6.181518722     0.165290628
     5.880000000     1.338570015    -6.031999334     0.158717106
     5.890000000     1.341366192    -5.895438462     0.153450283
     5.900000000     1.347043068    -5.770653082     0.149495340
     5.910000000     1.352503837    -5.653027492     0.146831006
     5.920000000     1.355565139    -5.537913767     0.145422425
     5.930000000     1.354916176    -5.423533240     0.145230600
     5.940000000     1.349966728    -5.310244964     0.146217968
     5.950000000     1.340649118    -5.198886259     0.148350136
     5.960000000     1.327233728    -5.090081552     0.151594053
     5.970000000     1.310196759    -4.984073516     0.155913251
     5.980000000     1.290150220    -4.880593434     0.161261142
     5.990000000     1.267817914    -4.778485955     0.167573725
     6.000000000     1.244026847    -4.675672671     0.174763267
     6.010000000     1.219685439    -4.570020212     0.182714372
     6.020000000     1.195735823    -4.460451723     0.191283419
     6.030000000     1.173089367    -4.347364318     0.200301698
     6.040000000     1.152571934    -4.232234616     0.209581916
     6.050000000     1.134910173    -4.116761962     0.218927253
     6.060000000     1.120779408    -4.001975704     0.228141984
     6.070000000     1.110911329    -3.887905686     0.237042621
     6.080000000     1.106234217    -3.773896249     0.245468668
     6.090000000     1.107999950    -3.658965557     0.253292082
     6.100000000     1.117848416    -3.541917235     0.260424489
     6.110000000     1.137773817    -3.421476966     0.266821106
     6.120000000     1.169985114    -3.296787969     0.272480371
     6.130000000     1.216685816    -3.168251312     0.277438591
     6.140000000     1.279824946    -3.038045336     0.281759680
     6.150000000     1.360880932    -2.909585148     0.285521025
     6.160000000     1.460727681    -2.786375071     0.288797624
     6.170000000     1.579599409    -2.671416091     0.291647325
     6.180000000     1.717128511    -2.567359979     0.294100137
     6.190000000     1.872396446    -2.476490630     0.296153891
     6.200000000     2.043929605    -2.399751510     0.297777226
     6.210000000     2.229602064    -2.335565256     0.298919297
     6.220000000     2.426471908    -2.280717944     0.299524127
     6.230000000     2.630655837    -2.233661399     0.299546654
     6.240000000     2.837402075    -2.197061187     0.298967304
     6.250000000     3.041515987    -2.177694492     0.297802377
     6.260000000     3.238204323    -2.184484733     0.296108448
     6.270000000     3.424242273    -2.224900797     0.293980114
     6.280000000     3.599179835    -2.299744492     0.291541599
     6.290000000     3.766163985    -2.398273235     0.288933721
     6.300000000     3.931934930    -2.498488697     0.286298570
     6.310000000     4.105700698    -2.576233559     0.283764668
     6.320000000     4.296890102    -2.618184367     0.281435397
     6.330000000     4.512153476    -2.629255928     0.279382872
     6.340000000     4.752305253    -2.630959257     0.277648356
     6.350000000     5.010061293    -2.654435262     0.276248844
     6.360000000     5.269338004    -2.732558477     0.275187922
     6.370000000     5.506546410    -2.892371858     0.274467946
     6.380000000     5.693813076    -3.148019257     0.274100141
     6.390000000     5.803534477    -3.495477514     0.274109698
     6.400000000     5.813282545    -3.909957972     0.274534235
     6.410000000     5.709951087    -4.346351314     0.275415705
     6.420000000     5.492209770    -4.748268685     0.276787593
     6.430000000     5.170762116    -5.068496343     0.278660576
     6.440000000     4.766454405    -5.286357237     0.281010341
     6.450000000     4.306787389    -5.407263336     0.283770886
     6.460000000     3.821699414    -5.450174196     0.286835503
     6.470000000     3.339545167    -5.436455853     0.290065955
     6.480000000     2.884004958    -5.384361639     0.293308595
     6.490000000     2.472315562    -5.306723261     0.296414615
     6.500000000     2.114839388    -5.211135288     0.299260623
     6.510000000     1.815695245    -5.102155886     0.301765399
     6.520000000     1.574024855    -4.983617975     0.303899248
     6.530000000     1.385469084    -4.860056763     0.305683615
     6.540000000     1.243534852    -4.736648094     0.307180660
     6.550000000     1.140684864    -4.617786560     0.308474738
     6.560000000     1.069119832    -4.505945489     0.309649913
     6.570000000     1.021310950    -4.402110159     0.310768964
     6.580000000     0.990369825    -4.307170486     0.311859320
     6.590000000     0.970325822    -4.222487194     0.312909809
     6.600000000     0.956340011    -4.148832079     0.313879170
     6.610000000     0.944844884    -4.084913412     0.314713855
     6.620000000     0.933577591    -4.027000209     0.315369806
     6.630000000     0.921479067    -3.970074261     0.315831636
     6.640000000     0.908458283    -3.910093649     0.316123500
     6.650000000     0.895057520    -3.845990639     0.316308629
     6.660000000     0.882084961    -3.779908463     0.316478071
     6.670000000     0.870291867    -3.715778195     0.316732343
     6.680000000     0.860157854    -3.657173139     0.317161409
     6.690000000     0.851814127    -3.605294097     0.317828117
     6.700000000     0.845093364    -3.558554272     0.318758408
     6.710000000     0.839660731    -3.514396064     0.319939012
     6.720000000     0.835163987    -3.471304573     0.321321136
     6.730000000     0.831344915    -3.429067606     0.322827518
     6.740000000     0.828075152    -3.388008586     0.324360371
     6.750000000     0.825308217    -3.348511084     0.325808811
     6.760000000     0.822967056    -3.310786796     0.327055568
     6.770000000     0.820806159    -3.274601701     0.327983549
     6.780000000     0.818295550    -3.239468797     0.328482783
     6.790000000     0.814569916    -3.205563317     0.328457572
     6.800000000     0.808470667    -3.174459294     0.327832840
     6.810000000     0.798684752    -3.148521306     0.326558168
     6.820000000     0.783956797    -3.129017563     0.324608307
     6.830000000     0.763327908    -3.114504336     0.321979901
     6.840000000     0.736342890    -3.101091568     0.318685469
     6.850000000     0.703172700    -3.084514326     0.314746682
     6.860000000     0.664620398    -3.062137100     0.310189275
     6.870000000     0.622010442    -3.033398649     0.305041279
     6.880000000     0.576992423    -2.999038573     0.299334980
     6.890000000     0.531310899    -2.960226352     0.293111567
     6.900000000     0.486596278    -2.918167423     0.286426458
     6.910000000     0.444218055    -2.874015673     0.279353116
     6.920000000     0.405217163    -2.828718176     0.271983890
     6.930000000     0.370308477    -2.782691132     0.264427577
     6.940000000     0.339926531    -2.735701171     0.256804606
     6.950000000     0.314282337    -2.687250224     0.249241354
     6.960000000     0.293406664    -2.637132848     0.241865060
     6.970000000     0.277170474    -2.585713074     0.234800064
     6.980000000     0.265289279    -2.533853806     0.228165218
     6.990000000     0.257328382    -2.482654780     0.222071603
     7.000000000     0.252726746    -2.433129163     0.216619596
     7.010000000     0.250848716    -2.385937595     0.211894818
     7.020000000     0.251059099    -2.341318623     0.207963283
     7.030000000     0.252804016    -2.299071930     0.204866805
     7.040000000     0.255673220    -2.258399085     0.202619927
     7.050000000     0.259422318    -2.218001142     0.201209259
     7.060000000     0.263945260    -2.176757697     0.200595217
     7.070000000     0.269204306    -2.134381660     0.200715260
     7.080000000     0.275140462    -2.091414393     0.201487158
     7.090000000     0.281595819    -2.048846560     0.202810988
     7.100000000     0.288277002    -2.007824696     0.204569404
     7.110000000     0.294776219    -1.969319339     0.206626884
     7.120000000     0.300647673    -1.933620634     0.208829685
     7.130000000     0.305518827    -1.900014124     0.211008625
     7.140000000     0.309204760    -1.867010055     0.212986243
     7.150000000     0.311793392    -1.832993388     0.214588617
     7.160000000     0.313679587    -1.796797289     0.215660439
     7.170000000     0.315542923    -1.757888288     0.216080557
     7.180000000     0.318281179    -1.716273822     0.215774611
     7.190000000     0.322923248    -1.672403397     0.214721845
     7.200000000     0.330547891    -1.627074255     0.212954598
     7.210000000     0.342228796    -1.581171702     0.210550785
     7.220000000     0.359015163    -1.535297099     0.207621336
     7.230000000     0.381945611    -1.489555062     0.204295485
     7.240000000     0.412085519    -1.443688047     0.200706679
     7.250000000     0.450575245    -1.397445402     0.196981048
     7.260000000     0.498676915    -1.350974123     0.193229056
     7.270000000     0.557806671    -1.305118685     0.189539922
     7.280000000     0.629534095    -1.261423507     0.185977899
     7.290000000     0.715521510    -1.221744284     0.182579719
     7.300000000     0.817368110    -1.187731049     0.179353213
     7.310000000     0.936326457    -1.160363282     0.176277820
     7.320000000     1.072879829    -1.139681322     0.173308021
     7.330000000     1.226210857    -1.125413067     0.170380412
     7.340000000     1.393647172    -1.118828892     0.167424235
     7.350000000     1.570221105    -1.124328631     0.164374068
     7.360000000     1.748505181    -1.149126605     0.161182504
     7.370000000     1.918864297    -1.201309782     0.157830322
     7.380000000     2.070192735    -1.287370130     0.154332111
     7.390000000     2.191091889    -1.409585960     0.150736258
     7.400000000     2.271321812    -1.563680478     0.147119457
     7.410000000     2.303264530    -1.738585684     0.143576961
     7.420000000     2.283102904    -1.919322599     0.140210489
     7.430000000     2.211461814    -2.090195841     0.137115912
     7.440000000     2.093370595    -2.236255530     0.134372647
     7.450000000     1.937556024    -2.346475208     0.132036250
     7.460000000     1.755220638    -2.418129116     0.130135183
     7.470000000     1.558560935    -2.456135449     0.128672056
     7.480000000     1.359309733    -2.468265678     0.127629027
     7.490000000     1.167545605    -2.461399443     0.126976289
     7.500000000     0.990920782    -2.440334839     0.126681925
     7.510000000     0.834349799    -2.408473843     0.126720944
     7.520000000     0.700106702    -2.368942993     0.127081259
     7.530000000     0.588219425    -2.324890171     0.127764874
     7.540000000     0.497030936    -2.279106741     0.128783573
     7.550000000     0.423809512    -2.233791303     0.130149715
     7.560000000     0.365320060    -2.190600000     0.131864062
     7.570000000     0.318300773    -2.150528855     0.133903442
     7.580000000     0.279816360    -2.113511518     0.136211276
     7.590000000     0.247478738    -2.078258189     0.138693442
     7.600000000     0.219540572    -2.042933778     0.141220879
     7.610000000     0.194878979    -2.006321173     0.143638830
     7.620000000     0.172896643    -1.968365005     0.145781321
     7.630000000     0.153374303    -1.929784181     0.147488363
     7.640000000     0.136309694    -1.891425713     0.148622941
     7.650000000     0.121772855    -1.853898813     0.149084998
     7.660000000     0.109797455    -1.817485735     0.148820373
     7.670000000     0.100315666    -1.782196353     0.147823799
     7.680000000     0.093133731    -1.747940536     0.146136306
     7.690000000     0.087939213    -1.714712416     0.143838378
     7.700000000     0.084329237    -1.682641927     0.141040697
     7.710000000     0.081850500    -1.651941991     0.137874207
     7.720000000     0.080044163    -1.622845115     0.134480628
     7.730000000     0.078490300    -1.595508012     0.131003788
     7.740000000     0.076846925    -1.569834511     0.127581549
     7.750000000     0.074878523    -1.545337360     0.124337983
     7.760000000     0.072469595    -1.521284120     0.121375692
     7.770000000     0.069620803    -1.497104665     0.118768746
     7.780000000     0.066428647    -1.472656303     0.116557123
     7.790000000     0.063053072    -1.448116984     0.114743662
     7.800000000     0.059679909    -1.423732343     0.113294313
     7.810000000     0.056485472    -1.399667096     0.112141936
     7.820000000     0.053609193    -1.375966380     0.111193407
     7.830000000     0.051137450    -1.352572921     0.110339375
     7.840000000     0.049098905    -1.329418521     0.109465792
     7.850000000     0.047469508    -1.306532263     0.108466194
     7.860000000     0.046184202    -1.284045910     0.107253513
     7.870000000     0.045152194    -1.262099089     0.105769963
     7.880000000     0.044272922    -1.240737379     0.103993426
     7.890000000     0.043450459    -1.219872501     0.101938866
     7.900000000     0.042604605    -1.199328203     0.099653956
     7.910000000     0.041677698    -1.178933925     0.097209098
     7.920000000     0.040636849    -1.158599727     0.094683367
     7.930000000     0.039472136    -1.138340676     0.092148999
     7.940000000     0.038191845    -1.118225376     0.089657698
     7.950000000     0.036816181    -1.098271962     0.087231788
     7.960000000     0.035370811    -1.078405164     0.084862167
     7.970000000     0.033881343    -1.058529786     0.082513370
     7.980000000     0.032369461    -1.038605103     0.080134281
     7.990000000     0.030851085    -1.018639412     0.077671665
     8.000000000     0.029336563    -0.998669911     0.075083122
     8.010000000     0.027832561    -0.978748250     0.072346518
     8.020000000     0.026344963    -0.958895221     0.069464059
     8.030000000     0.024881814    -0.939057502     0.066460777
     8.040000000     0.023455293    -0.919132072     0.063378583
     8.050000000     0.022081916    -0.899034408     0.060267950
     8.060000000     0.020780769    -0.878730969     0.057179508
     8.070000000     0.019570193    -0.858229217     0.054157407
     8.080000000     0.018463964    -0.837563877     0.051235503
     8.090000000     0.017468198    -0.816781263     0.048436509
     8.100000000     0.016579979    -0.795914076     0.045773511
     8.110000000     0.015788161    -0.774964097     0.043252810
     8.120000000     0.015076066    -0.753903103     0.040876943
     8.130000000     0.014425199    -0.732680412     0.038646937
     8.140000000     0.013818888    -0.711237484     0.036563258
     8.150000000     0.013244862    -0.689529814     0.034625421
     8.160000000     0.012696225    -0.667530753     0.032830650
     8.170000000     0.012170852    -0.645213087     0.031172304
     8.180000000     0.011669768    -0.622536033     0.029638829
     8.190000000     0.011195326    -0.599455618     0.028213794
     8.200000000     0.010750034    -0.575944364     0.026877229
     8.210000000     0.010336552    -0.551996649     0.025607985
     8.220000000     0.009958915    -0.527608416     0.024386540
     8.230000000     0.009624481    -0.502742197     0.023197437
     8.240000000     0.009345739    -0.477311208     0.022030716
     8.250000000     0.009140936    -0.451204859     0.020881936
     8.260000000     0.009032720    -0.424327926     0.019750873
     8.270000000     0.009044481    -0.396613771     0.018639315
     8.280000000     0.009194732    -0.368014706     0.017548662
     8.290000000     0.009490554    -0.338488901     0.016478046
     8.300000000     0.009921601    -0.307991400     0.015423481
     8.310000000     0.010456296    -0.276469773     0.014378265
     8.320000000     0.011041638    -0.243861565     0.013334498
     8.330000000     0.011607366    -0.210086552     0.012285263
     8.340000000     0.012074370    -0.175036112     0.011226932
     8.350000000     0.012366267    -0.138566015     0.010160979
     8.360000000     0.012422396    -0.100483890     0.009094874
     8.370000000     0.012210469    -0.060524481     0.008041784
     8.380000000     0.011738179    -0.018329983     0.007019116
     8.390000000     0.011065505     0.026524084     0.006046150
     8.400000000     0.010323593     0.074447067     0.005141247
     8.410000000     0.009751882     0.125771075     0.004319215
     8.420000000     0.009772289     0.180775080     0.003589389
     8.430000000     0.011126664     0.239757416     0.002954813
     8.440000000     0.015108582     0.303094778     0.002412627
     8.450000000     0.023918184     0.371267404     0.001955454
     8.460000000     0.041151698     0.444845833     0.001573363
     8.470000000     0.072397399     0.524446949     0.001255857
     8.480000000     0.125841782     0.610685441     0.000993444
     8.490000000     0.212698191     0.704122907     0.000778522
     8.500000000     0.347176335     0.805176225     0.000605535
     8.510000000     0.545656631     0.913930922     0.000470584
     8.520000000     0.824773657     1.029787098     0.000370723
     8.530000000     1.198297718     1.150814757     0.000303212
     8.540000000     1.673045184     1.272603656     0.000264893
     8.550000000     2.244492093     1.386261230     0.000251789
     8.560000000     2.893178169     1.475094103     0.000258943
     8.570000000     3.583185658     1.509673144     0.000280497
     8.580000000     4.263791077     1.442310417     0.000309989
     8.590000000     4.874755239     1.206374610     0.000340831
     8.600000000     5.354746941     0.734205378     0.000366925
     8.610000000     5.651370908     0.008390735     0.000383296
     8.620000000     5.730561031    -0.877167037     0.000386651
     8.630000000     5.583015297    -1.731594123     0.000375708
     8.640000000     5.225992431    -2.384490289     0.000351215
     8.650000000     4.699990572    -2.779657019     0.000315654
     8.660000000     4.061191173    -2.957039035     0.000272659
     8.670000000     3.371616022    -2.987755948     0.000226324
     8.680000000     2.689372805    -2.933354088     0.000180512
     8.690000000     2.061067104    -2.835490500     0.000138334
     8.700000000     1.517614531    -2.719114780     0.000101856
     8.710000000     1.073640887    -2.598099635     0.000072058
     8.720000000     0.729768022    -2.479692846     0.000048978
     8.730000000     0.476583318    -2.367384141     0.000031986
     8.740000000     0.299034340    -2.262601571     0.000020070
     8.750000000     0.180273344    -2.165676441     0.000012099
     8.760000000     0.104416753    -2.076381100     0.000007008
     8.770000000     0.058108153    -1.994224545     0.000003900
     8.780000000     0.031069351    -1.918612486     0.000002085
     8.790000000     0.015960832    -1.848931950     0.000001071
     8.800000000     0.007877838    -1.784594083     0.000000529
     8.810000000     0.003735828    -1.725053922     0.000000251
     8.820000000     0.001702138    -1.669817683     0.000000114
     8.830000000     0.000745128    -1.618443435     0.000000050
     8.840000000     0.000313397    -1.570538455     0.000000021
     8.850000000     0.000126645    -1.525755101     0.000000008
     8.860000000     0.000049171    -1.483786177     0.000000003
     8.870000000     0.000018342    -1.444360328     0.000000001
     8.880000000     0.000006574    -1.407237730     0.000000000
     8.890000000     0.000002264    -1.372206166     0.000000000
     8.900000000     0.000000749    -1.339077550     0.000000000
     8.910000000     0.000000238    -1.307684864     0.000000000
     8.920000000     0.000000073    -1.277879490     0.000000000
     8.930000000     0.000000021    -1.249528890     0.000000000
     8.940000000     0.000000006    -1.222514600     0.000000000
     8.950000000     0.000000002    -1.196730494     0.000000000
     8.960000000     0.000000000    -1.172081280     0.000000000
     8.970000000     0.000000000    -1.148481202     0.000000000
     8.980000000     0.000000000    -1.125852912     0.000000000
     8.990000000     0.000000000    -1.104126493     0.000000000
     9.000000000     0.000000000    -1.083238610     0.000000000
     9.010000000     0.000000000    -1.063131772     0.000000000
     9.020000000     0.000000000    -1.043753682     0.000000000
     9.030000000     0.000000000    -1.025056679     0.000000000
     9.040000000     0.000000000    -1.006997242     0.000000000
     9.050000000     0.000000000    -0.989535554     0.000000000
     9.060000000     0.000000000    -0.972635125     0.000000000
     9.070000000     0.000000000    -0.956262452     0.000000000
     9.080000000     0.000000000    -0.940386725     0.000000000
     9.090000000     0.000000000    -0.924979563     0.000000000
     9.100000000     0.000000000    -0.910014779     0.000000000
     9.110000000     0.000000000    -0.895468178     0.000000000
     9.120000000     0.000000000    -0.881317365     0.000000000
     9.130000000     0.000000000    -0.867541589     0.000000000
     9.140000000     0.000000000    -0.854121589     0.000000000
     9.150000000     0.000000000    -0.841039466     0.000000000
     9.160000000     0.000000000    -0.828278564     0.000000000
     9.170000000     0.000000000    -0.815823362     0.000000000
     9.180000000     0.000000000    -0.803659383     0.000000000
     9.190000000     0.000000000    -0.791773102     0.000000000
     9.200000000     0.000000000    -0.780151873     0.000000000
     9.210000000     0.000000000    -0.768783856     0.000000000
     9.220000000     0.000000000    -0.757657955     0.000000000
     9.230000000     0.000000000    -0.746763759     0.000000000
     9.240000000     0.000000000    -0.736091487     0.000000000
     9.250000000     0.000000000    -0.725631948     0.000000000
     9.260000000     0.000000000    -0.715376487     0.000000000
     9.270000000     0.000000000    -0.705316955     0.000000000
     9.280000000     0.000000000    -0.695445664     0.000000000
     9.290000000     0.000000000    -0.685755363     0.000000000
     9.300000000     0.000000000    -0.676239198     0.000000000
     9.310000000     0.000000000    -0.666890691     0.000000000
     9.320000000     0.000000000    -0.657703712     0.000000000
     9.330000000     0.000000000    -0.648672456     0.000000000
     9.340000000     0.000000000    -0.639791420     0.000000000
     9.350000000     0.000000000    -0.631055384     0.000000000
     9.360000000     0.000000000    -0.622459393     0.000000000
     9.370000000     0.000000000    -0.613998739     0.000000000
     9.380000000     0.000000000    -0.605668948     0.000000000
     9.390000000     0.000000000    -0.597465760     0.000000000
     9.400000000     0.000000000    -0.589385120     0.000000000
     9.410000000     0.000000000    -0.581423165     0.000000000
     9.420000000     0.000000000    -0.573576212     0.000000000
     9.430000000     0.000000000    -0.565840746     0.000000000
     9.440000000     0.000000000    -0.558213410     0.000000000
     9.450000000     0.000000000    -0.550690997     0.000000000
     9.460000000     0.000000000    -0.543270443     0.000000000
     9.470000000     0.000000000    -0.535948812     0.000000000
     9.480000000     0.000000001    -0.528723296     0.000000001
     9.490000000     0.000000002    -0.521591203     0.000000002
     9.500000000     0.000000006    -0.514549954     0.000000005
     9.510000000     0.000000014    -0.507597072     0.000000012
     9.520000000     0.000000034    -0.500730178     0.000000029
     9.530000000     0.000000080    -0.493946988     0.000000068
     9.540000000     0.000000180    -0.487245303     0.000000152
     9.550000000     0.000000389    -0.480623009     0.000000329
     9.560000000     0.000000809    -0.474078066     0.000000684
     9.570000000     0.000001616    -0.467608511     0.000001366
     9.580000000     0.000003100    -0.461212447     0.000002621
     9.590000000     0.000005716    -0.454888046     0.000004832
     9.600000000     0.000010125    -0.448633545     0.000008560
     9.610000000     0.000017232    -0.442447248     0.000014568
     9.620000000     0.000028177    -0.436327531     0.000023822
     9.630000000     0.000044269    -0.430272855     0.000037427
     9.640000000     0.000066823    -0.424281791     0.000056495
     9.650000000     0.000096913    -0.418353075     0.000081934
     9.660000000     0.000135041    -0.412485692     0.000114170
     9.670000000     0.000180792    -0.406679046     0.000152850
     9.680000000     0.000232552    -0.400933220     0.000196610
     9.690000000     0.000287402    -0.395249376     0.000242983
     9.700000000     0.000341262    -0.389630188     0.000288518
     9.710000000     0.000389327    -0.384079845     0.000329154
     9.720000000     0.000426745    -0.378602510     0.000360789
     9.730000000     0.000449419    -0.373198110     0.000379959
     9.740000000     0.000454739    -0.367857610     0.000384456
     9.750000000     0.000442080    -0.362564648     0.000373754
     9.760000000     0.000412922    -0.357305082     0.000349103
     9.770000000     0.000370564    -0.352074011     0.000313292
     9.780000000     0.000319512    -0.346873939     0.000270130
     9.790000000     0.000264691    -0.341709629     0.000223782
     9.800000000     0.000210678    -0.336585016     0.000178117
     9.810000000     0.000161112    -0.331502478     0.000136211
     9.820000000     0.000118376    -0.326463118     0.000100080
     9.830000000     0.000083566    -0.321467202     0.000070650
     9.840000000     0.000056679    -0.316514512     0.000047919
     9.850000000     0.000036935    -0.311604559     0.000031227
     9.860000000     0.000023126    -0.306736721     0.000019551
     9.870000000     0.000013911    -0.301910309     0.000011761
     9.880000000     0.000008040    -0.297124613     0.000006798
     9.890000000     0.000004465    -0.292378921     0.000003775
     9.900000000     0.000002382    -0.287672531     0.000002014
     9.910000000     0.000001221    -0.283004759     0.000001032
     9.920000000     0.000000601    -0.278374937     0.000000508
     9.930000000     0.000000285    -0.273782420     0.000000241
     9.940000000     0.000000129    -0.269226582     0.000000109
     9.950000000     0.000000057    -0.264706815     0.000000048
     9.960000000     0.000000024    -0.260222529     0.000000020
     9.970000000     0.000000010    -0.255773155     0.000000008
     9.980000000     0.000000004    -0.251358138     0.000000003
     9.990000000     0.000000001    -0.246976939     0.000000001
    10.000000000     0.000000000    -0.242629035     0.000000000
    10.010000000     0.000000000    -0.238313919     0.000000000
    10.020000000     0.000000000    -0.234031095     0.000000000
    10.030000000     0.000000000    -0.229780081     0.000000000
    10.040000000     0.000000000    -0.225560409     0.000000000
    10.050000000     0.000000000    -0.221371622     0.000000000
    10.060000000     0.000000000    -0.217213273     0.000000000
    10.070000000     0.000000000    -0.213084929     0.000000000
    10.080000000     0.000000000    -0.208986166     0.000000000
    10.090000000     0.000000000    -0.204916569     0.000000000
    10.100000000     0.000000000    -0.200875736     0.000000000
    10.110000000     0.000000000    -0.196863271     0.000000000
    10.120000000     0.000000000    -0.192878790     0.000000000
    10.130000000     0.000000000    -0.188921916     0.000000000
    10.140000000     0.000000000    -0.184992281     0.000000000
    10.150000000     0.000000000    -0.181089525     0.000000000
    10.160000000     0.000000000    -0.177213297     0.000000000
    10.170000000     0.000000000    -0.173363252     0.000000000
    10.180000000     0.000000000    -0.169539054     0.000000000
    10.190000000     0.000000000    -0.165740372     0.000000000
    10.200000000     0.000000000    -0.161966886     0.000000000
    10.210000000     0.000000000    -0.158218277     0.000000000
    10.220000000     0.000000000    -0.154494239     0.000000000
    10.230000000     0.000000000    -0.150794467     0.000000000
    10.240000000     0.000000000    -0.147118664     0.000000000
    10.250000000     0.000000000    -0.143466540     0.000000000
    10.260000000     0.000000000    -0.139837811     0.000000000
    10.270000000     0.000000000    -0.136232196     0.000000000
    10.280000000     0.000000000    -0.132649421     0.000000000
    10.290000000     0.000000000    -0.129089219     0.000000000
    10.300000000     0.000000000    -0.125551326     0.000000000
    10.310000000     0.000000000    -0.122035484     0.000000000
    10.320000000     0.000000000    -0.118541439     0.000000000
    10.330000000     0.000000000    -0.115068942     0.000000000
    10.340000000     0.000000000    -0.111617749     0.000000000
    10.350000000     0.000000000    -0.108187622     0.000000000
    10.360000000     0.000000000    -0.104778325     0.000000000
    10.370000000     0.000000000    -0.101389627     0.000000000
    10.380000000     0.000000000    -0.098021301     0.000000000
    10.390000000     0.000000000    -0.094673125     0.000000000
    10.400000000     0.000000000    -0.091344880     0.000000000
    10.410000000     0.000000000    -0.088036352     0.000000000
    10.420000000     0.000000000    -0.084747329     0.000000000
    10.430000000     0.000000000    -0.081477604     0.000000000
    10.440000000     0.000000000    -0.078226974     0.000000000
    10.450000000     0.000000000    -0.074995238     0.000000000
    10.460000000     0.000000000    -0.071782198     0.000000000
    10.470000000     0.000000000    -0.068587663     0.000000000
    10.480000000     0.000000000    -0.065411440     0.000000000
    10.490000000     0.000000000    -0.062253344     0.000000000
    10.500000000     0.000000000    -0.059113189     0.000000000
    10.510000000     0.000000000    -0.055990796     0.000000000
    10.520000000     0.000000000    -0.052885985     0.000000000
    10.530000000     0.000000000    -0.049798583     0.000000000
    10.540000000     0.000000000    -0.046728415     0.000000000
    10.550000000     0.000000000    -0.043675313     0.000000000
    10.560000000     0.000000000    -0.040639110     0.000000000
    10.570000000     0.000000000    -0.037619640     0.000000000
    10.580000000     0.000000000    -0.034616744     0.000000000
    10.590000000     0.000000000    -0.031630260     0.000000000
    10.600000000     0.000000000    -0.028660033     0.000000000
    10.610000000     0.000000000    -0.025705908     0.000000000
    10.620000000     0.000000000    -0.022767732     0.000000000
    10.630000000     0.000000000    -0.019845357     0.000000000
    10.640000000     0.000000000    -0.016938634     0.000000000
    10.650000000     0.000000000    -0.014047418     0.000000000
    10.660000000     0.000000000    -0.011171567     0.000000000
    10.670000000     0.000000000    -0.008310938     0.000000000
    10.680000000     0.000000000    -0.005465393     0.000000000
    10.690000000     0.000000000    -0.002634795     0.000000000
    10.700000000     0.000000000     0.000180991     0.000000000
    10.710000000     0.000000000     0.002982098     0.000000000
    10.720000000     0.000000000     0.005768658     0.000000000
    10.730000000     0.000000000     0.008540800     0.000000000
    10.740000000     0.000000000     0.011298650     0.000000000
    10.750000000     0.000000000     0.014042336     0.000000000
    10.760000000     0.000000000     0.016771981     0.000000000
    10.770000000     0.000000000     0.019487706     0.000000000
    10.780000000     0.000000000     0.022189634     0.000000000
    10.790000000     0.000000000     0.024877882     0.000000000
    10.800000000     0.000000000     0.027552568     0.000000000
    10.810000000     0.000000000     0.030213809     0.000000000
    10.820000000     0.000000000     0.032861716     0.000000000
    10.830000000     0.000000000     0.035496405     0.000000000
    10.840000000     0.000000000     0.038117985     0.000000000
    10.850000000     0.000000000     0.040726567     0.000000000
    10.860000000     0.000000000     0.043322258     0.000000000
    10.870000000     0.000000000     0.045905166     0.000000000
    10.880000000     0.000000000     0.048475396     0.000000000
    10.890000000     0.000000000     0.051033052     0.000000000
    10.900000000     0.000000000     0.053578237     0.000000000
    10.910000000     0.000000000     0.056111052     0.000000000
    10.920000000     0.000000000     0.058631598     0.000000000
    10.930000000     0.000000000     0.061139972     0.000000000
    10.940000000     0.000000000     0.063636274     0.000000000
    10.950000000     0.000000000     0.066120600     0.000000000
    10.960000000     0.000000000     0.068593044     0.000000000
    10.970000000     0.000000000     0.071053701     0.000000000
    10.980000000     0.000000000     0.073502663     0.000000000
    10.990000000     0.000000000     0.075940023     0.000000000
    11.000000000     0.000000000     0.078365871     0.000000000
