 # Column 1: omega
 # Column 2: eps2(omega)
 # Column 3: eps1(omega)
 # Column 4: JDOS(omega)
     0.000000000     0.000000000     2.397746729     0.000000000
     0.010000000     0.000000000     2.397763437     0.000000000
     0.020000000     0.000000000     2.397813567     0.000000000
     0.030000000     0.000000000     2.397897131     0.000000000
     0.040000000     0.000000000     2.398014153     0.000000000
     0.050000000     0.000000000     2.398164666     0.000000000
     0.060000000     0.000000000     2.398348711     0.000000000
     0.070000000     0.000000000     2.398566341     0.000000000
     0.080000000     0.000000000     2.398817615     0.000000000
     0.090000000     0.000000000     2.399102604     0.000000000
     0.100000000     0.000000000     2.399421388     0.000000000
     0.110000000     0.000000000     2.399774056     0.000000000
     0.120000000     0.000000000     2.400160708     0.000000000
     0.130000000     0.000000000     2.400581451     0.000000000
     0.140000000     0.000000000     2.401036404     0.000000000
     0.150000000     0.000000000     2.401525697     0.000000000
     0.160000000     0.000000000     2.402049468     0.000000000
     0.170000000     0.000000000     2.402607866     0.000000000
     0.180000000     0.000000000     2.403201050     0.000000000
     0.190000000     0.000000000     2.403829190     0.000000000
     0.200000000     0.000000000     2.404492466     0.000000000
     0.210000000     0.000000000     2.405191068     0.000000000
     0.220000000     0.000000000     2.405925200     0.000000000
     0.230000000     0.000000000     2.406695074     0.000000000
     0.240000000     0.000000000     2.407500914     0.000000000
     0.250000000     0.000000000     2.408342956     0.000000000
     0.260000000     0.000000000     2.409221448     0.000000000
     0.270000000     0.000000000     2.410136648     0.000000000
     0.280000000     0.000000000     2.411088830     0.000000000
     0.290000000     0.000000000     2.412078276     0.000000000
     0.300000000     0.000000000     2.413105284     0.000000000
     0.310000000     0.000000000     2.414170162     0.000000000
     0.320000000     0.000000000     2.415273234     0.000000000
     0.330000000     0.000000000     2.416414837     0.000000000
     0.340000000     0.000000000     2.417595319     0.000000000
     0.350000000     0.000000000     2.418815047     0.000000000
     0.360000000     0.000000000     2.420074398     0.000000000
     0.370000000     0.000000000     2.421373767     0.000000000
     0.380000000     0.000000000     2.422713562     0.000000000
     0.390000000     0.000000000     2.424094209     0.000000000
     0.400000000     0.000000000     2.425516149     0.000000000
     0.410000000     0.000000000     2.426979838     0.000000000
     0.420000000     0.000000000     2.428485752     0.000000000
     0.430000000     0.000000000     2.430034383     0.000000000
     0.440000000     0.000000000     2.431626241     0.000000000
     0.450000000     0.000000000     2.433261855     0.000000000
     0.460000000     0.000000000     2.434941772     0.000000000
     0.470000000     0.000000000     2.436666560     0.000000000
     0.480000000     0.000000000     2.438436807     0.000000000
     0.490000000     0.000000000     2.440253122     0.000000000
     0.500000000     0.000000000     2.442116136     0.000000000
     0.510000000     0.000000000     2.444026502     0.000000000
     0.520000000     0.000000000     2.445984895     0.000000000
     0.530000000     0.000000000     2.447992016     0.000000000
     0.540000000     0.000000000     2.450048590     0.000000000
     0.550000000     0.000000000     2.452155367     0.000000000
     0.560000000     0.000000000     2.454313125     0.000000000
     0.570000000     0.000000000     2.456522667     0.000000000
     0.580000000     0.000000000     2.458784826     0.000000000
     0.590000000     0.000000000     2.461100466     0.000000000
     0.600000000     0.000000000     2.463470478     0.000000000
     0.610000000     0.000000000     2.465895789     0.000000000
     0.620000000     0.000000000     2.468377355     0.000000000
     0.630000000     0.000000000     2.470916168     0.000000000
     0.640000000     0.000000000     2.473513257     0.000000000
     0.650000000     0.000000000     2.476169686     0.000000000
     0.660000000     0.000000000     2.478886559     0.000000000
     0.670000000     0.000000000     2.481665018     0.000000000
     0.680000000     0.000000000     2.484506248     0.000000000
     0.690000000     0.000000000     2.487411479     0.000000000
     0.700000000     0.000000000     2.490381984     0.000000000
     0.710000000     0.000000000     2.493419084     0.000000000
     0.720000000     0.000000000     2.496524150     0.000000000
     0.730000000     0.000000000     2.499698604     0.000000000
     0.740000000     0.000000000     2.502943920     0.000000000
     0.750000000     0.000000000     2.506261632     0.000000000
     0.760000000     0.000000000     2.509653330     0.000000000
     0.770000000     0.000000000     2.513120665     0.000000000
     0.780000000     0.000000000     2.516665354     0.000000000
     0.790000000     0.000000000     2.520289180     0.000000000
     0.800000000     0.000000000     2.523993998     0.000000000
     0.810000000     0.000000000     2.527781734     0.000000000
     0.820000000     0.000000000     2.531654395     0.000000000
     0.830000000     0.000000000     2.535614067     0.000000000
     0.840000000     0.000000000     2.539662923     0.000000000
     0.850000000     0.000000000     2.543803223     0.000000000
     0.860000000     0.000000000     2.548037324     0.000000000
     0.870000000     0.000000000     2.552367682     0.000000000
     0.880000000     0.000000000     2.556796855     0.000000000
     0.890000000     0.000000000     2.561327514     0.000000000
     0.900000000     0.000000000     2.565962444     0.000000000
     0.910000000     0.000000000     2.570704553     0.000000000
     0.920000000     0.000000000     2.575556877     0.000000000
     0.930000000     0.000000000     2.580522589     0.000000000
     0.940000000     0.000000000     2.585605006     0.000000000
     0.950000000     0.000000000     2.590807596     0.000000000
     0.960000000     0.000000000     2.596133990     0.000000000
     0.970000000     0.000000000     2.601587987     0.000000000
     0.980000000     0.000000000     2.607173569     0.000000000
     0.990000000     0.000000000     2.612894908     0.000000000
     1.000000000     0.000000000     2.618756381     0.000000000
     1.010000000     0.000000000     2.624762581     0.000000000
     1.020000000     0.000000000     2.630918328     0.000000000
     1.030000000     0.000000000     2.637228691     0.000000000
     1.040000000     0.000000000     2.643698997     0.000000000
     1.050000000     0.000000000     2.650334850     0.000000000
     1.060000000     0.000000000     2.657142152     0.000000000
     1.070000000     0.000000000     2.664127122     0.000000000
     1.080000000     0.000000000     2.671296316     0.000000000
     1.090000000     0.000000000     2.678656653     0.000000000
     1.100000000     0.000000000     2.686215439     0.000000000
     1.110000000     0.000000000     2.693980398     0.000000000
     1.120000000     0.000000000     2.701959699     0.000000000
     1.130000000     0.000000000     2.710161994     0.000000000
     1.140000000     0.000000000     2.718596450     0.000000000
     1.150000000     0.000000000     2.727272790     0.000000000
     1.160000000     0.000000000     2.736201339     0.000000000
     1.170000000     0.000000000     2.745393072     0.000000000
     1.180000000     0.000000000     2.754859665     0.000000000
     1.190000000     0.000000000     2.764613552     0.000000000
     1.200000000     0.000000000     2.774667995     0.000000000
     1.210000000     0.000000000     2.785037148     0.000000000
     1.220000000     0.000000000     2.795736141     0.000000000
     1.230000000     0.000000000     2.806781163     0.000000000
     1.240000000     0.000000000     2.818189561     0.000000000
     1.250000000     0.000000000     2.829979947     0.000000000
     1.260000000     0.000000000     2.842172317     0.000000000
     1.270000000     0.000000000     2.854788185     0.000000000
     1.280000000     0.000000000     2.867850732     0.000000000
     1.290000000     0.000000000     2.881384974     0.000000000
     1.300000000     0.000000000     2.895417951     0.000000000
     1.310000000     0.000000000     2.909978939     0.000000000
     1.320000000     0.000000000     2.925099686     0.000000000
     1.330000000     0.000000000     2.940814687     0.000000000
     1.340000000     0.000000000     2.957161485     0.000000000
     1.350000000     0.000000000     2.974181025     0.000000000
     1.360000000     0.000000000     2.991918043     0.000000000
     1.370000000     0.000000000     3.010421522     0.000000000
     1.380000000     0.000000001     3.029745205     0.000000000
     1.390000000     0.000000005     3.049948187     0.000000000
     1.400000000     0.000000017     3.071095591     0.000000000
     1.410000000     0.000000054     3.093259348     0.000000000
     1.420000000     0.000000168     3.116519088     0.000000001
     1.430000000     0.000000507     3.140963175     0.000000002
     1.440000000     0.000001477     3.166689893     0.000000005
     1.450000000     0.000004152     3.193808809     0.000000012
     1.460000000     0.000011254     3.222442346     0.000000029
     1.470000000     0.000029404     3.252727572     0.000000069
     1.480000000     0.000074043     3.284818247     0.000000156
     1.490000000     0.000179643     3.318887111     0.000000341
     1.500000000     0.000419839     3.355128418     0.000000716
     1.510000000     0.000944934     3.393760658     0.000001445
     1.520000000     0.002047721     3.435029316     0.000002806
     1.530000000     0.004271689     3.479209422     0.000005243
     1.540000000     0.008576370     3.526607330     0.000009425
     1.550000000     0.016569293     3.577560796     0.000016310
     1.560000000     0.030798473     3.632435559     0.000027172
     1.570000000     0.055069807     3.691615314     0.000043586
     1.580000000     0.094710411     3.755479412     0.000067339
     1.590000000     0.156649241     3.824358239     0.000100223
     1.600000000     0.249148122     3.898448311     0.000143735
     1.610000000     0.381016366     3.977655223     0.000198681
     1.620000000     0.560208695     4.061308829     0.000264766
     1.630000000     0.791854907     4.147657016     0.000340244
     1.640000000     1.075986647     4.232992423     0.000421749
     1.650000000     1.405457844     4.310222258     0.000504392
     1.660000000     1.764712410     4.366737898     0.000582180
     1.670000000     2.130039985     4.381804267     0.000648739
     1.680000000     2.471718473     4.324953979     0.000698245
     1.690000000     2.757989365     4.160176547     0.000726410
     1.700000000     2.960261267     3.864673105     0.000731332
     1.710000000     3.058469465     3.462157773     0.000714043
     1.720000000     3.045317500     3.037252863     0.000678650
     1.730000000     2.928296090     2.692049203     0.000632022
     1.740000000     2.728888935     2.482125584     0.000583098
     1.750000000     2.479077004     2.402831001     0.000541917
     1.760000000     2.215916428     2.419462315     0.000518545
     1.770000000     1.975385212     2.495513583     0.000522030
     1.780000000     1.786767281     2.603096752     0.000559555
     1.790000000     1.668594569     2.722380533     0.000635859
     1.800000000     1.626724234     2.837631655     0.000753035
     1.810000000     1.654645986     2.933307925     0.000910714
     1.820000000     1.735717294     2.992043932     0.001106637
     1.830000000     1.846767459     2.996990826     0.001337551
     1.840000000     1.962389827     2.939978393     0.001600309
     1.850000000     2.059221257     2.829188528     0.001893020
     1.860000000     2.119561931     2.684603063     0.002216099
     1.870000000     2.133809323     2.527352401     0.002573046
     1.880000000     2.101372079     2.381289620     0.002970896
     1.890000000     2.029986796     2.275761234     0.003420245
     1.900000000     1.933650282     2.231542153     0.003934834
     1.910000000     1.829641259     2.247823642     0.004530650
     1.920000000     1.735269555     2.307223032     0.005224519
     1.930000000     1.665007960     2.387409392     0.006032213
     1.940000000     1.628525238     2.467618588     0.006966208
     1.950000000     1.629889641     2.531292893     0.008033319
     1.960000000     1.667925700     2.569096423     0.009232597
     1.970000000     1.737462482     2.581889779     0.010553828
     1.980000000     1.831064893     2.578413609     0.011976968
     1.990000000     1.940807523     2.566028386     0.013472614
     2.000000000     2.059714029     2.543805220     0.015003503
     2.010000000     2.182607553     2.505254059     0.016526898
     2.020000000     2.306264735     2.447223844     0.017997720
     2.030000000     2.428915850     2.377351861     0.019372310
     2.040000000     2.549273963     2.310727073     0.020612734
     2.050000000     2.665391338     2.256263148     0.021691381
     2.060000000     2.773705326     2.207969259     0.022595348
     2.070000000     2.868616263     2.148891204     0.023329790
     2.080000000     2.942816701     2.059903173     0.023919210
     2.090000000     2.988378250     1.927329255     0.024405777
     2.100000000     2.998355451     1.750769542     0.024844282
     2.110000000     2.968469733     1.548517284     0.025294151
     2.120000000     2.898370215     1.352069668     0.025809873
     2.130000000     2.792069403     1.191376082     0.026431840
     2.140000000     2.657394333     1.082145342     0.027179762
     2.150000000     2.504593659     1.022321289     0.028050308
     2.160000000     2.344491084     0.997340746     0.029019633
     2.170000000     2.186688158     0.988616341     0.030050200
     2.180000000     2.038263192     0.980918410     0.031100259
     2.190000000     1.903220854     0.966831134     0.032133751
     2.200000000     1.782698539     0.946962328     0.033128448
     2.210000000     1.675721288     0.925708246     0.034080712
     2.220000000     1.580182795     0.906642060     0.035006230
     2.230000000     1.493736438     0.892269814     0.035936975
     2.240000000     1.414383027     0.885357848     0.036915504
     2.250000000     1.340688302     0.887392398     0.037988015
     2.260000000     1.271696839     0.896396760     0.039197677
     2.270000000     1.206689125     0.907947146     0.040579350
     2.280000000     1.144941022     0.918346000     0.042156339
     2.290000000     1.085600391     0.926300362     0.043939215
     2.300000000     1.027721434     0.931777537     0.045926260
     2.310000000     0.970424557     0.934650447     0.048104862
     2.320000000     0.913102993     0.936050267     0.050453115
     2.330000000     0.855588431     0.940007964     0.052941138
     2.340000000     0.798213261     0.951087421     0.055531931
     2.350000000     0.741752023     0.970534783     0.058181949
     2.360000000     0.687269674     0.996205817     0.060841770
     2.370000000     0.635932625     1.025146604     0.063457260
     2.380000000     0.588841836     1.055086397     0.065971468
     2.390000000     0.546928167     1.084593914     0.068327175
     2.400000000     0.510919659     1.113389646     0.070469753
     2.410000000     0.481362225     1.142650810     0.072349876
     2.420000000     0.458660238     1.174077116     0.073925702
     2.430000000     0.443104949     1.208195027     0.075164398
     2.440000000     0.434872514     1.243715599     0.076043245
     2.450000000     0.433991032     1.278333311     0.076550709
     2.460000000     0.440289270     1.310050695     0.076687876
     2.470000000     0.453344260     1.338098875     0.076470331
     2.480000000     0.472441797     1.362694863     0.075930104
     2.490000000     0.496557225     1.383874839     0.075116923
     2.500000000     0.524358691     1.400872377     0.074097804
     2.510000000     0.554233604     1.412788491     0.072954218
     2.520000000     0.584340705     1.419460191     0.071776508
     2.530000000     0.612691735     1.421124302     0.070655971
     2.540000000     0.637265066     1.417482259     0.069675582
     2.550000000     0.656147565     1.407937673     0.068900835
     2.560000000     0.667691965     1.392709276     0.068372224
     2.570000000     0.670668764     1.373376714     0.068100638
     2.580000000     0.664388146     1.352609119     0.068066423
     2.590000000     0.648770776     1.333364395     0.068222172
     2.600000000     0.624355857     1.317697109     0.068498674
     2.610000000     0.592247349     1.306092176     0.068812953
     2.620000000     0.554010279     1.298299989     0.069077120
     2.630000000     0.511535427     1.294528917     0.069206798
     2.640000000     0.466890960     1.295459081     0.069128158
     2.650000000     0.422175380     1.301588690     0.068782941
     2.660000000     0.379380134     1.312919136     0.068131232
     2.670000000     0.340265407     1.328883697     0.067152020
     2.680000000     0.306250753     1.348387417     0.065841801
     2.690000000     0.278323697     1.370165861     0.064211636
     2.700000000     0.256973040     1.393227796     0.062283198
     2.710000000     0.242157370     1.416866399     0.060084495
     2.720000000     0.233320858     1.440216704     0.057645998
     2.730000000     0.229465815     1.461946168     0.054997851
     2.740000000     0.229283451     1.480541737     0.052168675
     2.750000000     0.231331703     1.495023403     0.049186078
     2.760000000     0.234234417     1.505394977     0.046078632
     2.770000000     0.236864642     1.512312153     0.042878602
     2.780000000     0.238471404     1.516756828     0.039624554
     2.790000000     0.238717984     1.520521235     0.036362851
     2.800000000     0.237620369     1.526109263     0.033147362
     2.810000000     0.235402267     1.535149885     0.030037069
     2.820000000     0.232309244     1.547198447     0.027091880
     2.830000000     0.228439351     1.560193891     0.024367404
     2.840000000     0.223644415     1.571671014     0.021909806
     2.850000000     0.217534480     1.579716920     0.019751819
     2.860000000     0.209584288     1.583469392     0.017910718
     2.870000000     0.199306900     1.583556833     0.016388491
     2.880000000     0.186437616     1.582479232     0.015173912
     2.890000000     0.171069068     1.583725523     0.014245733
     2.900000000     0.153695908     1.589699193     0.013576141
     2.910000000     0.135157770     1.600653136     0.013133705
     2.920000000     0.116500552     1.615389244     0.012885406
     2.930000000     0.098797808     1.632395087     0.012797758
     2.940000000     0.082979932     1.650450073     0.012837276
     2.950000000     0.069709350     1.668754136     0.012970703
     2.960000000     0.059320988     1.686860604     0.013165329
     2.970000000     0.051826950     1.704553023     0.013389602
     2.980000000     0.046969533     1.721747125     0.013614021
     2.990000000     0.044300601     1.738411706     0.013812198
     3.000000000     0.043267203     1.754464961     0.013961911
     3.010000000     0.043289813     1.769718039     0.014045959
     3.020000000     0.043826721     1.783938798     0.014052708
     3.030000000     0.044423218     1.797021902     0.013976232
     3.040000000     0.044746390     1.809196912     0.013816094
     3.050000000     0.044606304     1.821043812     0.013576807
     3.060000000     0.043963499     1.833149919     0.013267140
     3.070000000     0.042922092     1.845744866     0.012899408
     3.080000000     0.041708127     1.858730728     0.012488865
     3.090000000     0.040633852     1.872000913     0.012053222
     3.100000000     0.040050244     1.885645779     0.011612191
     3.110000000     0.040291995     1.899834836     0.011186895
     3.120000000     0.041621067     1.914577794     0.010798977
     3.130000000     0.044176554     1.929645877     0.010469359
     3.140000000     0.047939396     1.944629167     0.010216747
     3.150000000     0.052719757     1.959001934     0.010056131
     3.160000000     0.058172239     1.972206459     0.009997572
     3.170000000     0.063839467     1.983837004     0.010045529
     3.180000000     0.069218862     1.993870700     0.010198885
     3.190000000     0.073841948     2.002661907     0.010451685
     3.200000000     0.077351959     2.010631602     0.010794548
     3.210000000     0.079564982     2.018167387     0.011216635
     3.220000000     0.080502928     2.025889697     0.011707999
     3.230000000     0.080392350     2.034597652     0.012262045
     3.240000000     0.079630299     2.044778115     0.012877677
     3.250000000     0.078724773     2.056406573     0.013560596
     3.260000000     0.078221512     2.069184299     0.014323221
     3.270000000     0.078629814     2.082739550     0.015182911
     3.280000000     0.080358109     2.096649448     0.016158564
     3.290000000     0.083666314     2.110512856     0.017266144
     3.300000000     0.088638109     2.124110014     0.018514083
     3.310000000     0.095173580     2.137402957     0.019899698
     3.320000000     0.103001598     2.150271652     0.021407553
     3.330000000     0.111711447     2.162336801     0.023010301
     3.340000000     0.120803283     2.173165612     0.024671916
     3.350000000     0.129755804     2.182576352     0.026352696
     3.360000000     0.138106253     2.190692786     0.028015064
     3.370000000     0.145533177     2.197782436     0.029629148
     3.380000000     0.151927475     2.204111458     0.031177264
     3.390000000     0.157434674     2.210072058     0.032656761
     3.400000000     0.162452984     2.216493679     0.034080968
     3.410000000     0.167578592     2.224481140     0.035478233
     3.420000000     0.173501256     2.234678784     0.036889177
     3.430000000     0.180866994     2.246853681     0.038362430
     3.440000000     0.190136512     2.260157716     0.039949227
     3.450000000     0.201473732     2.273530668     0.041697457
     3.460000000     0.214695163     2.285863850     0.043645875
     3.470000000     0.229297273     2.295996672     0.045819306
     3.480000000     0.244558387     2.302778437     0.048225497
     3.490000000     0.259689646     2.305467101     0.050854050
     3.500000000     0.273993804     2.304442942     0.053677451
     3.510000000     0.286987125     2.301563608     0.056653900
     3.520000000     0.298451006     2.299479809     0.059731457
     3.530000000     0.308403062     2.300216226     0.062853011
     3.540000000     0.317004512     2.304075404     0.065961667
     3.550000000     0.324441662     2.309597022     0.069006267
     3.560000000     0.330826072     2.314457471     0.071946720
     3.570000000     0.336147846     2.316690956     0.074758669
     3.580000000     0.340293715     2.315668942     0.077436785
     3.590000000     0.343115475     2.312379368     0.079995874
     3.600000000     0.344515627     2.308770286     0.082469102
     3.610000000     0.344512726     2.306685742     0.084903111
     3.620000000     0.343259964     2.307184027     0.087350585
     3.630000000     0.341011120     2.310384545     0.089861582
     3.640000000     0.338049283     2.315547192     0.092475591
     3.650000000     0.334607048     2.321335513     0.095216303
     3.660000000     0.330807981     2.326443278     0.098090577
     3.670000000     0.326649080     2.330359394     0.101091965
     3.680000000     0.322028045     2.333611956     0.104207881
     3.690000000     0.316804070     2.337191641     0.107428336
     3.700000000     0.310871715     2.341769837     0.110753663
     3.710000000     0.304226111     2.347451878     0.114198893
     3.720000000     0.297003015     2.354095846     0.117793400
     3.730000000     0.289486002     2.361760724     0.121575824
     3.740000000     0.282082119     2.370843155     0.125585582
     3.750000000     0.275274280     2.381791332     0.129853152
     3.760000000     0.269562701     2.394713227     0.134391502
     3.770000000     0.265408553     2.409238801     0.139190530
     3.780000000     0.263191331     2.424689121     0.144215510
     3.790000000     0.263187712     2.440346104     0.149409453
     3.800000000     0.265574633     2.455695413     0.154698511
     3.810000000     0.270453718     2.470623733     0.159999010
     3.820000000     0.277888972     2.485330667     0.165224643
     3.830000000     0.287945520     2.499931468     0.170292552
     3.840000000     0.300714979     2.514204118     0.175127460
     3.850000000     0.316313513     2.527726453     0.179663536
     3.860000000     0.334842586     2.540199522     0.183844209
     3.870000000     0.356310393     2.551648165     0.187620657
     3.880000000     0.380523562     2.562301379     0.190950059
     3.890000000     0.406971775     2.572192562     0.193794795
     3.900000000     0.434738566     2.580794793     0.196123579
     3.910000000     0.462474669     2.586924195     0.197914861
     3.920000000     0.488462014     2.588848604     0.199161995
     3.930000000     0.510776441     2.584682987     0.199878794
     3.940000000     0.527529756     2.573371430     0.200103575
     3.950000000     0.537145657     2.555900133     0.199899823
     3.960000000     0.538609000     2.535598694     0.199352356
     3.970000000     0.531630681     2.516993280     0.198559082
     3.980000000     0.516691269     2.504029109     0.197619721
     3.990000000     0.494958568     2.498614012     0.196623847
     4.000000000     0.468106071     2.500103716     0.195640837
     4.010000000     0.438079866     2.506248557     0.194713765
     4.020000000     0.406865134     2.515060609     0.193858206
     4.030000000     0.376291466     2.526188273     0.193065592
     4.040000000     0.347896299     2.540677029     0.192309808
     4.050000000     0.322846996     2.559412473     0.191555254
     4.060000000     0.301911090     2.582051327     0.190764776
     4.070000000     0.285462309     2.607314344     0.189906505
     4.080000000     0.273513780     2.633669242     0.188959279
     4.090000000     0.265774102     2.659702921     0.187916835
     4.100000000     0.261722810     2.684428094     0.186791040
     4.110000000     0.260698771     2.707602577     0.185614195
     4.120000000     0.261990596     2.729746817     0.184440093
     4.130000000     0.264915865     2.751723717     0.183343247
     4.140000000     0.268877974     2.774156027     0.182415772
     4.150000000     0.273395359     2.797110130     0.181761740
     4.160000000     0.278105284     2.820255066     0.181489425
     4.170000000     0.282749994     2.843267001     0.181702397
     4.180000000     0.287154878     2.866056932     0.182490800
     4.190000000     0.291206368     2.888707980     0.183924160
     4.200000000     0.294833356     2.911436925     0.186046708
     4.210000000     0.297992422     2.934698721     0.188875593
     4.220000000     0.300655664     2.959073424     0.192401619
     4.230000000     0.302800706     2.984857065     0.196591527
     4.240000000     0.304404161     3.011825524     0.201390495
     4.250000000     0.305441025     3.039477612     0.206723611
     4.260000000     0.305891968     3.067519887     0.212495570
     4.270000000     0.305758485     3.096202566     0.218588582
     4.280000000     0.305083244     3.126251983     0.224859262
     4.290000000     0.303971223     3.158430166     0.231135833
     4.300000000     0.302607080     3.193082377     0.237217129
     4.310000000     0.301265935     3.230067777     0.242874655
     4.320000000     0.300317731     3.269156759     0.247858504
     4.330000000     0.300228960     3.310530840     0.251907338
     4.340000000     0.301568924     3.354815803     0.254762208
     4.350000000     0.305030469     3.402545203     0.256183617
     4.360000000     0.311476461     3.453703423     0.255970851
     4.370000000     0.322022270     3.507873835     0.253982208
     4.380000000     0.338159646     3.564668772     0.250154138
     4.390000000     0.361917031     3.623932195     0.244516746
     4.400000000     0.396034148     3.685778550     0.237202802
     4.410000000     0.444104960     3.750585634     0.228447587
     4.420000000     0.510616150     3.818692683     0.218577864
     4.430000000     0.600786364     3.889893547     0.207989857
     4.440000000     0.720107943     3.963124545     0.197118085
     4.450000000     0.873523616     4.036429549     0.186398741
     4.460000000     1.064247418     4.107281599     0.176232510
     4.470000000     1.292359888     4.173034626     0.166951972
     4.480000000     1.553448389     4.230270641     0.158797991
     4.490000000     1.837676981     4.272327759     0.151907912
     4.500000000     2.129697982     4.286667394     0.146316484
     4.510000000     2.409712134     4.254615242     0.141968442
     4.520000000     2.655738552     4.155076986     0.138740079
     4.530000000     2.846818613     3.973750924     0.136465934
     4.540000000     2.966550673     3.717340461     0.134966171
     4.550000000     3.006155663     3.423620671     0.134070277
     4.560000000     2.966299159     3.151473982     0.133633536
     4.570000000     2.857162216     2.951346549     0.133544276
     4.580000000     2.696690965     2.842372168     0.133721996
     4.590000000     2.507425780     2.813992157     0.134108633
     4.600000000     2.312662333     2.841693824     0.134656828
     4.610000000     2.132821498     2.900401015     0.135319627
     4.620000000     1.982779623     2.970344145     0.136045136
     4.630000000     1.870598093     3.037861960     0.136777748
     4.640000000     1.797707772     3.094886954     0.137465080
     4.650000000     1.760269499     3.139028850     0.138067807
     4.660000000     1.751227573     3.172481231     0.138568658
     4.670000000     1.762522399     3.197831551     0.138977399
     4.680000000     1.787005179     3.214762919     0.139330224
     4.690000000     1.819749451     3.223385606     0.139684025
     4.700000000     1.858628167     3.230513794     0.140107625
     4.710000000     1.904182096     3.247841195     0.140672774
     4.720000000     1.958924155     3.281824507     0.141447232
     4.730000000     2.026296751     3.328376582     0.142491056
     4.740000000     2.109524584     3.377710641     0.143855745
     4.750000000     2.210588069     3.421492366     0.145584800
     4.760000000     2.329491472     3.454855068     0.147714006
     4.770000000     2.463928483     3.474240069     0.150270211
     4.780000000     2.609371452     3.476532566     0.153268483
     4.790000000     2.759541958     3.460611256     0.156708526
     4.800000000     2.907167831     3.426633722     0.160571878
     4.810000000     3.044897927     3.372873970     0.164821240
     4.820000000     3.166231039     3.297541102     0.169402569
     4.830000000     3.266319569     3.204930423     0.174249492
     4.840000000     3.342532537     3.105630669     0.179288807
     4.850000000     3.394704876     3.010470780     0.184445597
     4.860000000     3.425054586     2.926726119     0.189646901
     4.870000000     3.437804736     2.857457843     0.194823759
     4.880000000     3.438590392     2.800873555     0.199912306
     4.890000000     3.433752114     2.751973293     0.204854982
     4.900000000     3.429617031     2.707734289     0.209602755
     4.910000000     3.431852674     2.670546711     0.214118478
     4.920000000     3.444958174     2.644481309     0.218380625
     4.930000000     3.471938430     2.628238418     0.222386045
     4.940000000     3.514189111     2.613644524     0.226150297
     4.950000000     3.571597771     2.591131683     0.229704759
     4.960000000     3.642834101     2.555951599     0.233090644
     4.970000000     3.725762528     2.508465656     0.236351092
     4.980000000     3.817874606     2.449651678     0.239523139
     4.990000000     3.916623818     2.379645207     0.242631524
     5.000000000     4.019565092     2.300736920     0.245685826
     5.010000000     4.124257645     2.217880552     0.248681617
     5.020000000     4.227969337     2.134267437     0.251605288
     5.030000000     4.327298187     2.047426487     0.254441285
     5.040000000     4.417873487     1.950460077     0.257179891
     5.050000000     4.494294823     1.836681561     0.259823484
     5.060000000     4.550408873     1.702836940     0.262389570
     5.070000000     4.579926799     1.549291503     0.264909670
     5.080000000     4.577279647     1.379517093     0.267424187
     5.090000000     4.538528983     1.200266725     0.269974384
     5.100000000     4.462121012     1.021542905     0.272593259
     5.110000000     4.349303175     0.855298331     0.275297239
     5.120000000     4.204102219     0.711935008     0.278080241
     5.130000000     4.032866565     0.596495153     0.280910905
     5.140000000     3.843472917     0.508387245     0.283733117
     5.150000000     3.644362106     0.444571846     0.286469414
     5.160000000     3.443589623     0.402283051     0.289026646
     5.170000000     3.248053935     0.379126368     0.291303304
     5.180000000     3.063013202     0.372097797     0.293197913
     5.190000000     2.891935456     0.377373378     0.294617796
     5.200000000     2.736663824     0.390976885     0.295487383
     5.210000000     2.597826938     0.409629218     0.295755034
     5.220000000     2.475390136     0.431326107     0.295397514
     5.230000000     2.369227086     0.455569913     0.294421531
     5.240000000     2.279594568     0.483329026     0.292862337
     5.250000000     2.207415053     0.516492607     0.290779846
     5.260000000     2.154310144     0.556771596     0.288252978
     5.270000000     2.122377174     0.604757970     0.285372983
     5.280000000     2.113751735     0.659452007     0.282236279
     5.290000000     2.130039508     0.717927858     0.278937254
     5.300000000     2.171722336     0.774968420     0.275561489
     5.310000000     2.237642762     0.823504525     0.272180052
     5.320000000     2.324652164     0.856816941     0.268845668
     5.330000000     2.427479743     0.870951600     0.265591541
     5.340000000     2.538852674     0.864659344     0.262433208
     5.350000000     2.649877030     0.837611053     0.259373158
     5.360000000     2.750671850     0.789741848     0.256407200
     5.370000000     2.831226973     0.721326883     0.253531059
     5.380000000     2.882421322     0.632356047     0.250745570
     5.390000000     2.897092683     0.523127875     0.248059232
     5.400000000     2.871004641     0.397733749     0.245487672
     5.410000000     2.803531872     0.267550684     0.243050469
     5.420000000     2.697901529     0.149719748     0.240766584
     5.430000000     2.560894277     0.060312400     0.238650010
     5.440000000     2.402013293     0.007642660     0.236707182
     5.450000000     2.232245552    -0.009424542     0.234937041
     5.460000000     2.062632303     0.001909773     0.233333781
     5.470000000     1.902906394     0.032965353     0.231891316
     5.480000000     1.760432199     0.076404597     0.230607877
     5.490000000     1.639608685     0.126740073     0.229488980
     5.500000000     1.541791943     0.179322355     0.228547534
     5.510000000     1.465689067     0.229499574     0.227800818
     5.520000000     1.408094298     0.273018970     0.227265220
     5.530000000     1.364793713     0.307477598     0.226950588
     5.540000000     1.331458726     0.333721470     0.226856381
     5.550000000     1.304375713     0.355541319     0.226971421
     5.560000000     1.280909613     0.377298627     0.227277997
     5.570000000     1.259662083     0.401729576     0.227759644
     5.580000000     1.240347719     0.429913308     0.228410656
     5.590000000     1.223463528     0.462354810     0.229244555
     5.600000000     1.209857622     0.498763843     0.230298769
     5.610000000     1.200307814     0.536695734     0.231633528
     5.620000000     1.195200250     0.572033485     0.233324285
     5.630000000     1.194359477     0.601811837     0.235448489
     5.640000000     1.197035989     0.626093789     0.238068699
     5.650000000     1.202017958     0.646626447     0.241214766
     5.660000000     1.207810432     0.664176069     0.244867803
     5.670000000     1.212822538     0.677913230     0.248948267
     5.680000000     1.215519350     0.687402026     0.253309760
     5.690000000     1.214522566     0.694460321     0.257739488
     5.700000000     1.208672044     0.702193361     0.261965841
     5.710000000     1.197077350     0.712170175     0.265673164
     5.720000000     1.179187586     0.722962691     0.268523385
     5.730000000     1.154888536     0.731501762     0.270183482
     5.740000000     1.124606794     0.736037025     0.270356753
     5.750000000     1.089374958     0.738623305     0.268814679
     5.760000000     1.050804756     0.745253262     0.265425182
     5.770000000     1.010933748     0.762531943     0.260172723
     5.780000000     0.971952411     0.793127630     0.253166352
     5.790000000     0.935866551     0.834334381     0.244633548
     5.800000000     0.904184504     0.880446415     0.234900077
     5.810000000     0.877722553     0.926064666     0.224358768
     5.820000000     0.856590693     0.967897051     0.213432134
     5.830000000     0.840364620     1.004684256     0.202534791
     5.840000000     0.828389680     1.036756911     0.192041286
     5.850000000     0.820121279     1.066602289     0.182263428
     5.860000000     0.815398583     1.098877256     0.173438994
     5.870000000     0.814574959     1.137603577     0.165731349
     5.880000000     0.818477443     1.183109218     0.159237668
     5.890000000     0.828219534     1.232337938     0.154002503
     5.900000000     0.844929652     1.281493819     0.150033284
     5.910000000     0.869472179     1.328402730     0.147315005
     5.920000000     0.902229566     1.373173447     0.145822193
     5.930000000     0.942989663     1.416641613     0.145527181
     5.940000000     0.990952026     1.458033108     0.146404363
     5.950000000     1.044838517     1.494413638     0.148430566
     5.960000000     1.103072515     1.522547545     0.151582002
     5.970000000     1.163980283     1.541661932     0.155828592
     5.980000000     1.225969155     1.554391591     0.161126797
     5.990000000     1.287649969     1.564351849     0.167412393
     6.000000000     1.347892891     1.573172081     0.174594683
     6.010000000     1.405829952     1.580489131     0.182553465
     6.020000000     1.460835603     1.585774284     0.191139525
     6.030000000     1.512520418     1.588738983     0.200178814
     6.040000000     1.560760088     1.588083627     0.209479831
     6.050000000     1.605756940     1.581803521     0.218843327
     6.060000000     1.648105676     1.570030254     0.228073286
     6.070000000     1.688821546     1.556716925     0.236988163
     6.080000000     1.729295561     1.547376124     0.245431433
     6.090000000     1.771165592     1.545102493     0.253280493
     6.100000000     1.816123552     1.548470990     0.260452951
     6.110000000     1.865702277     1.552540365     0.266909248
     6.120000000     1.921090451     1.551862444     0.272650776
     6.130000000     1.983008599     1.543482397     0.277713080
     6.140000000     2.051652850     1.528088535     0.282154601
     6.150000000     2.126689939     1.508276859     0.286042410
     6.160000000     2.207278069     1.485673530     0.289437322
     6.170000000     2.292096070     1.459847202     0.292381225
     6.180000000     2.379380012     1.428892895     0.294889258
     6.190000000     2.466979566     1.389840859     0.296948513
     6.200000000     2.552446192     1.339253341     0.298523496
     6.210000000     2.633151025     1.275010886     0.299567054
     6.220000000     2.706411154     1.198217001     0.300034310
     6.230000000     2.769592451     1.113232020     0.299896660
     6.240000000     2.820164979     1.025035475     0.299153112
     6.250000000     2.855712807     0.936136539     0.297837027
     6.260000000     2.873932149     0.846273830     0.296017368
     6.270000000     2.872672423     0.754257129     0.293794579
     6.280000000     2.850069975     0.658622643     0.291292017
     6.290000000     2.804791110     0.557233679     0.288644414
     6.300000000     2.736350934     0.450138234     0.285985203
     6.310000000     2.645428357     0.343896290     0.283434664
     6.320000000     2.534076196     0.249023211     0.281090785
     6.330000000     2.405739898     0.172826470     0.279024392
     6.340000000     2.265045193     0.117192376     0.277279368
     6.350000000     2.117377132     0.081197065     0.275877825
     6.360000000     1.968328197     0.063148460     0.274828916
     6.370000000     1.823123289     0.060533709     0.274139041
     6.380000000     1.686127000     0.069914017     0.273820657
     6.390000000     1.560508870     0.088004550     0.273897105
     6.400000000     1.448098729     0.112428436     0.274401773
     6.410000000     1.349422391     0.141282843     0.275371345
     6.420000000     1.263879052     0.172662436     0.276834524
     6.430000000     1.190009864     0.204937421     0.278798923
     6.440000000     1.125809356     0.237263778     0.281239496
     6.450000000     1.069040971     0.269395750     0.284091763
     6.460000000     1.017528227     0.301022982     0.287252081
     6.470000000     0.969400144     0.331595021     0.290585726
     6.480000000     0.923273432     0.360987498     0.293941814
     6.490000000     0.878357417     0.390519756     0.297172511
     6.500000000     0.834473712     0.422807733     0.300152891
     6.510000000     0.791992764     0.460106211     0.302797409
     6.520000000     0.751702150     0.502914386     0.305069363
     6.530000000     0.714633230     0.550040340     0.306981027
     6.540000000     0.681879501     0.599711186     0.308584049
     6.550000000     0.654439365     0.650697581     0.309952068
     6.560000000     0.633108259     0.702653743     0.311159601
     6.570000000     0.618432541     0.755678984     0.312262546
     6.580000000     0.610723624     0.809586166     0.313285532
     6.590000000     0.610118102     0.863458320     0.314219686
     6.600000000     0.616659956     0.916036847     0.315031440
     6.610000000     0.630375438     0.966580451     0.315679646
     6.620000000     0.651311321     1.015106197     0.316135681
     6.630000000     0.679514705     1.061902488     0.316400230
     6.640000000     0.714948153     1.107285964     0.316511576
     6.650000000     0.757356067     1.151712717     0.316543029
     6.660000000     0.806121327     1.195352561     0.316590576
     6.670000000     0.860166890     1.237053636     0.316754720
     6.680000000     0.917956765     1.273814564     0.317121757
     6.690000000     0.977629847     1.301716503     0.317749133
     6.700000000     1.037261232     1.317981542     0.318657495
     6.710000000     1.095199326     1.322939601     0.319829561
     6.720000000     1.150388696     1.320469926     0.321213995
     6.730000000     1.202573566     1.315984653     0.322731764
     6.740000000     1.252294245     1.313335327     0.324282913
     6.750000000     1.300638004     1.313668596     0.325752959
     6.760000000     1.348775773     1.316781566     0.327019226
     6.770000000     1.397387438     1.322208913     0.327957959
     6.780000000     1.446129370     1.328545781     0.328452621
     6.790000000     1.493309414     1.332377491     0.328402778
     6.800000000     1.535897521     1.328211504     0.327731944
     6.810000000     1.569918957     1.310039379     0.326392346
     6.820000000     1.591170986     1.274284585     0.324365079
     6.830000000     1.596103810     1.222584133     0.321655464
     6.840000000     1.582645519     1.162911258     0.318285038
     6.850000000     1.550752929     1.107797134     0.314282802
     6.860000000     1.502540002     1.069481778     0.309678600
     6.870000000     1.441953942     1.054872600     0.304500683
     6.880000000     1.374098231     1.063733506     0.298777927
     6.890000000     1.304398259     1.090320636     0.292545463
     6.900000000     1.237835984     1.126484548     0.285851379
     6.910000000     1.178435570     1.164899990     0.278761988
     6.920000000     1.129079864     1.201690449     0.271363969
     6.930000000     1.091615924     1.237128306     0.263762989
     6.940000000     1.067111100     1.273427617     0.256079661
     6.950000000     1.056084134     1.312034927     0.248444328
     6.960000000     1.058570695     1.354028949     0.240992041
     6.970000000     1.073975796     1.401745129     0.233858325
     6.980000000     1.100780524     1.456948506     0.227175495
     6.990000000     1.136262241     1.516805561     0.221068662
     7.000000000     1.176417290     1.572709340     0.215650695
     7.010000000     1.216226884     1.613337576     0.211015978
     7.020000000     1.250293507     1.630231913     0.207233766
     7.030000000     1.273737124     1.623450838     0.204342554
     7.040000000     1.283130451     1.603528348     0.202347017
     7.050000000     1.277215118     1.587177205     0.201218390
     7.060000000     1.257193091     1.589246264     0.200898117
     7.070000000     1.226512539     1.616861712     0.201303437
     7.080000000     1.190218026     1.668919554     0.202333019
     7.090000000     1.154055983     1.738810743     0.203870942
     7.100000000     1.123576127     1.817883267     0.205788299
     7.110000000     1.103436467     1.899144503     0.207943057
     7.120000000     1.097025198     1.979816100     0.210179991
     7.130000000     1.106399977     2.060905102     0.212332931
     7.140000000     1.132458123     2.144559305     0.214231075
     7.150000000     1.175217835     2.232001493     0.215709735
     7.160000000     1.234112064     2.323228737     0.216624252
     7.170000000     1.308251684     2.417245356     0.216864346
     7.180000000     1.396670666     2.511867605     0.216365682
     7.190000000     1.498595627     2.603614286     0.215115860
     7.200000000     1.613774351     2.688546228     0.213153458
     7.210000000     1.742861275     2.764333232     0.210560522
     7.220000000     1.887814332     2.832731411     0.207450411
     7.230000000     2.052229716     2.899942677     0.203953719
     7.240000000     2.241540748     2.972956043     0.200204864
     7.250000000     2.463028214     3.054574921     0.196331049
     7.260000000     2.725613032     3.141395483     0.192444156
     7.270000000     3.039406593     3.225503710     0.188635133
     7.280000000     3.414971876     3.298131390     0.184970086
     7.290000000     3.862214580     3.352467068     0.181487515
     7.300000000     4.388814483     3.383512792     0.178196789
     7.310000000     4.998164900     3.386271557     0.175078612
     7.320000000     5.686936357     3.354849848     0.172088475
     7.330000000     6.442602712     3.281191625     0.169163738
     7.340000000     7.241499452     3.150726746     0.166234106
     7.350000000     8.048125627     2.938169547     0.163234188
     7.360000000     8.816354686     2.609698683     0.160115993
     7.370000000     9.492931965     2.132989177     0.156858942
     7.380000000    10.023135598     1.490766822     0.153475385
     7.390000000    10.357880348     0.693278233     0.150010600
     7.400000000    10.461029457    -0.214147986     0.146537408
     7.410000000    10.315430325    -1.154954078     0.143146627
     7.420000000     9.926321800    -2.040810485     0.139935238
     7.430000000     9.321273329    -2.795137120     0.136994371
     7.440000000     8.546580356    -3.365953806     0.134398999
     7.450000000     7.660838602    -3.733963303     0.132200811
     7.460000000     6.727019821    -3.917519413     0.130425173
     7.470000000     5.804607685    -3.962043938     0.129072459
     7.480000000     4.943181890    -3.918467972     0.128123391
     7.490000000     4.178349542    -3.826545799     0.127547352
     7.500000000     3.530293907    -3.709867253     0.127311993
     7.510000000     3.004639083    -3.580220270     0.127392047
     7.520000000     2.594960755    -3.444722526     0.127775217
     7.530000000     2.286159488    -3.310739431     0.128463445
     7.540000000     2.058011778    -3.187361288     0.129468866
     7.550000000     1.888424849    -3.083957026     0.130804972
     7.560000000     1.756138061    -3.007556897     0.132474779
     7.570000000     1.642767546    -2.960412633     0.134458662
     7.580000000     1.534166733    -2.937165668     0.136704768
     7.590000000     1.421102240    -2.923298248     0.139124476
     7.600000000     1.299265525    -2.900378675     0.141594335
     7.610000000     1.168685058    -2.856271383     0.143964555
     7.620000000     1.032672050    -2.789695368     0.146072788
     7.630000000     0.896500750    -2.706281377     0.147760842
     7.640000000     0.766060079    -2.612936077     0.148891487
     7.650000000     0.646696942    -2.515053128     0.149362550
     7.660000000     0.542405100    -2.416114293     0.149116219
     7.670000000     0.455419767    -2.318163603     0.148142570
     7.680000000     0.386187731    -2.222460243     0.146477582
     7.690000000     0.333620739    -2.130077507     0.144196915
     7.700000000     0.295515896    -2.042214029     0.141407246
     7.710000000     0.269035151    -1.960210984     0.138236821
     7.720000000     0.251162058    -1.885395716     0.134826301
     7.730000000     0.239082973    -1.818554076     0.131320202
     7.740000000     0.230463241    -1.758988837     0.127858678
     7.750000000     0.223605304    -1.704128993     0.124569283
     7.760000000     0.217488486    -1.650814132     0.121558722
     7.770000000     0.211702834    -1.597295235     0.118905132
     7.780000000     0.206302351    -1.543778050     0.116651918
     7.790000000     0.201613765    -1.491377885     0.114804260
     7.800000000     0.198041699    -1.441046804     0.113329119
     7.810000000     0.195907540    -1.393242330     0.112159046
     7.820000000     0.195347677    -1.348028444     0.111199507
     7.830000000     0.196280437    -1.305369584     0.110339063
     7.840000000     0.198434356    -1.265485279     0.109461450
     7.850000000     0.201417478    -1.228829797     0.108458422
     7.860000000     0.204800899    -1.195617962     0.107242005
     7.870000000     0.208190598    -1.165423680     0.105754569
     7.880000000     0.211268945    -1.137245512     0.103975046
     7.890000000     0.213798992    -1.109961551     0.101919830
     7.900000000     0.215597460    -1.082919837     0.099637660
     7.910000000     0.216492495    -1.056319363     0.097198916
     7.920000000     0.216286646    -1.031065800     0.094681096
     7.930000000     0.214742529    -1.008171372     0.092153316
     7.940000000     0.211599488    -0.988077963     0.089663153
     7.950000000     0.206617543    -0.970353956     0.087228720
     7.960000000     0.199634685    -0.953948861     0.084837676
     7.970000000     0.190618855    -0.937681379     0.082453128
     7.980000000     0.179698209    -0.920596671     0.080024712
     7.990000000     0.167161095    -0.902202377     0.077501913
     8.000000000     0.153426997    -0.882574178     0.074846343
     8.010000000     0.138997660    -0.862167455     0.072040269
     8.020000000     0.124401189    -0.841390327     0.069089881
     8.030000000     0.110140716    -0.820285246     0.066023312
     8.040000000     0.096654897    -0.798624490     0.062884641
     8.050000000     0.084292471    -0.776267279     0.059725874
     8.060000000     0.073299530    -0.753353370     0.056598974
     8.070000000     0.063816636    -0.730226702     0.053549568
     8.080000000     0.055883324    -0.707266856     0.050613209
     8.090000000     0.049448514    -0.684767900     0.047814298
     8.100000000     0.044386046    -0.662891263     0.045167156
     8.110000000     0.040514426    -0.641688766     0.042678338
     8.120000000     0.037619165    -0.621179030     0.040349246
     8.130000000     0.035475283    -0.601392604     0.038178211
     8.140000000     0.033867254    -0.582332909     0.036161579
     8.150000000     0.032604080    -0.563927585     0.034293737
     8.160000000     0.031528251    -0.546066626     0.032566415
     8.170000000     0.030518652    -0.528670800     0.030967829
     8.180000000     0.029488684    -0.511689316     0.029482309
     8.190000000     0.028381573    -0.495080445     0.028090847
     8.200000000     0.027164899    -0.478828437     0.026772665
     8.210000000     0.025825864    -0.462944671     0.025507519
     8.220000000     0.024367929    -0.447432138     0.024278152
     8.230000000     0.022808554    -0.432245999     0.023072200
     8.240000000     0.021177168    -0.417285756     0.021883014
     8.250000000     0.019512380    -0.402439646     0.020709149
     8.260000000     0.017857849    -0.387641099     0.019552693
     8.270000000     0.016256912    -0.372891335     0.018416928
     8.280000000     0.014746776    -0.358241178     0.017304007
     8.290000000     0.013353515    -0.343749385     0.016213310
     8.300000000     0.012089022    -0.329452720     0.015140903
     8.310000000     0.010950686    -0.315362439     0.014080225
     8.320000000     0.009923811    -0.301471984     0.013023787
     8.330000000     0.008986129    -0.287764010     0.011965410
     8.340000000     0.008113284    -0.274217948     0.010902423
     8.350000000     0.007284030    -0.260807678     0.009837284
     8.360000000     0.006484088    -0.247491205     0.008778192
     8.370000000     0.005708090    -0.234218197     0.007738544
     8.380000000     0.004959599    -0.220946074     0.006735293
     8.390000000     0.004249840    -0.207642805     0.005786547
     8.400000000     0.003596248    -0.194288322     0.004908907
     8.410000000     0.003022424    -0.180876944     0.004115111
     8.420000000     0.002561314    -0.167409560     0.003412479
     8.430000000     0.002263680    -0.153879973     0.002802456
     8.440000000     0.002213830    -0.140264979     0.002281257
     8.450000000     0.002554133    -0.126523470     0.001841344
     8.460000000     0.003518450    -0.112605551     0.001473278
     8.470000000     0.005471888    -0.098463223     0.001167469
     8.480000000     0.008949865    -0.084054080     0.000915438
     8.490000000     0.014683642    -0.069341401     0.000710421
     8.500000000     0.023593827    -0.054298209     0.000547360
     8.510000000     0.036730422    -0.038919584     0.000422466
     8.520000000     0.055141552    -0.023247139     0.000332585
     8.530000000     0.079665921    -0.007413377     0.000274584
     8.540000000     0.110666814     0.008279725     0.000244866
     8.550000000     0.147754009     0.023224774     0.000239079
     8.560000000     0.189565324     0.036285699     0.000252023
     8.570000000     0.233689724     0.045472264     0.000277748
     8.580000000     0.276798826     0.047597333     0.000309844
     8.590000000     0.315010216     0.038313680     0.000341889
     8.600000000     0.344442636     0.013468070     0.000368039
     8.610000000     0.361858823    -0.027397389     0.000383636
     8.620000000     0.365250244    -0.077385308     0.000385724
     8.630000000     0.354217903    -0.124015972     0.000373348
     8.640000000     0.330049386    -0.157074830     0.000347538
     8.650000000     0.295471552    -0.173850923     0.000310978
     8.660000000     0.254144485    -0.177322149     0.000267418
     8.670000000     0.210026430    -0.172040501     0.000220970
     8.680000000     0.166761366    -0.161792305     0.000175440
     8.690000000     0.127217004    -0.149093428     0.000133834
     8.700000000     0.093244475    -0.135434649     0.000098093
     8.710000000     0.065664293    -0.121638002     0.000069078
     8.720000000     0.044428706    -0.108128691     0.000046738
     8.730000000     0.028881934    -0.095107849     0.000030383
     8.740000000     0.018039193    -0.082654128     0.000018977
     8.750000000     0.010825206    -0.070781314     0.000011388
     8.760000000     0.006241420    -0.059470381     0.000006566
     8.770000000     0.003457474    -0.048687084     0.000003637
     8.780000000     0.001840190    -0.038391454     0.000001936
     8.790000000     0.000941011    -0.028542811     0.000000990
     8.800000000     0.000462333    -0.019102267     0.000000486
     8.810000000     0.000218244    -0.010033873     0.000000230
     8.820000000     0.000098983    -0.001305013     0.000000104
     8.830000000     0.000043132     0.007113583     0.000000045
     8.840000000     0.000018058     0.015248029     0.000000019
     8.850000000     0.000007264     0.023121553     0.000000008
     8.860000000     0.000002807     0.030754796     0.000000003
     8.870000000     0.000001042     0.038166105     0.000000001
     8.880000000     0.000000372     0.045371807     0.000000000
     8.890000000     0.000000127     0.052386460     0.000000000
     8.900000000     0.000000042     0.059223071     0.000000000
     8.910000000     0.000000013     0.065893289     0.000000000
     8.920000000     0.000000004     0.072407577     0.000000000
     8.930000000     0.000000001     0.078775355     0.000000000
     8.940000000     0.000000000     0.085005130     0.000000000
     8.950000000     0.000000000     0.091104604     0.000000000
     8.960000000     0.000000000     0.097080773     0.000000000
     8.970000000     0.000000000     0.102940003     0.000000000
     8.980000000     0.000000000     0.108688108     0.000000000
     8.990000000     0.000000000     0.114330410     0.000000000
     9.000000000     0.000000000     0.119871791     0.000000000
     9.010000000     0.000000000     0.125316746     0.000000000
     9.020000000     0.000000000     0.130669416     0.000000000
     9.030000000     0.000000000     0.135933632     0.000000000
     9.040000000     0.000000000     0.141112943     0.000000000
     9.050000000     0.000000000     0.146210644     0.000000000
     9.060000000     0.000000000     0.151229801     0.000000000
     9.070000000     0.000000000     0.156173273     0.000000000
     9.080000000     0.000000000     0.161043731     0.000000000
     9.090000000     0.000000000     0.165843677     0.000000000
     9.100000000     0.000000000     0.170575456     0.000000000
     9.110000000     0.000000000     0.175241270     0.000000000
     9.120000000     0.000000000     0.179843194     0.000000000
     9.130000000     0.000000000     0.184383182     0.000000000
     9.140000000     0.000000000     0.188863080     0.000000000
     9.150000000     0.000000000     0.193284632     0.000000000
     9.160000000     0.000000000     0.197649493     0.000000000
     9.170000000     0.000000000     0.201959228     0.000000000
     9.180000000     0.000000000     0.206215326     0.000000000
     9.190000000     0.000000000     0.210419203     0.000000000
     9.200000000     0.000000000     0.214572205     0.000000000
     9.210000000     0.000000000     0.218675617     0.000000000
     9.220000000     0.000000000     0.222730665     0.000000000
     9.230000000     0.000000000     0.226738518     0.000000000
     9.240000000     0.000000000     0.230700298     0.000000000
     9.250000000     0.000000000     0.234617075     0.000000000
     9.260000000     0.000000000     0.238489878     0.000000000
     9.270000000     0.000000000     0.242319692     0.000000000
     9.280000000     0.000000000     0.246107463     0.000000000
     9.290000000     0.000000000     0.249854101     0.000000000
     9.300000000     0.000000000     0.253560479     0.000000000
     9.310000000     0.000000000     0.257227441     0.000000000
     9.320000000     0.000000000     0.260855797     0.000000000
     9.330000000     0.000000000     0.264446329     0.000000000
     9.340000000     0.000000000     0.267999792     0.000000000
     9.350000000     0.000000000     0.271516913     0.000000000
     9.360000000     0.000000000     0.274998398     0.000000000
     9.370000000     0.000000000     0.278444925     0.000000000
     9.380000000     0.000000000     0.281857155     0.000000000
     9.390000000     0.000000000     0.285235723     0.000000000
     9.400000000     0.000000000     0.288581248     0.000000000
     9.410000000     0.000000000     0.291894328     0.000000000
     9.420000000     0.000000000     0.295175544     0.000000000
     9.430000000     0.000000000     0.298425458     0.000000000
     9.440000000     0.000000000     0.301644618     0.000000000
     9.450000000     0.000000000     0.304833556     0.000000000
     9.460000000     0.000000000     0.307992789     0.000000000
     9.470000000     0.000000000     0.311122818     0.000000000
     9.480000000     0.000000000     0.314224134     0.000000001
     9.490000000     0.000000001     0.317297212     0.000000002
     9.500000000     0.000000002     0.320342519     0.000000006
     9.510000000     0.000000006     0.323360506     0.000000015
     9.520000000     0.000000014     0.326351616     0.000000037
     9.530000000     0.000000032     0.329316281     0.000000085
     9.540000000     0.000000071     0.332254924     0.000000189
     9.550000000     0.000000151     0.335167956     0.000000405
     9.560000000     0.000000311     0.338055783     0.000000832
     9.570000000     0.000000615     0.340918801     0.000001643
     9.580000000     0.000001167     0.343757398     0.000003118
     9.590000000     0.000002128     0.346571952     0.000005685
     9.600000000     0.000003728     0.349362836     0.000009959
     9.610000000     0.000006274     0.352130410     0.000016763
     9.620000000     0.000010147     0.354875023     0.000027108
     9.630000000     0.000015766     0.357597005     0.000042120
     9.640000000     0.000023536     0.360296655     0.000062878
     9.650000000     0.000033757     0.362974227     0.000090186
     9.660000000     0.000046520     0.365629889     0.000124283
     9.670000000     0.000061593     0.368263666     0.000164554
     9.680000000     0.000078354     0.370875347     0.000209332
     9.690000000     0.000095767     0.373464344     0.000255853
     9.700000000     0.000112460     0.376029574     0.000300451
     9.710000000     0.000126885     0.378569547     0.000338989
     9.720000000     0.000137547     0.381083068     0.000367473
     9.730000000     0.000143258     0.383570764     0.000382730
     9.740000000     0.000143356     0.386036256     0.000382992
     9.750000000     0.000137829     0.388484808     0.000368225
     9.760000000     0.000127319     0.390920127     0.000340147
     9.770000000     0.000112999     0.393342910     0.000301889
     9.780000000     0.000096357     0.395751966     0.000257428
     9.790000000     0.000078944     0.398145756     0.000210908
     9.800000000     0.000062142     0.400523128     0.000166019
     9.810000000     0.000046998     0.402883416     0.000125560
     9.820000000     0.000034151     0.405226325     0.000091238
     9.830000000     0.000023842     0.407551789     0.000063698
     9.840000000     0.000015993     0.409859879     0.000042727
     9.850000000     0.000010307     0.412150740     0.000027537
     9.860000000     0.000006382     0.414424553     0.000017051
     9.870000000     0.000003797     0.416681519     0.000010144
     9.880000000     0.000002170     0.418921846     0.000005798
     9.890000000     0.000001192     0.421145743     0.000003184
     9.900000000     0.000000629     0.423353419     0.000001680
     9.910000000     0.000000319     0.425545078     0.000000852
     9.920000000     0.000000155     0.427720920     0.000000415
     9.930000000     0.000000073     0.429881140     0.000000194
     9.940000000     0.000000033     0.432025930     0.000000087
     9.950000000     0.000000014     0.434155478     0.000000038
     9.960000000     0.000000006     0.436269965     0.000000016
     9.970000000     0.000000002     0.438369571     0.000000006
     9.980000000     0.000000001     0.440454471     0.000000002
     9.990000000     0.000000000     0.442524836     0.000000001
    10.000000000     0.000000000     0.444580833     0.000000000
    10.010000000     0.000000000     0.446622627     0.000000000
    10.020000000     0.000000000     0.448650379     0.000000000
    10.030000000     0.000000000     0.450664248     0.000000000
    10.040000000     0.000000000     0.452664388     0.000000000
    10.050000000     0.000000000     0.454650953     0.000000000
    10.060000000     0.000000000     0.456624092     0.000000000
    10.070000000     0.000000000     0.458583952     0.000000000
    10.080000000     0.000000000     0.460530677     0.000000000
    10.090000000     0.000000000     0.462464410     0.000000000
    10.100000000     0.000000000     0.464385290     0.000000000
    10.110000000     0.000000000     0.466293455     0.000000000
    10.120000000     0.000000000     0.468189041     0.000000000
    10.130000000     0.000000000     0.470072179     0.000000000
    10.140000000     0.000000000     0.471943001     0.000000000
    10.150000000     0.000000000     0.473801636     0.000000000
    10.160000000     0.000000000     0.475648210     0.000000000
    10.170000000     0.000000000     0.477482848     0.000000000
    10.180000000     0.000000000     0.479305674     0.000000000
    10.190000000     0.000000000     0.481116807     0.000000000
    10.200000000     0.000000000     0.482916368     0.000000000
    10.210000000     0.000000000     0.484704473     0.000000000
    10.220000000     0.000000000     0.486481239     0.000000000
    10.230000000     0.000000000     0.488246779     0.000000000
    10.240000000     0.000000000     0.490001206     0.000000000
    10.250000000     0.000000000     0.491744629     0.000000000
    10.260000000     0.000000000     0.493477159     0.000000000
    10.270000000     0.000000000     0.495198902     0.000000000
    10.280000000     0.000000000     0.496909965     0.000000000
    10.290000000     0.000000000     0.498610451     0.000000000
    10.300000000     0.000000000     0.500300464     0.000000000
    10.310000000     0.000000000     0.501980106     0.000000000
    10.320000000     0.000000000     0.503649475     0.000000000
    10.330000000     0.000000000     0.505308672     0.000000000
    10.340000000     0.000000000     0.506957792     0.000000000
    10.350000000     0.000000000     0.508596933     0.000000000
    10.360000000     0.000000000     0.510226189     0.000000000
    10.370000000     0.000000000     0.511845652     0.000000000
    10.380000000     0.000000000     0.513455416     0.000000000
    10.390000000     0.000000000     0.515055571     0.000000000
    10.400000000     0.000000000     0.516646207     0.000000000
    10.410000000     0.000000000     0.518227412     0.000000000
    10.420000000     0.000000000     0.519799273     0.000000000
    10.430000000     0.000000000     0.521361877     0.000000000
    10.440000000     0.000000000     0.522915308     0.000000000
    10.450000000     0.000000000     0.524459651     0.000000000
    10.460000000     0.000000000     0.525994988     0.000000000
    10.470000000     0.000000000     0.527521400     0.000000000
    10.480000000     0.000000000     0.529038969     0.000000000
    10.490000000     0.000000000     0.530547775     0.000000000
    10.500000000     0.000000000     0.532047895     0.000000000
    10.510000000     0.000000000     0.533539407     0.000000000
    10.520000000     0.000000000     0.535022389     0.000000000
    10.530000000     0.000000000     0.536496915     0.000000000
    10.540000000     0.000000000     0.537963060     0.000000000
    10.550000000     0.000000000     0.539420898     0.000000000
    10.560000000     0.000000000     0.540870503     0.000000000
    10.570000000     0.000000000     0.542311945     0.000000000
    10.580000000     0.000000000     0.543745296     0.000000000
    10.590000000     0.000000000     0.545170627     0.000000000
    10.600000000     0.000000000     0.546588006     0.000000000
    10.610000000     0.000000000     0.547997501     0.000000000
    10.620000000     0.000000000     0.549399182     0.000000000
    10.630000000     0.000000000     0.550793114     0.000000000
    10.640000000     0.000000000     0.552179363     0.000000000
    10.650000000     0.000000000     0.553557996     0.000000000
    10.660000000     0.000000000     0.554929075     0.000000000
    10.670000000     0.000000000     0.556292665     0.000000000
    10.680000000     0.000000000     0.557648829     0.000000000
    10.690000000     0.000000000     0.558997630     0.000000000
    10.700000000     0.000000000     0.560339127     0.000000000
    10.710000000     0.000000000     0.561673383     0.000000000
    10.720000000     0.000000000     0.563000457     0.000000000
    10.730000000     0.000000000     0.564320409     0.000000000
    10.740000000     0.000000000     0.565633297     0.000000000
    10.750000000     0.000000000     0.566939180     0.000000000
    10.760000000     0.000000000     0.568238114     0.000000000
    10.770000000     0.000000000     0.569530156     0.000000000
    10.780000000     0.000000000     0.570815363     0.000000000
    10.790000000     0.000000000     0.572093789     0.000000000
    10.800000000     0.000000000     0.573365489     0.000000000
    10.810000000     0.000000000     0.574630518     0.000000000
    10.820000000     0.000000000     0.575888929     0.000000000
    10.830000000     0.000000000     0.577140775     0.000000000
    10.840000000     0.000000000     0.578386109     0.000000000
    10.850000000     0.000000000     0.579624981     0.000000000
    10.860000000     0.000000000     0.580857443     0.000000000
    10.870000000     0.000000000     0.582083547     0.000000000
    10.880000000     0.000000000     0.583303341     0.000000000
    10.890000000     0.000000000     0.584516875     0.000000000
    10.900000000     0.000000000     0.585724199     0.000000000
    10.910000000     0.000000000     0.586925361     0.000000000
    10.920000000     0.000000000     0.588120408     0.000000000
    10.930000000     0.000000000     0.589309388     0.000000000
    10.940000000     0.000000000     0.590492348     0.000000000
    10.950000000     0.000000000     0.591669335     0.000000000
    10.960000000     0.000000000     0.592840393     0.000000000
    10.970000000     0.000000000     0.594005570     0.000000000
    10.980000000     0.000000000     0.595164908     0.000000000
    10.990000000     0.000000000     0.596318454     0.000000000
    11.000000000     0.000000000     0.597466250     0.000000000
