 # Column 1: omega
 # Column 2: eps2(omega)
 # Column 3: eps1(omega)
 # Column 4: JDOS(omega)
     0.000000000     0.000000000     2.397895132     0.000000000
     0.010000000     0.000000000     2.397911842     0.000000000
     0.020000000     0.000000000     2.397961978     0.000000000
     0.030000000     0.000000000     2.398045552     0.000000000
     0.040000000     0.000000000     2.398162589     0.000000000
     0.050000000     0.000000000     2.398313121     0.000000000
     0.060000000     0.000000000     2.398497190     0.000000000
     0.070000000     0.000000000     2.398714847     0.000000000
     0.080000000     0.000000000     2.398966153     0.000000000
     0.090000000     0.000000000     2.399251178     0.000000000
     0.100000000     0.000000000     2.399570002     0.000000000
     0.110000000     0.000000000     2.399922715     0.000000000
     0.120000000     0.000000000     2.400309414     0.000000000
     0.130000000     0.000000000     2.400730210     0.000000000
     0.140000000     0.000000000     2.401185221     0.000000000
     0.150000000     0.000000000     2.401674576     0.000000000
     0.160000000     0.000000000     2.402198412     0.000000000
     0.170000000     0.000000000     2.402756880     0.000000000
     0.180000000     0.000000000     2.403350138     0.000000000
     0.190000000     0.000000000     2.403978356     0.000000000
     0.200000000     0.000000000     2.404641714     0.000000000
     0.210000000     0.000000000     2.405340403     0.000000000
     0.220000000     0.000000000     2.406074626     0.000000000
     0.230000000     0.000000000     2.406844595     0.000000000
     0.240000000     0.000000000     2.407650534     0.000000000
     0.250000000     0.000000000     2.408492680     0.000000000
     0.260000000     0.000000000     2.409371279     0.000000000
     0.270000000     0.000000000     2.410286592     0.000000000
     0.280000000     0.000000000     2.411238890     0.000000000
     0.290000000     0.000000000     2.412228457     0.000000000
     0.300000000     0.000000000     2.413255589     0.000000000
     0.310000000     0.000000000     2.414320596     0.000000000
     0.320000000     0.000000000     2.415423802     0.000000000
     0.330000000     0.000000000     2.416565541     0.000000000
     0.340000000     0.000000000     2.417746166     0.000000000
     0.350000000     0.000000000     2.418966039     0.000000000
     0.360000000     0.000000000     2.420225540     0.000000000
     0.370000000     0.000000000     2.421525063     0.000000000
     0.380000000     0.000000000     2.422865017     0.000000000
     0.390000000     0.000000000     2.424245826     0.000000000
     0.400000000     0.000000000     2.425667933     0.000000000
     0.410000000     0.000000000     2.427131793     0.000000000
     0.420000000     0.000000000     2.428637882     0.000000000
     0.430000000     0.000000000     2.430186692     0.000000000
     0.440000000     0.000000000     2.431778733     0.000000000
     0.450000000     0.000000000     2.433414534     0.000000000
     0.460000000     0.000000000     2.435094642     0.000000000
     0.470000000     0.000000000     2.436819626     0.000000000
     0.480000000     0.000000000     2.438590072     0.000000000
     0.490000000     0.000000000     2.440406590     0.000000000
     0.500000000     0.000000000     2.442269811     0.000000000
     0.510000000     0.000000000     2.444180388     0.000000000
     0.520000000     0.000000000     2.446138996     0.000000000
     0.530000000     0.000000000     2.448146336     0.000000000
     0.540000000     0.000000000     2.450203133     0.000000000
     0.550000000     0.000000000     2.452310136     0.000000000
     0.560000000     0.000000000     2.454468124     0.000000000
     0.570000000     0.000000000     2.456677899     0.000000000
     0.580000000     0.000000000     2.458940296     0.000000000
     0.590000000     0.000000000     2.461256176     0.000000000
     0.600000000     0.000000000     2.463626433     0.000000000
     0.610000000     0.000000000     2.466051991     0.000000000
     0.620000000     0.000000000     2.468533808     0.000000000
     0.630000000     0.000000000     2.471072875     0.000000000
     0.640000000     0.000000000     2.473670221     0.000000000
     0.650000000     0.000000000     2.476326910     0.000000000
     0.660000000     0.000000000     2.479044046     0.000000000
     0.670000000     0.000000000     2.481822770     0.000000000
     0.680000000     0.000000000     2.484664269     0.000000000
     0.690000000     0.000000000     2.487569771     0.000000000
     0.700000000     0.000000000     2.490540549     0.000000000
     0.710000000     0.000000000     2.493577924     0.000000000
     0.720000000     0.000000000     2.496683267     0.000000000
     0.730000000     0.000000000     2.499858000     0.000000000
     0.740000000     0.000000000     2.503103598     0.000000000
     0.750000000     0.000000000     2.506421592     0.000000000
     0.760000000     0.000000000     2.509813572     0.000000000
     0.770000000     0.000000000     2.513281192     0.000000000
     0.780000000     0.000000000     2.516826166     0.000000000
     0.790000000     0.000000000     2.520450277     0.000000000
     0.800000000     0.000000000     2.524155380     0.000000000
     0.810000000     0.000000000     2.527943401     0.000000000
     0.820000000     0.000000000     2.531816346     0.000000000
     0.830000000     0.000000000     2.535776302     0.000000000
     0.840000000     0.000000000     2.539825439     0.000000000
     0.850000000     0.000000000     2.543966019     0.000000000
     0.860000000     0.000000000     2.548200398     0.000000000
     0.870000000     0.000000000     2.552531031     0.000000000
     0.880000000     0.000000000     2.556960476     0.000000000
     0.890000000     0.000000000     2.561491402     0.000000000
     0.900000000     0.000000000     2.566126595     0.000000000
     0.910000000     0.000000000     2.570868961     0.000000000
     0.920000000     0.000000000     2.575721536     0.000000000
     0.930000000     0.000000000     2.580687493     0.000000000
     0.940000000     0.000000000     2.585770146     0.000000000
     0.950000000     0.000000000     2.590972964     0.000000000
     0.960000000     0.000000000     2.596299576     0.000000000
     0.970000000     0.000000000     2.601753781     0.000000000
     0.980000000     0.000000000     2.607339559     0.000000000
     0.990000000     0.000000000     2.613061081     0.000000000
     1.000000000     0.000000000     2.618922722     0.000000000
     1.010000000     0.000000000     2.624929074     0.000000000
     1.020000000     0.000000000     2.631084956     0.000000000
     1.030000000     0.000000000     2.637395434     0.000000000
     1.040000000     0.000000000     2.643865834     0.000000000
     1.050000000     0.000000000     2.650501758     0.000000000
     1.060000000     0.000000000     2.657309107     0.000000000
     1.070000000     0.000000000     2.664294095     0.000000000
     1.080000000     0.000000000     2.671463277     0.000000000
     1.090000000     0.000000000     2.678823568     0.000000000
     1.100000000     0.000000000     2.686382274     0.000000000
     1.110000000     0.000000000     2.694147112     0.000000000
     1.120000000     0.000000000     2.702126251     0.000000000
     1.130000000     0.000000000     2.710328336     0.000000000
     1.140000000     0.000000000     2.718762531     0.000000000
     1.150000000     0.000000000     2.727438555     0.000000000
     1.160000000     0.000000000     2.736366727     0.000000000
     1.170000000     0.000000000     2.745558017     0.000000000
     1.180000000     0.000000000     2.755024094     0.000000000
     1.190000000     0.000000000     2.764777387     0.000000000
     1.200000000     0.000000000     2.774831149     0.000000000
     1.210000000     0.000000000     2.785199528     0.000000000
     1.220000000     0.000000000     2.795897642     0.000000000
     1.230000000     0.000000000     2.806941674     0.000000000
     1.240000000     0.000000000     2.818348958     0.000000000
     1.250000000     0.000000000     2.830138094     0.000000000
     1.260000000     0.000000000     2.842329066     0.000000000
     1.270000000     0.000000000     2.854943372     0.000000000
     1.280000000     0.000000000     2.868004178     0.000000000
     1.290000000     0.000000000     2.881536483     0.000000000
     1.300000000     0.000000000     2.895567306     0.000000000
     1.310000000     0.000000000     2.910125900     0.000000000
     1.320000000     0.000000000     2.925243990     0.000000000
     1.330000000     0.000000000     2.940956041     0.000000000
     1.340000000     0.000000000     2.957299567     0.000000000
     1.350000000     0.000000000     2.974315476     0.000000000
     1.360000000     0.000000000     2.992048466     0.000000000
     1.370000000     0.000000000     3.010547475     0.000000000
     1.380000000     0.000000001     3.029866197     0.000000000
     1.390000000     0.000000005     3.050063668     0.000000000
     1.400000000     0.000000016     3.071204949     0.000000000
     1.410000000     0.000000053     3.093361894     0.000000000
     1.420000000     0.000000165     3.116614053     0.000000001
     1.430000000     0.000000499     3.141049694     0.000000002
     1.440000000     0.000001455     3.166766992     0.000000005
     1.450000000     0.000004092     3.193875389     0.000000012
     1.460000000     0.000011098     3.222497166     0.000000029
     1.470000000     0.000029014     3.252769230     0.000000068
     1.480000000     0.000073103     3.284845155     0.000000154
     1.490000000     0.000177463     3.318897471     0.000000336
     1.500000000     0.000414984     3.355120196     0.000000705
     1.510000000     0.000934548     3.393731553     0.000001424
     1.520000000     0.002026389     3.434976741     0.000002767
     1.530000000     0.004229657     3.479130479     0.000005175
     1.540000000     0.008496964     3.526498816     0.000009312
     1.550000000     0.016425570     3.577419233     0.000016128
     1.560000000     0.030549447     3.632257297     0.000026890
     1.570000000     0.054657141     3.691396751     0.000043172
     1.580000000     0.094057134     3.755217436     0.000066756
     1.590000000     0.155662641     3.824051068     0.000099440
     1.600000000     0.247729158     3.898097048     0.000142730
     1.610000000     0.379077267     3.977266680     0.000197454
     1.620000000     0.557698619     4.060900573     0.000263344
     1.630000000     0.788790560     4.147266188     0.000338685
     1.640000000     1.072481286     4.232690552     0.000420141
     1.650000000     1.401739249     4.310138428     0.000502847
     1.660000000     1.761119703     4.367090492     0.000580819
     1.670000000     2.126991841     4.382932318     0.000647672
     1.680000000     2.469651462     4.327308885     0.000697550
     1.690000000     2.757273791     4.164164787     0.000726113
     1.700000000     2.961110352     3.870223769     0.000731391
     1.710000000     3.060863112     3.468247010     0.000714344
     1.720000000     3.048961801     3.042161401     0.000679007
     1.730000000     2.932633649     2.694466851     0.000632193
     1.740000000     2.733164266     2.481846288     0.000582807
     1.750000000     2.482448817     2.400433426     0.000540885
     1.760000000     2.217597717     2.415717030     0.000516527
     1.770000000     1.974785379     2.491089561     0.000518853
     1.780000000     1.783609149     2.598548703     0.000555146
     1.790000000     1.662982988     2.718258273     0.000630270
     1.800000000     1.619151129     2.834618107     0.000746437
     1.810000000     1.645927788     2.932315015     0.000903379
     1.820000000     1.726873174     2.994121501     0.001098889
     1.830000000     1.838858643     3.002827808     0.001329705
     1.840000000     1.956348929     2.949087080     0.001592601
     1.850000000     2.055703764     2.839728365     0.001885557
     1.860000000     2.118848101     2.694568008     0.002208815
     1.870000000     2.135774295     2.535688036     0.002565707
     1.880000000     2.105527295     2.387614803     0.002963119
     1.890000000     2.035580943     2.279865353     0.003411545
     1.900000000     1.939806750     2.233523037     0.003924682
     1.910000000     1.835504386     2.248184465     0.004518527
     1.920000000     1.740133992     2.306648208     0.005209960
     1.930000000     1.668412762     2.386553789     0.006014844
     1.940000000     1.630303645     2.467034234     0.006945762
     1.950000000     1.630174175     2.531401175     0.008009647
     1.960000000     1.667114147     2.570157484     0.009205666
     1.970000000     1.736153439     2.584013627     0.010523715
     1.980000000     1.829972667     2.581658508     0.011943843
     1.990000000     1.940666674     2.570514945     0.013436712
     2.000000000     2.061184606     2.549671864     0.014965099
     2.010000000     2.186192828     2.512390152     0.016486270
     2.020000000     2.312252903     2.454954146     0.017955112
     2.030000000     2.437354418     2.384464781     0.019327901
     2.040000000     2.559979878     2.316036383     0.020566603
     2.050000000     2.677992264     2.259194228     0.021643487
     2.060000000     2.787700182     2.208599245     0.022545518
     2.070000000     2.883438964     2.147630660     0.023277729
     2.080000000     2.957887881     2.057297371     0.023864541
     2.090000000     3.003135795     1.923988653     0.024348106
     2.100000000     3.012263829     1.747001174     0.024783284
     2.110000000     2.981016973     1.543906482     0.025229656
     2.120000000     2.909066596     1.345902048     0.025741923
     2.130000000     2.800461289     1.183431041     0.026360701
     2.140000000     2.663100169     1.072777348     0.027105862
     2.150000000     2.507359200     1.012044638     0.027974122
     2.160000000     2.344250805     0.986610203     0.028941532
     2.170000000     2.183613332     0.977918701     0.029970321
     2.180000000     2.032776811     0.970960100     0.031018441
     2.190000000     1.895966225     0.958600245     0.032049600
     2.200000000     1.774460407     0.941488585     0.033041532
     2.210000000     1.667312223     0.923558725     0.033990892
     2.220000000     1.572318824     0.907417798     0.034914048
     2.230000000     1.486930595     0.894549081     0.035844045
     2.240000000     1.408881638     0.887354211     0.036824772
     2.250000000     1.336463466     0.887871031     0.037903830
     2.260000000     1.268493403     0.895135341     0.039125581
     2.270000000     1.204110538     0.905553980     0.040525597
     2.280000000     1.142550285     0.915683912     0.042127166
     2.290000000     1.083011965     0.923952244     0.043939973
     2.300000000     1.024666585     0.929940839     0.045960568
     2.310000000     0.966782881     0.933367542     0.048173927
     2.320000000     0.908902722     0.935340995     0.050555400
     2.330000000     0.850984425     0.939828928     0.053072466
     2.340000000     0.793453186     0.951379594     0.055686058
     2.350000000     0.737138994     0.971342414     0.058351518
     2.360000000     0.683125777     0.997654572     0.061019471
     2.370000000     0.632564442     1.027318572     0.063636959
     2.380000000     0.586507743     1.057952463     0.066149029
     2.390000000     0.545807896     1.088003826     0.068500789
     2.400000000     0.511088505     1.117053874     0.070639673
     2.410000000     0.482774113     1.146161785     0.072517620
     2.420000000     0.461144425     1.177024200     0.074092915
     2.430000000     0.446379992     1.210288428     0.075331682
     2.440000000     0.438578321     1.244822467     0.076209263
     2.450000000     0.437736026     1.278442750     0.076711821
     2.460000000     0.443705797     1.309223849     0.076838424
     2.470000000     0.456142426     1.336452175     0.076603501
     2.480000000     0.474450767     1.360451020     0.076039173
     2.490000000     0.497744373     1.381440103     0.075196557
     2.500000000     0.524820952     1.398809057     0.074145109
     2.510000000     0.554161467     1.411609968     0.072969269
     2.520000000     0.583962198     1.419364418     0.071762269
     2.530000000     0.612209650     1.421904791     0.070617641
     2.540000000     0.636803561     1.418675051     0.069619563
     2.550000000     0.655722885     1.408988404     0.068833587
     2.560000000     0.667216104     1.393089455     0.068299270
     2.570000000     0.669985873     1.372759038     0.068025931
     2.580000000     0.663333910     1.351026045     0.067992151
     2.590000000     0.647237866     1.331191516     0.068148977
     2.600000000     0.622346325     1.315544101     0.068426149
     2.610000000     0.589896390     1.304712670     0.068740246
     2.620000000     0.551574093     1.298375035     0.069003481
     2.630000000     0.509346268     1.296283386     0.069131958
     2.640000000     0.465291592     1.298485594     0.069052489
     2.650000000     0.421450172     1.305110542     0.068707435
     2.660000000     0.379699690     1.316191291     0.068057347
     2.670000000     0.341656572     1.331436203     0.067081478
     2.680000000     0.308596202     1.350091900     0.065776400
     2.690000000     0.281387782     1.371137627     0.064153101
     2.700000000     0.260445268     1.393606941     0.062233073
     2.710000000     0.245702836     1.416669818     0.060044067
     2.720000000     0.236627786     1.439397158     0.057616216
     2.730000000     0.232283014     1.460536224     0.054979253
     2.740000000     0.231443746     1.478717109     0.052161300
     2.750000000     0.232760347     1.493067925     0.049189421
     2.760000000     0.234943839     1.503612251     0.046091621
     2.770000000     0.236938549     1.510928029     0.042899653
     2.780000000     0.238042319     1.515845348     0.039651671
     2.790000000     0.237942714     1.519990524     0.036393778
     2.800000000     0.236657514     1.525794061     0.033179765
     2.810000000     0.234394782     1.534936843     0.030068726
     2.820000000     0.231373454     1.547058512     0.027120871
     2.830000000     0.227660177     1.560143067     0.024392291
     2.840000000     0.223075378     1.571731310     0.021929776
     2.850000000     0.217200600     1.579895011     0.019766771
     2.860000000     0.209486296     1.583743573     0.017921264
     2.870000000     0.199425869     1.583860036     0.016395858
     2.880000000     0.186739791     1.582707499     0.015179732
     2.890000000     0.171511032     1.583799393     0.014251770
     2.900000000     0.154230119     1.589611309     0.013583981
     2.910000000     0.135738159     1.600449038     0.013144482
     2.920000000     0.117087494     1.615122897     0.012899625
     2.930000000     0.099361665     1.632105527     0.012815235
     2.940000000     0.083502575     1.650159533     0.012857210
     2.950000000     0.070183522     1.668471874     0.012991852
     2.960000000     0.059747908     1.686587335     0.013186262
     2.970000000     0.052212943     1.704285417     0.013408958
     2.980000000     0.047322612     1.721479508     0.013630742
     2.990000000     0.044627773     1.738135355     0.013825692
     3.000000000     0.043572954     1.754168051     0.013972113
     3.010000000     0.043575800     1.769389003     0.014053304
     3.020000000     0.044092381     1.783574627     0.014057998
     3.030000000     0.044666809     1.796635652     0.013980454
     3.040000000     0.044965972     1.808810652     0.013820201
     3.050000000     0.044800317     1.820669841     0.013581524
     3.060000000     0.044130816     1.832786287     0.013272827
     3.070000000     0.043061660     1.845385627     0.012906004
     3.080000000     0.041818454     1.858370999     0.012495934
     3.090000000     0.040712625     1.871635858     0.012060072
     3.100000000     0.040094332     1.885270945     0.011618042
     3.110000000     0.040297895     1.899449130     0.011191057
     3.120000000     0.041585742     1.914185476     0.010800991
     3.130000000     0.044098483     1.929255815     0.010469070
     3.140000000     0.047819590     1.944253244     0.010214315
     3.150000000     0.052562531     1.958653318     0.010051966
     3.160000000     0.057985555     1.971895764     0.009992223
     3.170000000     0.063634748     1.983565834     0.010039564
     3.180000000     0.069010219     1.993629970     0.010192775
     3.190000000     0.073644852     2.002444717     0.010445725
     3.200000000     0.077181433     2.010448135     0.010788815
     3.210000000     0.079433528     2.018035461     0.011210981
     3.220000000     0.080418469     2.025809393     0.011702077
     3.230000000     0.080356567     2.034542588     0.012255343
     3.240000000     0.079637688     2.044709043     0.012869560
     3.250000000     0.078762701     2.056291425     0.013550346
     3.260000000     0.078271315     2.069011156     0.014310071
     3.270000000     0.078668814     2.082516070     0.015166088
     3.280000000     0.080362257     2.096393569     0.016137329
     3.290000000     0.083613089     2.110242696     0.017239841
     3.300000000     0.088509329     2.123837499     0.018482188
     3.310000000     0.094957829     2.137135099     0.019861858
     3.320000000     0.102696050     2.150017882     0.021363618
     3.330000000     0.111322902     2.162112932     0.022960332
     3.340000000     0.120348238     2.172991570     0.024616170
     3.350000000     0.129259420     2.182472878     0.026291590
     3.360000000     0.137600205     2.190679933     0.027949128
     3.370000000     0.145052522     2.197878925     0.029558954
     3.380000000     0.151506951     2.204329357     0.031103364
     3.390000000     0.157104997     2.210400110     0.032579619
     3.400000000     0.162237784     2.216884203     0.034000914
     3.410000000     0.167492481     2.224870894     0.035395439
     3.420000000     0.173549273     2.235028367     0.036803670
     3.430000000     0.181045281     2.247158625     0.038274153
     3.440000000     0.190433840     2.260429549     0.039858146
     3.450000000     0.201873365     2.273778302     0.041603701
     3.460000000     0.215176665     2.286087697     0.043549912
     3.470000000     0.229838102     2.296189216     0.045722106
     3.480000000     0.245135368     2.302926642     0.048128665
     3.490000000     0.260280587     2.305555066     0.050759883
     3.500000000     0.274579429     2.304457803     0.053588890
     3.510000000     0.287553299     2.301506873     0.056574354
     3.520000000     0.298990886     2.299369740     0.059664495
     3.530000000     0.308918554     2.300076512     0.062801925
     3.540000000     0.317506364     2.303928931     0.065928959
     3.550000000     0.324947749     2.309469136     0.068993132
     3.560000000     0.331357900     2.314377357     0.071952598
     3.570000000     0.336725877     2.316682615     0.074780975
     3.580000000     0.340932541     2.315724614     0.077470877
     3.590000000     0.343820037     2.312437292     0.080035306
     3.600000000     0.345279395     2.308735929     0.082506140
     3.610000000     0.345318220     2.306485333     0.084929457
     3.620000000     0.344081305     2.306805967     0.087358203
     3.630000000     0.341817818     2.309883609     0.089843523
     3.640000000     0.338810323     2.315011384     0.092426703
     3.650000000     0.335294537     2.320831115     0.095133775
     3.660000000     0.331400057     2.325968192     0.097974266
     3.670000000     0.327132166     2.329847309     0.100944534
     3.680000000     0.322398643     2.333000142     0.104034738
     3.690000000     0.317070150     2.336490480     0.107237409
     3.700000000     0.311053400     2.341060141     0.110555006
     3.710000000     0.304355106     2.346820889     0.114004086
     3.720000000     0.297120256     2.353584784     0.117614740
     3.730000000     0.289637330     2.361366330     0.121425292
     3.740000000     0.282312373     2.370545309     0.125473662
     3.750000000     0.275620728     2.381563619     0.129787635
     3.760000000     0.270049022     2.394510541     0.134376487
     3.770000000     0.266040463     2.408988156     0.139225853
     3.780000000     0.263954536     2.424308418     0.144296789
     3.790000000     0.264048276     2.439785356     0.149528820
     3.800000000     0.266481360     2.454963988     0.154845945
     3.810000000     0.271341947     2.469768061     0.160164024
     3.820000000     0.278685247     2.484381315     0.165397972
     3.830000000     0.288572838     2.498879907     0.170467485
     3.840000000     0.301098568     2.513022214     0.175300540
     3.850000000     0.316387113     2.526395315     0.179834512
     3.860000000     0.334555043     2.538738099     0.184015310
     3.870000000     0.355632000     2.550134472     0.187795405
     3.880000000     0.379451268     2.560853618     0.191131926
     3.890000000     0.405532265     2.570916930     0.193986007
     3.900000000     0.432988442     2.579751701     0.196324286
     3.910000000     0.460497447     2.586140634     0.198122777
     3.920000000     0.486362338     2.588358665     0.199372495
     3.930000000     0.508672465     2.584541291     0.200085345
     3.940000000     0.525544901     2.573601961     0.200298332
     3.950000000     0.535400787     2.556439876     0.200074241
     3.960000000     0.537215493     2.536320600     0.199497693
     3.970000000     0.530684206     2.517785013     0.198666768
     3.980000000     0.516265612     2.504842690     0.197681638
     3.990000000     0.495098886     2.499464882     0.196632620
     4.000000000     0.468821628     2.501036264     0.195590241
     4.010000000     0.439337373     2.507261989     0.194599317
     4.020000000     0.408584809     2.516025450     0.193677909
     4.030000000     0.378348329     2.526842321     0.192820719
     4.040000000     0.350128599     2.540755320     0.192005503
     4.050000000     0.325072082     2.558806788     0.191200747
     4.060000000     0.303946943     2.580838607     0.190373059
     4.070000000     0.287151022     2.605672807     0.189493448
     4.080000000     0.274742243     2.631799659     0.188542348
     4.090000000     0.266487411     2.657792618     0.187513672
     4.100000000     0.261927462     2.682636335     0.186418208
     4.110000000     0.260455048     2.706049307     0.185286325
     4.120000000     0.261396043     2.728499954     0.184169503
     4.130000000     0.264083730     2.750790383     0.183139944
     4.140000000     0.267915422     2.773486382     0.182287628
     4.150000000     0.272386022     2.796609709     0.181714606
     4.160000000     0.277099375     2.819796504     0.181527045
     4.170000000     0.281763190     2.842719289     0.181826089
     4.180000000     0.286175078     2.865343810     0.182699028
     4.190000000     0.290205661     2.887851733     0.184212140
     4.200000000     0.293781680     2.910542215     0.186406192
     4.210000000     0.296869455     2.933891164     0.189294893
     4.220000000     0.299458461     2.958442173     0.192865841
     4.230000000     0.301545967     2.984428761     0.197082951
     4.240000000     0.303125480     3.011569018     0.201889067
     4.250000000     0.304182488     3.039338690     0.207207575
     4.260000000     0.304700007     3.067470053     0.212942318
     4.270000000     0.304673826     3.096253148     0.218975816
     4.280000000     0.304134477     3.126413374     0.225166478
     4.290000000     0.303170986     3.158669414     0.231346036
     4.300000000     0.301951381     3.193332187     0.237318536
     4.310000000     0.300736609     3.230268181     0.242862104
     4.320000000     0.299887593     3.269277227     0.247734254
     4.330000000     0.299868630     3.310558995     0.251681099
     4.340000000     0.301253877     3.354748674     0.254450364
     4.350000000     0.304746561     3.402407654     0.255807763
     4.360000000     0.311222255     3.453561450     0.255555911
     4.370000000     0.321807012     3.507805261     0.253554381
     4.380000000     0.337996679     3.564716583     0.249738924
     4.390000000     0.361813584     3.624089887     0.244137199
     4.400000000     0.395979611     3.685999320     0.236878088
     4.410000000     0.444060576     3.750787223     0.228191857
     4.420000000     0.510509403     3.818775738     0.218399479
     4.430000000     0.600513007     3.889779297     0.207890994
     4.440000000     0.719543583     3.962781439     0.197094798
     4.450000000     0.872545035     4.035883836     0.186441544
     4.460000000     1.062761479     4.106608079     0.176327506
     4.470000000     1.290335297     4.172314203     0.167082490
     4.480000000     1.550943363     4.229579626     0.158946575
     4.490000000     1.834854844     4.271812226     0.152058450
     4.500000000     2.126823774     4.286605232     0.146456177
     4.510000000     2.407126824     4.255390186     0.142089309
     4.520000000     2.653813045     4.157076889     0.138839705
     4.530000000     2.845895952     3.977158527     0.136547286
     4.540000000     2.966889514     3.721840997     0.135036426
     4.550000000     3.007889232     3.428304859     0.134138807
     4.560000000     2.969420350     3.155241499     0.133709394
     4.570000000     2.861538038     2.953528506     0.133633663
     4.580000000     2.702100416     2.842963229     0.133826275
     4.590000000     2.513607828     2.813412481     0.134223366
     4.600000000     2.319357792     2.840454296     0.134772153
     4.610000000     2.139795542     2.898906575     0.135421949
     4.620000000     1.989819509     2.968831367     0.136119818
     4.630000000     1.877490480     3.036374496     0.136812183
     4.640000000     1.804208148     3.093187379     0.137451425
     4.650000000     1.766079694     3.136544774     0.138004712
     4.660000000     1.755994798     3.168556040     0.138461587
     4.670000000     1.765865787     3.192190001     0.138837509
     4.680000000     1.788566172     3.207704918     0.139172123
     4.690000000     1.819253964     3.215573270     0.139523002
     4.700000000     1.855944199     3.222672688     0.139957024
     4.710000000     1.899357519     3.240621292     0.140542056
     4.720000000     1.952195182     3.275800783     0.141341034
     4.730000000     2.018065819     3.324010544     0.142409260
     4.740000000     2.100314220     3.375179623     0.143794309
     4.750000000     2.200982288     3.420584628     0.145537002
     4.760000000     2.320077113     3.455152554     0.147671720
     4.770000000     2.455245916     3.475403578     0.150224986
     4.780000000     2.601878892     3.478366495     0.153212317
     4.790000000     2.753592426     3.462964885     0.156634379
     4.800000000     2.902994560     3.429396248     0.160474038
     4.810000000     3.042603731     3.376022999     0.164695652
     4.820000000     3.165779608     3.301002548     0.169247160
     4.830000000     3.267530326     3.208377753     0.174064471
     4.840000000     3.345083821     3.108522107     0.179076825
     4.850000000     3.398151098     3.012255701     0.184211671
     4.860000000     3.428861022     2.927014763     0.189398030
     4.870000000     3.441399237     2.856110566     0.194568262
     4.880000000     3.441426028     2.798044057     0.199658966
     4.890000000     3.435370424     2.748102778     0.204612176
     4.900000000     3.429699783     2.703414449     0.209377702
     4.910000000     3.430251644     2.666294330     0.213916741
     4.920000000     3.441697073     2.640672180     0.218205898
     4.930000000     3.467187642     2.625211160     0.222240175
     4.940000000     3.508220386     2.611749077     0.226033462
     4.950000000     3.564730632     2.590597028     0.229615697
     4.960000000     3.635387027     2.556620041     0.233026857
     4.970000000     3.718019521     2.509745836     0.236308997
     4.980000000     3.810072413     2.450914235     0.239498179
     4.990000000     3.908958513     2.380693144     0.242618277
     5.000000000     4.012211166     2.301950235     0.245678164
     5.010000000     4.117389869     2.219943066     0.248672921
     5.020000000     4.221778188     2.137598791     0.251588731
     5.030000000     4.321992887     2.051869449     0.254410161
     5.040000000     4.413671245     1.955527699     0.257127951
     5.050000000     4.491399133     1.841950276     0.259745236
     5.060000000     4.548982406     1.708126266     0.262280504
     5.070000000     4.580065420     1.554632938     0.264766370
     5.080000000     4.578993381     1.384992627     0.267244312
     5.090000000     4.541734096     1.205763794     0.269756531
     5.100000000     4.466644976     1.026573377     0.272336772
     5.110000000     4.354901606     0.859138498     0.275002059
     5.120000000     4.210484393     0.714143089     0.277746905
     5.130000000     4.039724345     0.597281124     0.280540786
     5.140000000     3.850507522     0.508367126     0.283328902
     5.150000000     3.651304353     0.444245215     0.286035718
     5.160000000     3.450211550     0.401740101     0.288570572
     5.170000000     3.254172136     0.378074705     0.290834697
     5.180000000     3.068485725     0.370124307     0.292729113
     5.190000000     2.896654143     0.374324548     0.294162840
     5.200000000     2.740542951     0.387150600     0.295060751
     5.210000000     2.600787887     0.405519895     0.295370236
     5.220000000     2.477341699     0.427228422     0.295065855
     5.230000000     2.370042302     0.451502283     0.294151388
     5.240000000     2.279087330     0.479192697     0.292659086
     5.250000000     2.205321961     0.512172393     0.290646385
     5.260000000     2.150284230     0.552132114     0.288190611
     5.270000000     2.115999551     0.599645827     0.285382283
     5.280000000     2.104565329     0.653795786     0.282317602
     5.290000000     2.117606472     0.711928959     0.279090686
     5.300000000     2.155703922     0.769255238     0.275786210
     5.310000000     2.217897137     0.819027969     0.272473278
     5.320000000     2.301341029     0.854407843     0.269201496
     5.330000000     2.401168155     0.870921731     0.266000041
     5.340000000     2.510579238     0.866966170     0.262880078
     5.350000000     2.621166589     0.842492924     0.259840132
     5.360000000     2.723464492     0.798172696     0.256873252
     5.370000000     2.807709035     0.734962563     0.253974272
     5.380000000     2.864766411     0.652925006     0.251145406
     5.390000000     2.887148666     0.551203221     0.248398828
     5.400000000     2.869986891     0.431424652     0.245755758
     5.410000000     2.811793593     0.302303820     0.243242522
     5.420000000     2.714841991     0.179985315     0.240884961
     5.430000000     2.585035788     0.082111106     0.238702979
     5.440000000     2.431236051     0.020033505     0.236706987
     5.450000000     2.264129580    -0.004838267     0.234897370
     5.460000000     2.094830373     0.001281373     0.233267129
     5.470000000     1.933468646     0.029420728     0.231806788
     5.480000000     1.788021292     0.071493071     0.230509883
     5.490000000     1.663575943     0.121387041     0.229377077
     5.500000000     1.562118981     0.174082548     0.228417427
     5.510000000     1.482826345     0.224684502     0.227646284
     5.520000000     1.422742853     0.268707846     0.227080568
     5.530000000     1.377679124     0.303524640     0.226733167
     5.540000000     1.343140372     0.329860093     0.226608673
     5.550000000     1.315123260     0.351533989     0.226702340
     5.560000000     1.290664758     0.372872020     0.227003131
     5.570000000     1.268087641     0.396232994     0.227500346
     5.580000000     1.246948982     0.422125706     0.228192040
     5.590000000     1.227750611     0.451040678     0.229092652
     5.600000000     1.211506539     0.484017233     0.230237255
     5.610000000     1.199276945     0.520877157     0.231680566
     5.620000000     1.191770214     0.558910625     0.233490082
     5.630000000     1.189086466     0.594149001     0.235734045
     5.640000000     1.190634606     0.623629519     0.238466056
     5.650000000     1.195210552     0.646515996     0.241708705
     5.660000000     1.201188096     0.663530883     0.245438658
     5.670000000     1.206755574     0.675634971     0.249575251
     5.680000000     1.210135619     0.683898680     0.253974105
     5.690000000     1.209748759     0.690475624     0.258426796
     5.700000000     1.204314414     0.698196471     0.262667221
     5.710000000     1.192910803     0.708451505     0.266385049
     5.720000000     1.175026140     0.719807740     0.269246167
     5.730000000     1.150622338     0.729118625     0.270919313
     5.740000000     1.120205115     0.734423603     0.271106977
     5.750000000     1.084865392     0.737549213     0.269577387
     5.760000000     1.046243272     0.744369401     0.266193324
     5.770000000     1.006378434     0.761571343     0.260933150
     5.780000000     0.967447994     0.792055512     0.253900012
     5.790000000     0.931440342     0.833321002     0.245316868
     5.800000000     0.899849763     0.879710312     0.235507381
     5.810000000     0.873483613     0.925715140     0.224865337
     5.820000000     0.852445290     0.967889127     0.213817387
     5.830000000     0.836301574     1.004912130     0.202784992
     5.840000000     0.824382881     1.037158048     0.192151285
     5.850000000     0.816122843     1.067130402     0.182237143
     5.860000000     0.811334489     1.099440316     0.173288634
     5.870000000     0.810345673     1.138113280     0.165475601
     5.880000000     0.813964416     1.183554751     0.158899289
     5.890000000     0.823296672     1.232796326     0.153605751
     5.900000000     0.839477378     1.282085975     0.149601599
     5.910000000     0.863391009     1.329208771     0.146869188
     5.920000000     0.895450331     1.374200375     0.145379218
     5.930000000     0.935478863     1.417951494     0.145099650
     5.940000000     0.982712955     1.459891976     0.146000559
     5.950000000     1.035911274     1.497216324     0.148054997
     5.960000000     1.093537733     1.526539854     0.151236305
     5.970000000     1.153971336     1.546710439     0.155512612
     5.980000000     1.215694922     1.560086147     0.160839635
     5.990000000     1.277425183     1.570447161     0.167153225
     6.000000000     1.338167057     1.579888286     0.174363215
     6.010000000     1.397201148     1.588321880     0.182349966
     6.020000000     1.454034760     1.595138525     0.190964513
     6.030000000     1.508356431     1.599921114     0.200032532
     6.040000000     1.560025994     1.601397643     0.209361682
     6.050000000     1.609109724     1.597392755     0.218751409
     6.060000000     1.655942922     1.587234149     0.228004094
     6.070000000     1.701183043     1.573771530     0.236936453
     6.080000000     1.745814713     1.562032762     0.245390192
     6.090000000     1.791084660     1.555673560     0.253241025
     6.100000000     1.838371727     1.554458589     0.260405098
     6.110000000     1.889021223     1.554530319     0.266841889
     6.120000000     1.944182597     1.550884409     0.272552725
     6.130000000     2.004681333     1.540292882     0.277574470
     6.140000000     2.070936171     1.522959107     0.281968670
     6.150000000     2.142913460     1.501401672     0.285807433
     6.160000000     2.220102220     1.477562504     0.289158259
     6.170000000     2.301499652     1.451278752     0.292070596
     6.180000000     2.385611195     1.420636184     0.294566843
     6.190000000     2.470480626     1.382484146     0.296639679
     6.200000000     2.553764557     1.333169220     0.298256266
     6.210000000     2.632850802     1.270356865     0.299368340
     6.220000000     2.704999498     1.194900665     0.299925970
     6.230000000     2.767472763     1.110773939     0.299892138
     6.240000000     2.817623330     1.022602177     0.299255327
     6.250000000     2.852936005     0.933043669     0.298037972
     6.260000000     2.871047532     0.842555615     0.296299520
     6.270000000     2.869793748     0.750592854     0.294133848
     6.280000000     2.847332921     0.655734126     0.291661627
     6.290000000     2.802366431     0.555562099     0.289018909
     6.300000000     2.734431785     0.449900558     0.286343758
     6.310000000     2.644197477     0.344918510     0.283763065
     6.320000000     2.533665234     0.250567276     0.281381799
     6.330000000     2.406194963     0.173996652     0.279276631
     6.340000000     2.266309503     0.117507036     0.277495137
     6.350000000     2.119295223     0.080687164     0.276060607
     6.360000000     1.970669293     0.062078031     0.274981174
     6.370000000     1.825616532     0.059133668     0.274260821
     6.380000000     1.688499735     0.068270569     0.273909212
     6.390000000     1.562520598     0.086083553     0.273947461
     6.400000000     1.449566477     0.110210760     0.274407959
     6.410000000     1.350236346     0.138873041     0.275327919
     6.420000000     1.264009260     0.170255514     0.276737996
     6.430000000     1.189505271     0.202716516     0.278648760
     6.440000000     1.124789993     0.235337241     0.281038514
     6.450000000     1.067683464     0.267816987     0.283845782
     6.460000000     1.016044861     0.299866525     0.286968885
     6.470000000     0.968012657     0.331001957     0.290273487
     6.480000000     0.922184357     0.361069543     0.293607253
     6.490000000     0.877723299     0.391174532     0.296819186
     6.500000000     0.834385206     0.423695970     0.299779999
     6.510000000     0.792465862     0.460837347     0.302399434
     6.520000000     0.752682529     0.503213231     0.304636750
     6.530000000     0.716012621     0.549787471     0.306501812
     6.540000000     0.683519987     0.598937617     0.308046182
     6.550000000     0.656199653     0.649564637     0.309345951
     6.560000000     0.634865872     0.701378968     0.310480317
     6.570000000     0.620097581     0.754431086     0.311511290
     6.580000000     0.612242564     0.808433264     0.312469980
     6.590000000     0.611469065     0.862383236     0.313353254
     6.600000000     0.617843068     0.914963233     0.314131687
     6.610000000     0.631402527     0.965412420     0.314766273
     6.620000000     0.652198452     1.013799635     0.315228625
     6.630000000     0.680279153     1.060489511     0.315518280
     6.640000000     0.715609252     1.105810565     0.315671715
     6.650000000     0.757937641     1.150186708     0.315760426
     6.660000000     0.806652663     1.193793573     0.315878956
     6.670000000     0.860679727     1.235519140     0.316126723
     6.680000000     0.918477259     1.272379771     0.316588955
     6.690000000     0.978166572     1.300444140     0.317321560
     6.700000000     1.037792224     1.316885466     0.318342777
     6.710000000     1.095662355     1.321900762     0.319631918
     6.720000000     1.150678948     1.319211069     0.321133466
     6.730000000     1.202551659     1.314240969     0.322763948
     6.740000000     1.251805316     1.311078941     0.324419370
     6.750000000     1.299540012     1.311120528     0.325982198
     6.760000000     1.346972832     1.314225308     0.327328047
     6.770000000     1.394862296     1.319851758     0.328332816
     6.780000000     1.442968363     1.326520273     0.328880702
     6.790000000     1.489713585     1.330787205     0.328872608
     6.800000000     1.532175086     1.327181719     0.328233478
     6.810000000     1.566457117     1.309778231     0.326916704
     6.820000000     1.588388945     1.275089733     0.324904156
     6.830000000     1.594393272     1.224681256     0.322201691
     6.840000000     1.582308723     1.166134451     0.318831445
     6.850000000     1.551950229     1.111442679     0.314823406
     6.860000000     1.505258128     1.072608781     0.310208980
     6.870000000     1.446002144     1.056763919     0.305018503
     6.880000000     1.379133428     1.064100376     0.299283178
     6.890000000     1.309973799     1.089234864     0.293040292
     6.900000000     1.243463481     1.124212952     0.286339506
     6.910000000     1.183647131     1.161734776     0.279247848
     6.920000000     1.133479165     1.197835224     0.271851748
     6.930000000     1.094910613     1.232728879     0.264255723
     6.940000000     1.069124486     1.268728802     0.256578487
     6.950000000     1.056749388     1.307439355     0.248947894
     6.960000000     1.057914399     1.349901973     0.241496027
     6.970000000     1.072098691     1.398157006     0.234355048
     6.980000000     1.097841620     1.453655958     0.227653601
     6.990000000     1.132468878     1.513490340     0.221513000
     7.000000000     1.172019657     1.569284840     0.216042507
     7.010000000     1.211512548     1.610157954     0.211333580
     7.020000000     1.245576858     1.627977200     0.207453814
     7.030000000     1.269340431     1.622608388     0.204441919
     7.040000000     1.279356634     1.603945779     0.202305110
     7.050000000     1.274315748     1.588189812     0.201019660
     7.060000000     1.255337131     1.590175443     0.200534320
     7.070000000     1.225761223     1.617340297     0.200775298
     7.080000000     1.190509478     1.668875486     0.201650985
     7.090000000     1.155200850     1.738313534     0.203054886
     7.100000000     1.125263842     1.816982588     0.204866242
     7.110000000     1.105251251     1.897727158     0.206949128
     7.120000000     1.098471299     1.977603112     0.209151938
     7.130000000     1.106935948     2.057633766     0.211309515
     7.140000000     1.131539366     2.140171517     0.213249643
     7.150000000     1.172344948     2.226684319     0.214804203
     7.160000000     1.228880429     2.317355422     0.215823635
     7.170000000     1.300396258     2.411315067     0.216191919
     7.180000000     1.386100185     2.506467207     0.215838717
     7.190000000     1.485412559     2.599377297     0.214745840
     7.200000000     1.598280258     2.686071393     0.212946565
     7.210000000     1.725550257     2.764043286     0.210518189
     7.220000000     1.869358383     2.834722982     0.207569773
     7.230000000     2.033458378     2.904011519     0.204227891
     7.240000000     2.223413890     2.978874349     0.200623120
     7.250000000     2.446596880     3.062364482     0.196879053
     7.260000000     2.711961420     3.151367551     0.193104425
     7.270000000     3.029570239     3.238053253     0.189387851
     7.280000000     3.409833433     3.313330184     0.185794239
     7.290000000     3.862387715     3.369637941     0.182362166
     7.300000000     4.394535320     3.401213667     0.179102244
     7.310000000     5.009215538     3.402872478     0.175997196
     7.320000000     5.702623500     3.369096012     0.173004777
     7.330000000     6.461805635     3.292131838     0.170064309
     7.340000000     7.262787097     3.157378874     0.167106787
     7.350000000     8.069926447     2.939653068     0.164067347
     7.360000000     8.837149666     2.605947436     0.160897949
     7.370000000     9.511435130     2.125379761     0.157577798
     7.380000000    10.038429156     1.481766603     0.154119353
     7.390000000    10.369482436     0.685025167     0.150568752
     7.400000000    10.468887832    -0.221132441     0.147000682
     7.410000000    10.319850726    -1.161481288     0.143508864
     7.420000000     9.927851282    -2.047329070     0.140194035
     7.430000000     9.320564469    -2.800886141     0.137151580
     7.440000000     8.544262008    -3.370086548     0.134460795
     7.450000000     7.657414382    -3.736587340     0.132177314
     7.460000000     6.722808562    -3.919405107     0.130329686
     7.470000000     5.799732234    -3.964012077     0.128920428
     7.480000000     4.937604537    -3.921036487     0.127931214
     7.490000000     4.171944675    -3.829784662     0.127331167
     7.500000000     3.522941792    -3.713425181     0.127086559
     7.510000000     2.996320208    -3.583493075     0.127169823
     7.520000000     2.585829125    -3.447095604     0.127565675
     7.530000000     2.276576670    -3.311744382     0.128272650
     7.540000000     2.048531184    -3.186644676     0.129299305
     7.550000000     1.879726654    -3.081159077     0.130655597
     7.560000000     1.748926840    -3.002328160     0.132341233
     7.570000000     1.637654254    -2.952752972     0.134333658
     7.580000000     1.531561282    -2.927898002     0.136578636
     7.590000000     1.421140981    -2.914042862     0.138985884
     7.600000000     1.301789614    -2.892742131     0.141431195
     7.610000000     1.173273161    -2.851019567     0.143765115
     7.620000000     1.038717784    -2.786704586     0.145826823
     7.630000000     0.903315437    -2.704990983     0.147460848
     7.640000000     0.772977570    -2.612736559     0.148533709
     7.650000000     0.653159887    -2.515469180     0.148947694
     7.660000000     0.548019543    -2.416846516     0.148649714
     7.670000000     0.459974266    -2.319048347     0.147634303
     7.680000000     0.389641321    -2.223400247     0.145941108
     7.690000000     0.336069021    -2.130985275     0.143648214
     7.700000000     0.297145878    -2.042982517     0.140863163
     7.710000000     0.270078150    -1.960709946     0.137713395
     7.720000000     0.251851376    -1.885502573     0.134337201
     7.730000000     0.239620553    -1.818233757     0.130875510
     7.740000000     0.230997471    -1.758384146     0.127464200
     7.750000000     0.224220753    -1.703535841     0.124226515
     7.760000000     0.218207096    -1.650493276     0.121265438
     7.770000000     0.212494839    -1.597312551     0.118656490
     7.780000000     0.207103977    -1.544040214     0.116441847
     7.790000000     0.202347851    -1.491762114     0.114626863
     7.800000000     0.198637164    -1.441470223     0.113179833
     7.810000000     0.196314210    -1.393660152     0.112035346
     7.820000000     0.195544292    -1.348410198     0.111101047
     7.830000000     0.196275384    -1.305664771     0.110267222
     7.840000000     0.198260333    -1.265608442     0.109418378
     7.850000000     0.201122592    -1.228704671     0.108445779
     7.860000000     0.204439266    -1.195239162     0.107259666
     7.870000000     0.207815238    -1.164865897     0.105799639
     7.880000000     0.210928739    -1.136621568     0.104041486
     7.890000000     0.213539873    -1.109370952     0.101998919
     7.900000000     0.215466358    -1.082401863     0.099719317
     7.910000000     0.216541404    -1.055823578     0.097273678
     7.920000000     0.216573946    -1.030462975     0.094742334
     7.930000000     0.215329600    -1.007317490     0.092199146
     7.940000000     0.212542416    -0.986911029     0.089697516
     7.950000000     0.207955697    -0.968957113     0.087261283
     7.960000000     0.201379419    -0.952525419     0.084882505
     7.970000000     0.192745895    -0.936468100     0.082526398
     7.980000000     0.182146382    -0.919781558     0.080141974
     7.990000000     0.169838164    -0.901868865     0.077675537
     8.000000000     0.156221297    -0.882683570     0.075083687
     8.010000000     0.141792670    -0.862599180     0.072342877
     8.020000000     0.127089656    -0.842021717     0.069453748
     8.030000000     0.112635481    -0.821050639     0.066439955
     8.040000000     0.098894851    -0.799506094     0.063342593
     8.050000000     0.086243568    -0.777251791     0.060212191
     8.060000000     0.074951898    -0.754411153     0.057100446
     8.070000000     0.065179423    -0.731318460     0.054053520
     8.080000000     0.056978870    -0.708359343     0.051107909
     8.090000000     0.050306991    -0.685842345     0.048289129
     8.100000000     0.045041148    -0.663940112     0.045612701
     8.110000000     0.041000227    -0.642705523     0.043086521
     8.120000000     0.037967986    -0.622151089     0.040713587
     8.130000000     0.035716344    -0.602306736     0.038494179
     8.140000000     0.034025939    -0.583186695     0.036426972
     8.150000000     0.032701737    -0.564730444     0.034508990
     8.160000000     0.031582459    -0.546829415     0.032734711
     8.170000000     0.030543861    -0.529402108     0.031094951
     8.180000000     0.029497065    -0.512398069     0.029576179
     8.190000000     0.028383821    -0.495768313     0.028160795
     8.200000000     0.027170752    -0.479482166     0.026828528
     8.210000000     0.025844181    -0.463545723     0.025558718
     8.220000000     0.024406317    -0.447974248     0.024332898
     8.230000000     0.022872714    -0.432743418     0.023136986
     8.240000000     0.021270233    -0.417765651     0.021962442
     8.250000000     0.019634531    -0.402926828     0.020806080
     8.260000000     0.018006394    -0.388148695     0.019668621
     8.270000000     0.016426851    -0.373418650     0.018552447
     8.280000000     0.014931721    -0.358778587     0.017459221
     8.290000000     0.013546712    -0.344288195     0.016388074
     8.300000000     0.012284254    -0.329991580     0.015334847
     8.310000000     0.011142864    -0.315905968     0.014292584
     8.320000000     0.010109194    -0.302025322     0.013253107
     8.330000000     0.009162215    -0.288328228     0.012209233
     8.340000000     0.008278487    -0.274788874     0.011157087
     8.350000000     0.007437277    -0.261380491     0.010097913
     8.360000000     0.006624480    -0.248066002     0.009038952
     8.370000000     0.005834699    -0.234799795     0.007993143
     8.380000000     0.005071442    -0.221540839     0.006977672
     8.390000000     0.004345973    -0.208255550     0.006011615
     8.400000000     0.003675886    -0.194919242     0.005113170
     8.410000000     0.003084914    -0.181521290     0.004297024
     8.420000000     0.002605792    -0.168060698     0.003572440
     8.430000000     0.002288234    -0.154533495     0.002942433
     8.440000000     0.002214045    -0.140922066     0.002404136
     8.450000000     0.002520985    -0.127191044     0.001950192
     8.460000000     0.003435653    -0.113292226     0.001570696
     8.470000000     0.005313041    -0.099175278     0.001255193
     8.480000000     0.008676002    -0.084794965     0.000994249
     8.490000000     0.014242193    -0.070113009     0.000780339
     8.500000000     0.022920225    -0.055101467     0.000607998
     8.510000000     0.035753673    -0.039753760     0.000473427
     8.520000000     0.053794612    -0.024107855     0.000373774
     8.530000000     0.077900669    -0.008288943     0.000306373
     8.540000000     0.108471815     0.007414717     0.000268111
     8.550000000     0.145171447     0.022420305     0.000255018
     8.560000000     0.186702202     0.035633536     0.000262114
     8.570000000     0.230718342     0.045129075     0.000283502
     8.580000000     0.273943213     0.047802551     0.000312677
     8.590000000     0.312518505     0.039363162     0.000343027
     8.600000000     0.342549509     0.015572410     0.000368457
     8.610000000     0.360745777    -0.024378183     0.000384036
     8.620000000     0.365013067    -0.074076290     0.000386540
     8.630000000     0.354849583    -0.121201837     0.000374777
     8.640000000     0.331442855    -0.155193363     0.000349583
     8.650000000     0.297441370    -0.172881935     0.000313506
     8.660000000     0.256461612    -0.177020294     0.000270219
     8.670000000     0.212457280    -0.172149704     0.000223815
     8.680000000     0.169102139    -0.162125581     0.000178126
     8.690000000     0.129316760    -0.149534082     0.000136212
     8.700000000     0.095014252    -0.135915808     0.000100078
     8.710000000     0.067073491    -0.122123538     0.000070647
     8.720000000     0.045492656    -0.108600241     0.000047916
     8.730000000     0.029645576    -0.095556937     0.000031225
     8.740000000     0.018561229    -0.083077639     0.000019550
     8.750000000     0.011165592    -0.071178944     0.000011760
     8.760000000     0.006453347    -0.059843233     0.000006797
     8.770000000     0.003583575    -0.049036890     0.000003774
     8.780000000     0.001911949    -0.038720167     0.000002014
     8.790000000     0.000980086    -0.028852384     0.000001032
     8.800000000     0.000482703    -0.019394547     0.000000508
     8.810000000     0.000228415    -0.010310554     0.000000241
     8.820000000     0.000103848    -0.001567623     0.000000109
     8.830000000     0.000045363     0.006863684     0.000000048
     8.840000000     0.000019038     0.015009632     0.000000020
     8.850000000     0.000007677     0.022893591     0.000000008
     8.860000000     0.000002974     0.030536325     0.000000003
     8.870000000     0.000001107     0.037956292     0.000000001
     8.880000000     0.000000396     0.045169917     0.000000000
     8.890000000     0.000000136     0.052191841     0.000000000
     8.900000000     0.000000045     0.059035144     0.000000000
     8.910000000     0.000000014     0.065711540     0.000000000
     8.920000000     0.000000004     0.072231548     0.000000000
     8.930000000     0.000000001     0.078604638     0.000000000
     8.940000000     0.000000000     0.084839359     0.000000000
     8.950000000     0.000000000     0.090943450     0.000000000
     8.960000000     0.000000000     0.096923941     0.000000000
     8.970000000     0.000000000     0.102787226     0.000000000
     8.980000000     0.000000000     0.108539146     0.000000000
     8.990000000     0.000000000     0.114185044     0.000000000
     9.000000000     0.000000000     0.119729824     0.000000000
     9.010000000     0.000000000     0.125177997     0.000000000
     9.020000000     0.000000000     0.130533722     0.000000000
     9.030000000     0.000000000     0.135800842     0.000000000
     9.040000000     0.000000000     0.140982920     0.000000000
     9.050000000     0.000000000     0.146083262     0.000000000
     9.060000000     0.000000000     0.151104944     0.000000000
     9.070000000     0.000000000     0.156050835     0.000000000
     9.080000000     0.000000000     0.160923615     0.000000000
     9.090000000     0.000000000     0.165725792     0.000000000
     9.100000000     0.000000000     0.170459718     0.000000000
     9.110000000     0.000000000     0.175127603     0.000000000
     9.120000000     0.000000000     0.179731526     0.000000000
     9.130000000     0.000000000     0.184273447     0.000000000
     9.140000000     0.000000000     0.188755217     0.000000000
     9.150000000     0.000000000     0.193178586     0.000000000
     9.160000000     0.000000000     0.197545209     0.000000000
     9.170000000     0.000000000     0.201856659     0.000000000
     9.180000000     0.000000000     0.206114426     0.000000000
     9.190000000     0.000000000     0.210319930     0.000000000
     9.200000000     0.000000000     0.214474521     0.000000000
     9.210000000     0.000000000     0.218579487     0.000000000
     9.220000000     0.000000000     0.222636054     0.000000000
     9.230000000     0.000000000     0.226645398     0.000000000
     9.240000000     0.000000000     0.230608639     0.000000000
     9.250000000     0.000000000     0.234526854     0.000000000
     9.260000000     0.000000000     0.238401071     0.000000000
     9.270000000     0.000000000     0.242232277     0.000000000
     9.280000000     0.000000000     0.246021423     0.000000000
     9.290000000     0.000000000     0.249769419     0.000000000
     9.300000000     0.000000000     0.253477141     0.000000000
     9.310000000     0.000000000     0.257145434     0.000000000
     9.320000000     0.000000000     0.260775111     0.000000000
     9.330000000     0.000000000     0.264366956     0.000000000
     9.340000000     0.000000000     0.267921726     0.000000000
     9.350000000     0.000000000     0.271440151     0.000000000
     9.360000000     0.000000000     0.274922937     0.000000000
     9.370000000     0.000000000     0.278370767     0.000000000
     9.380000000     0.000000000     0.281784303     0.000000000
     9.390000000     0.000000000     0.285164183     0.000000000
     9.400000000     0.000000000     0.288511028     0.000000000
     9.410000000     0.000000000     0.291825439     0.000000000
     9.420000000     0.000000000     0.295108001     0.000000000
     9.430000000     0.000000000     0.298359279     0.000000000
     9.440000000     0.000000000     0.301579824     0.000000000
     9.450000000     0.000000000     0.304770172     0.000000000
     9.460000000     0.000000000     0.307930844     0.000000000
     9.470000000     0.000000000     0.311062347     0.000000000
     9.480000000     0.000000001     0.314165176     0.000000001
     9.490000000     0.000000002     0.317239813     0.000000002
     9.500000000     0.000000004     0.320286730     0.000000005
     9.510000000     0.000000011     0.323306387     0.000000014
     9.520000000     0.000000026     0.326299234     0.000000033
     9.530000000     0.000000060     0.329265713     0.000000077
     9.540000000     0.000000134     0.332206256     0.000000172
     9.550000000     0.000000289     0.335121288     0.000000369
     9.560000000     0.000000597     0.338011225     0.000000763
     9.570000000     0.000001186     0.340876479     0.000001515
     9.580000000     0.000002261     0.343717454     0.000002889
     9.590000000     0.000004143     0.346534544     0.000005293
     9.600000000     0.000007294     0.349328140     0.000009318
     9.610000000     0.000012338     0.352098617     0.000015760
     9.620000000     0.000020050     0.354846335     0.000025612
     9.630000000     0.000031307     0.357571627     0.000039991
     9.640000000     0.000046965     0.360274774     0.000059994
     9.650000000     0.000067694     0.362955971     0.000086472
     9.660000000     0.000093745     0.365615258     0.000119750
     9.670000000     0.000124732     0.368252403     0.000159333
     9.680000000     0.000159453     0.370866710     0.000203686
     9.690000000     0.000195846     0.373456747     0.000250175
     9.700000000     0.000231115     0.376020068     0.000295227
     9.710000000     0.000262040     0.378553311     0.000334731
     9.720000000     0.000285454     0.381053463     0.000364641
     9.730000000     0.000298768     0.383520882     0.000381647
     9.740000000     0.000300441     0.385962102     0.000383784
     9.750000000     0.000290276     0.388387785     0.000370800
     9.760000000     0.000269459     0.390806101     0.000344208
     9.770000000     0.000240327     0.393218956     0.000306995
     9.780000000     0.000205940     0.395623882     0.000263069
     9.790000000     0.000169554     0.398017370     0.000216588
     9.800000000     0.000134122     0.400396628     0.000171328
     9.810000000     0.000101935     0.402759903     0.000130212
     9.820000000     0.000074435     0.405106250     0.000095083
     9.830000000     0.000052222     0.407435250     0.000066709
     9.840000000     0.000035201     0.409746786     0.000044966
     9.850000000     0.000022798     0.412040916     0.000029122
     9.860000000     0.000014186     0.414317786     0.000018121
     9.870000000     0.000008481     0.416577590     0.000010834
     9.880000000     0.000004872     0.418820543     0.000006223
     9.890000000     0.000002689     0.421046870     0.000003434
     9.900000000     0.000001426     0.423256794     0.000001821
     9.910000000     0.000000726     0.425450537     0.000000928
     9.920000000     0.000000355     0.427628314     0.000000454
     9.930000000     0.000000167     0.429790338     0.000000214
     9.940000000     0.000000076     0.431936812     0.000000096
     9.950000000     0.000000033     0.434067935     0.000000042
     9.960000000     0.000000014     0.436183901     0.000000017
     9.970000000     0.000000005     0.438284899     0.000000007
     9.980000000     0.000000002     0.440371111     0.000000003
     9.990000000     0.000000001     0.442442716     0.000000001
    10.000000000     0.000000000     0.444499889     0.000000000
    10.010000000     0.000000000     0.446542799     0.000000000
    10.020000000     0.000000000     0.448571614     0.000000000
    10.030000000     0.000000000     0.450586495     0.000000000
    10.040000000     0.000000000     0.452587603     0.000000000
    10.050000000     0.000000000     0.454575093     0.000000000
    10.060000000     0.000000000     0.456549119     0.000000000
    10.070000000     0.000000000     0.458509830     0.000000000
    10.080000000     0.000000000     0.460457373     0.000000000
    10.090000000     0.000000000     0.462391894     0.000000000
    10.100000000     0.000000000     0.464313533     0.000000000
    10.110000000     0.000000000     0.466222430     0.000000000
    10.120000000     0.000000000     0.468118723     0.000000000
    10.130000000     0.000000000     0.470002546     0.000000000
    10.140000000     0.000000000     0.471874030     0.000000000
    10.150000000     0.000000000     0.473733307     0.000000000
    10.160000000     0.000000000     0.475580504     0.000000000
    10.170000000     0.000000000     0.477415747     0.000000000
    10.180000000     0.000000000     0.479239161     0.000000000
    10.190000000     0.000000000     0.481050866     0.000000000
    10.200000000     0.000000000     0.482850983     0.000000000
    10.210000000     0.000000000     0.484639630     0.000000000
    10.220000000     0.000000000     0.486416924     0.000000000
    10.230000000     0.000000000     0.488182980     0.000000000
    10.240000000     0.000000000     0.489937909     0.000000000
    10.250000000     0.000000000     0.491681823     0.000000000
    10.260000000     0.000000000     0.493414833     0.000000000
    10.270000000     0.000000000     0.495137045     0.000000000
    10.280000000     0.000000000     0.496848567     0.000000000
    10.290000000     0.000000000     0.498549502     0.000000000
    10.300000000     0.000000000     0.500239955     0.000000000
    10.310000000     0.000000000     0.501920027     0.000000000
    10.320000000     0.000000000     0.503589818     0.000000000
    10.330000000     0.000000000     0.505249429     0.000000000
    10.340000000     0.000000000     0.506898955     0.000000000
    10.350000000     0.000000000     0.508538494     0.000000000
    10.360000000     0.000000000     0.510168140     0.000000000
    10.370000000     0.000000000     0.511787988     0.000000000
    10.380000000     0.000000000     0.513398129     0.000000000
    10.390000000     0.000000000     0.514998654     0.000000000
    10.400000000     0.000000000     0.516589654     0.000000000
    10.410000000     0.000000000     0.518171216     0.000000000
    10.420000000     0.000000000     0.519743430     0.000000000
    10.430000000     0.000000000     0.521306380     0.000000000
    10.440000000     0.000000000     0.522860152     0.000000000
    10.450000000     0.000000000     0.524404830     0.000000000
    10.460000000     0.000000000     0.525940497     0.000000000
    10.470000000     0.000000000     0.527467235     0.000000000
    10.480000000     0.000000000     0.528985124     0.000000000
    10.490000000     0.000000000     0.530494245     0.000000000
    10.500000000     0.000000000     0.531994676     0.000000000
    10.510000000     0.000000000     0.533486495     0.000000000
    10.520000000     0.000000000     0.534969778     0.000000000
    10.530000000     0.000000000     0.536444602     0.000000000
    10.540000000     0.000000000     0.537911041     0.000000000
    10.550000000     0.000000000     0.539369169     0.000000000
    10.560000000     0.000000000     0.540819060     0.000000000
    10.570000000     0.000000000     0.542260784     0.000000000
    10.580000000     0.000000000     0.543694414     0.000000000
    10.590000000     0.000000000     0.545120019     0.000000000
    10.600000000     0.000000000     0.546537669     0.000000000
    10.610000000     0.000000000     0.547947433     0.000000000
    10.620000000     0.000000000     0.549349378     0.000000000
    10.630000000     0.000000000     0.550743571     0.000000000
    10.640000000     0.000000000     0.552130079     0.000000000
    10.650000000     0.000000000     0.553508966     0.000000000
    10.660000000     0.000000000     0.554880297     0.000000000
    10.670000000     0.000000000     0.556244137     0.000000000
    10.680000000     0.000000000     0.557600547     0.000000000
    10.690000000     0.000000000     0.558949591     0.000000000
    10.700000000     0.000000000     0.560291329     0.000000000
    10.710000000     0.000000000     0.561625823     0.000000000
    10.720000000     0.000000000     0.562953132     0.000000000
    10.730000000     0.000000000     0.564273316     0.000000000
    10.740000000     0.000000000     0.565586435     0.000000000
    10.750000000     0.000000000     0.566892545     0.000000000
    10.760000000     0.000000000     0.568191704     0.000000000
    10.770000000     0.000000000     0.569483969     0.000000000
    10.780000000     0.000000000     0.570769395     0.000000000
    10.790000000     0.000000000     0.572048040     0.000000000
    10.800000000     0.000000000     0.573319956     0.000000000
    10.810000000     0.000000000     0.574585198     0.000000000
    10.820000000     0.000000000     0.575843821     0.000000000
    10.830000000     0.000000000     0.577095876     0.000000000
    10.840000000     0.000000000     0.578341417     0.000000000
    10.850000000     0.000000000     0.579580494     0.000000000
    10.860000000     0.000000000     0.580813159     0.000000000
    10.870000000     0.000000000     0.582039464     0.000000000
    10.880000000     0.000000000     0.583259457     0.000000000
    10.890000000     0.000000000     0.584473189     0.000000000
    10.900000000     0.000000000     0.585680708     0.000000000
    10.910000000     0.000000000     0.586882063     0.000000000
    10.920000000     0.000000000     0.588077302     0.000000000
    10.930000000     0.000000000     0.589266472     0.000000000
    10.940000000     0.000000000     0.590449620     0.000000000
    10.950000000     0.000000000     0.591626793     0.000000000
    10.960000000     0.000000000     0.592798037     0.000000000
    10.970000000     0.000000000     0.593963396     0.000000000
    10.980000000     0.000000000     0.595122916     0.000000000
    10.990000000     0.000000000     0.596276642     0.000000000
    11.000000000     0.000000000     0.597424616     0.000000000
