 # Column 1: omega
 # Column 2: eps2(omega)
 # Column 3: eps1(omega)
 # Column 4: JDOS(omega)
     0.000000000     0.000000000     3.939695233     0.000000000
     0.010000000     0.000000000     3.939707439     0.000000000
     0.020000000     0.000000000     3.939744058     0.000000000
     0.030000000     0.000000000     3.939805092     0.000000000
     0.040000000     0.000000000     3.939890545     0.000000000
     0.050000000     0.000000000     3.940000424     0.000000000
     0.060000000     0.000000000     3.940134737     0.000000000
     0.070000000     0.000000000     3.940293492     0.000000000
     0.080000000     0.000000000     3.940476700     0.000000000
     0.090000000     0.000000000     3.940684375     0.000000000
     0.100000000     0.000000000     3.940916531     0.000000000
     0.110000000     0.000000000     3.941173185     0.000000000
     0.120000000     0.000000000     3.941454353     0.000000000
     0.130000000     0.000000000     3.941760056     0.000000000
     0.140000000     0.000000000     3.942090316     0.000000000
     0.150000000     0.000000000     3.942445155     0.000000000
     0.160000000     0.000000000     3.942824599     0.000000000
     0.170000000     0.000000000     3.943228674     0.000000000
     0.180000000     0.000000000     3.943657409     0.000000000
     0.190000000     0.000000000     3.944110834     0.000000000
     0.200000000     0.000000000     3.944588981     0.000000000
     0.210000000     0.000000000     3.945091884     0.000000000
     0.220000000     0.000000000     3.945619578     0.000000000
     0.230000000     0.000000000     3.946172102     0.000000000
     0.240000000     0.000000000     3.946749495     0.000000000
     0.250000000     0.000000000     3.947351798     0.000000000
     0.260000000     0.000000000     3.947979053     0.000000000
     0.270000000     0.000000000     3.948631307     0.000000000
     0.280000000     0.000000000     3.949308606     0.000000000
     0.290000000     0.000000000     3.950010998     0.000000000
     0.300000000     0.000000000     3.950738535     0.000000000
     0.310000000     0.000000000     3.951491270     0.000000000
     0.320000000     0.000000000     3.952269256     0.000000000
     0.330000000     0.000000000     3.953072552     0.000000000
     0.340000000     0.000000000     3.953901215     0.000000000
     0.350000000     0.000000000     3.954755306     0.000000000
     0.360000000     0.000000000     3.955634889     0.000000000
     0.370000000     0.000000000     3.956540028     0.000000000
     0.380000000     0.000000000     3.957470789     0.000000000
     0.390000000     0.000000000     3.958427244     0.000000000
     0.400000000     0.000000000     3.959409462     0.000000000
     0.410000000     0.000000000     3.960417518     0.000000000
     0.420000000     0.000000000     3.961451486     0.000000000
     0.430000000     0.000000000     3.962511447     0.000000000
     0.440000000     0.000000000     3.963597478     0.000000000
     0.450000000     0.000000000     3.964709664     0.000000000
     0.460000000     0.000000000     3.965848090     0.000000000
     0.470000000     0.000000000     3.967012842     0.000000000
     0.480000000     0.000000000     3.968204011     0.000000000
     0.490000000     0.000000000     3.969421690     0.000000000
     0.500000000     0.000000000     3.970665972     0.000000000
     0.510000000     0.000000000     3.971936955     0.000000000
     0.520000000     0.000000000     3.973234740     0.000000000
     0.530000000     0.000000000     3.974559430     0.000000000
     0.540000000     0.000000000     3.975911128     0.000000000
     0.550000000     0.000000000     3.977289945     0.000000000
     0.560000000     0.000000000     3.978695990     0.000000000
     0.570000000     0.000000000     3.980129377     0.000000000
     0.580000000     0.000000000     3.981590224     0.000000000
     0.590000000     0.000000000     3.983078649     0.000000000
     0.600000000     0.000000000     3.984594775     0.000000000
     0.610000000     0.000000000     3.986138729     0.000000000
     0.620000000     0.000000000     3.987710638     0.000000000
     0.630000000     0.000000000     3.989310636     0.000000000
     0.640000000     0.000000000     3.990938858     0.000000000
     0.650000000     0.000000000     3.992595442     0.000000000
     0.660000000     0.000000000     3.994280531     0.000000000
     0.670000000     0.000000000     3.995994270     0.000000000
     0.680000000     0.000000000     3.997736809     0.000000000
     0.690000000     0.000000000     3.999508300     0.000000000
     0.700000000     0.000000000     4.001308902     0.000000000
     0.710000000     0.000000000     4.003138774     0.000000000
     0.720000000     0.000000000     4.004998081     0.000000000
     0.730000000     0.000000000     4.006886992     0.000000000
     0.740000000     0.000000000     4.008805681     0.000000000
     0.750000000     0.000000000     4.010754323     0.000000000
     0.760000000     0.000000000     4.012733101     0.000000000
     0.770000000     0.000000000     4.014742202     0.000000000
     0.780000000     0.000000000     4.016781816     0.000000000
     0.790000000     0.000000000     4.018852138     0.000000000
     0.800000000     0.000000000     4.020953370     0.000000000
     0.810000000     0.000000000     4.023085718     0.000000000
     0.820000000     0.000000000     4.025249391     0.000000000
     0.830000000     0.000000000     4.027444607     0.000000000
     0.840000000     0.000000000     4.029671588     0.000000000
     0.850000000     0.000000000     4.031930561     0.000000000
     0.860000000     0.000000000     4.034221761     0.000000000
     0.870000000     0.000000000     4.036545426     0.000000000
     0.880000000     0.000000000     4.038901803     0.000000000
     0.890000000     0.000000000     4.041291144     0.000000000
     0.900000000     0.000000000     4.043713710     0.000000000
     0.910000000     0.000000000     4.046169767     0.000000000
     0.920000000     0.000000000     4.048659587     0.000000000
     0.930000000     0.000000000     4.051183454     0.000000000
     0.940000000     0.000000000     4.053741655     0.000000000
     0.950000000     0.000000000     4.056334488     0.000000000
     0.960000000     0.000000000     4.058962258     0.000000000
     0.970000000     0.000000000     4.061625280     0.000000000
     0.980000000     0.000000000     4.064323876     0.000000000
     0.990000000     0.000000000     4.067058381     0.000000000
     1.000000000     0.000000000     4.069829136     0.000000000
     1.010000000     0.000000000     4.072636494     0.000000000
     1.020000000     0.000000000     4.075480819     0.000000000
     1.030000000     0.000000000     4.078362485     0.000000000
     1.040000000     0.000000000     4.081281879     0.000000000
     1.050000000     0.000000000     4.084239398     0.000000000
     1.060000000     0.000000000     4.087235453     0.000000000
     1.070000000     0.000000000     4.090270468     0.000000000
     1.080000000     0.000000000     4.093344882     0.000000000
     1.090000000     0.000000000     4.096459146     0.000000000
     1.100000000     0.000000000     4.099613728     0.000000000
     1.110000000     0.000000000     4.102809110     0.000000000
     1.120000000     0.000000000     4.106045794     0.000000000
     1.130000000     0.000000000     4.109324296     0.000000000
     1.140000000     0.000000000     4.112645153     0.000000000
     1.150000000     0.000000000     4.116008919     0.000000000
     1.160000000     0.000000000     4.119416169     0.000000000
     1.170000000     0.000000000     4.122867502     0.000000000
     1.180000000     0.000000000     4.126363536     0.000000000
     1.190000000     0.000000000     4.129904914     0.000000000
     1.200000000     0.000000000     4.133492306     0.000000000
     1.210000000     0.000000000     4.137126406     0.000000000
     1.220000000     0.000000000     4.140807939     0.000000000
     1.230000000     0.000000000     4.144537658     0.000000000
     1.240000000     0.000000000     4.148316347     0.000000000
     1.250000000     0.000000000     4.152144825     0.000000000
     1.260000000     0.000000000     4.156023948     0.000000000
     1.270000000     0.000000000     4.159954607     0.000000000
     1.280000000     0.000000000     4.163937736     0.000000000
     1.290000000     0.000000000     4.167974312     0.000000000
     1.300000000     0.000000000     4.172065356     0.000000000
     1.310000000     0.000000000     4.176211941     0.000000000
     1.320000000     0.000000000     4.180415191     0.000000000
     1.330000000     0.000000000     4.184676288     0.000000000
     1.340000000     0.000000000     4.188996473     0.000000000
     1.350000000     0.000000000     4.193377053     0.000000000
     1.360000000     0.000000000     4.197819406     0.000000000
     1.370000000     0.000000000     4.202324983     0.000000000
     1.380000000     0.000000000     4.206895319     0.000000000
     1.390000000     0.000000000     4.211532037     0.000000000
     1.400000000     0.000000000     4.216236853     0.000000000
     1.410000000     0.000000000     4.221011588     0.000000000
     1.420000000     0.000000001     4.225858174     0.000000001
     1.430000000     0.000000004     4.230778666     0.000000002
     1.440000000     0.000000010     4.235775252     0.000000006
     1.450000000     0.000000025     4.240850262     0.000000015
     1.460000000     0.000000060     4.246006187     0.000000037
     1.470000000     0.000000140     4.251245690     0.000000087
     1.480000000     0.000000313     4.256571623     0.000000194
     1.490000000     0.000000670     4.261987049     0.000000420
     1.500000000     0.000001380     4.267495256     0.000000871
     1.510000000     0.000002729     4.273099788     0.000001739
     1.520000000     0.000005185     4.278804463     0.000003341
     1.530000000     0.000009468     4.284613405     0.000006175
     1.540000000     0.000016609     4.290531072     0.000010983
     1.550000000     0.000027995     4.296562283     0.000018806
     1.560000000     0.000045337     4.302712252     0.000031000
     1.570000000     0.000070547     4.308986603     0.000049208
     1.580000000     0.000105474     4.315391381     0.000075238
     1.590000000     0.000151518     4.321933027     0.000110829
     1.600000000     0.000209142     4.328618293     0.000157326
     1.610000000     0.000277385     4.335454059     0.000215275
     1.620000000     0.000353523     4.342446995     0.000284015
     1.630000000     0.000433001     4.349603063     0.000361375
     1.640000000     0.000509797     4.356927074     0.000443564
     1.650000000     0.000577250     4.364423177     0.000525354
     1.660000000     0.000629340     4.372098088     0.000600582
     1.670000000     0.000662325     4.379968080     0.000662930
     1.680000000     0.000676687     4.388064695     0.000706882
     1.690000000     0.000679452     4.396429310     0.000728680
     1.700000000     0.000687204     4.405098956     0.000727107
     1.710000000     0.000730413     4.414099696     0.000703931
     1.720000000     0.000859943     4.423451714     0.000663935
     1.730000000     0.001156635     4.433176389     0.000614516
     1.740000000     0.001744539     4.443299627     0.000564930
     1.750000000     0.002807487     4.453852105     0.000525321
     1.760000000     0.004607260     4.464867959     0.000505657
     1.770000000     0.007499639     4.476382293     0.000514754
     1.780000000     0.011942515     4.488426821     0.000559470
     1.790000000     0.018488550     4.501022103     0.000644193
     1.800000000     0.027754521     4.514163592     0.000770665
     1.810000000     0.040361336     4.527796989     0.000938192
     1.820000000     0.056843538     4.541776454     0.001144239
     1.830000000     0.077534734     4.555799184     0.001385339
     1.840000000     0.102444761     4.569318803     0.001658234
     1.850000000     0.131152988     4.581471561     0.001961072
     1.860000000     0.162746852     4.591103435     0.002294491
     1.870000000     0.195832372     4.596970706     0.002662447
     1.880000000     0.228632490     4.597940022     0.003072643
     1.890000000     0.259170779     4.592903417     0.003536493
     1.900000000     0.285516391     4.580975660     0.004068570
     1.910000000     0.306047441     4.562862341     0.004685512
     1.920000000     0.319680562     4.541877598     0.005404391
     1.930000000     0.326018191     4.522149507     0.006240633
     1.940000000     0.325382159     4.505894110     0.007205644
     1.950000000     0.318727958     4.493421745     0.008304452
     1.960000000     0.307461332     4.484845859     0.009533703
     1.970000000     0.293199827     4.480563468     0.010880395
     1.980000000     0.277531173     4.480514288     0.012321571
     1.990000000     0.261816074     4.483627138     0.013825100
     2.000000000     0.247067464     4.488161483     0.015351468
     2.010000000     0.233916855     4.492724293     0.016856469
     2.020000000     0.222657246     4.496956345     0.018294645
     2.030000000     0.213336706     4.501253873     0.019623365
     2.040000000     0.205870243     4.506114520     0.020807361
     2.050000000     0.200140070     4.511890353     0.021823398
     2.060000000     0.196063617     4.518765539     0.022664426
     2.070000000     0.193620781     4.526614786     0.023342327
     2.080000000     0.192843239     4.535002595     0.023888234
     2.090000000     0.193776676     4.543496667     0.024349671
     2.100000000     0.196430587     4.551942514     0.024784363
     2.110000000     0.200730430     4.560384116     0.025251449
     2.120000000     0.206484541     4.568742590     0.025801695
     2.130000000     0.213374382     4.576607760     0.026468819
     2.140000000     0.220972035     4.583325890     0.027264031
     2.150000000     0.228783630     4.588305227     0.028175184
     2.160000000     0.236312227     4.591410536     0.029170879
     2.170000000     0.243129087     4.593142999     0.030208578
     2.180000000     0.248939654     4.594303315     0.031244846
     2.190000000     0.253630764     4.595462878     0.032245378
     2.200000000     0.257289002     4.596808434     0.033192672
     2.210000000     0.260186135     4.598495797     0.034089891
     2.220000000     0.262734627     4.601044035     0.034960471
     2.230000000     0.265422150     4.605044200     0.035843952
     2.240000000     0.268737183     4.610397498     0.036789268
     2.250000000     0.273097133     4.616117983     0.037847053
     2.260000000     0.278786801     4.621030470     0.039062483
     2.270000000     0.285910388     4.624602095     0.040469811
     2.280000000     0.294357024     4.627086408     0.042089217
     2.290000000     0.303779833     4.629010210     0.043926037
     2.300000000     0.313591691     4.630591873     0.045971896
     2.310000000     0.322984984     4.631445635     0.048207018
     2.320000000     0.330984493     4.630622461     0.050602864
     2.330000000     0.336539304     4.627025280     0.053124429
     2.340000000     0.338650733     4.620138265     0.055731796
     2.350000000     0.336520990     4.610588484     0.058380965
     2.360000000     0.329696205     4.599967863     0.061024249
     2.370000000     0.318172319     4.590194636     0.063610728
     2.380000000     0.302436150     4.583070061     0.066087190
     2.390000000     0.283426545     4.579947299     0.068399802
     2.400000000     0.262418301     4.581412866     0.070496419
     2.410000000     0.240849403     4.587303748     0.072329226
     2.420000000     0.220124723     4.596980269     0.073857302
     2.430000000     0.201433543     4.609516749     0.075048819
     2.440000000     0.185613491     4.623788761     0.075882787
     2.450000000     0.173081835     4.638625177     0.076350508
     2.460000000     0.163840045     4.653052193     0.076456928
     2.470000000     0.157542984     4.666456433     0.076221924
     2.480000000     0.153613064     4.678582102     0.075681289
     2.490000000     0.151373861     4.689462925     0.074886853
     2.500000000     0.150177345     4.699356999     0.073905085
     2.510000000     0.149503171     4.708674313     0.072813670
     2.520000000     0.149016037     4.717890618     0.071695983
     2.530000000     0.148576064     4.727421998     0.070633896
     2.540000000     0.148206162     4.737500023     0.069699877
     2.550000000     0.148027803     4.748184164     0.068949567
     2.560000000     0.148181645     4.759423033     0.068416035
     2.570000000     0.148751235     4.770983872     0.068106574
     2.580000000     0.149706256     4.782421872     0.068002461
     2.590000000     0.150876794     4.793239187     0.068061540
     2.600000000     0.151962830     4.803002251     0.068223099
     2.610000000     0.152575186     4.811365989     0.068414228
     2.620000000     0.152297502     4.818294798     0.068556822
     2.630000000     0.150754965     4.824343217     0.068574477
     2.640000000     0.147675523     4.830459055     0.068398701
     2.650000000     0.142932570     4.837381416     0.067973993
     2.660000000     0.136563449     4.845309394     0.067261416
     2.670000000     0.128763571     4.854101386     0.066240327
     2.680000000     0.119860062     4.863666291     0.064908037
     2.690000000     0.110271029     4.874189067     0.063277367
     2.700000000     0.100456956     4.886045564     0.061372459
     2.710000000     0.090870426     4.899487072     0.059223577
     2.720000000     0.081909915     4.914409232     0.056862014
     2.730000000     0.073883094     4.930418941     0.054316253
     2.740000000     0.066984485     4.947049141     0.051610298
     2.750000000     0.061290769     4.963913445     0.048764506
     2.760000000     0.056774307     4.980752862     0.045798570
     2.770000000     0.053331663     4.997392166     0.042735626
     2.780000000     0.050820282     5.013701367     0.039606159
     2.790000000     0.049094176     5.029686916     0.036450389
     2.800000000     0.048029635     5.045602174     0.033318277
     2.810000000     0.047534920     5.061813852     0.030266976
     2.820000000     0.047542972     5.078516264     0.027356246
     2.830000000     0.047991712     5.095649500     0.024642882
     2.840000000     0.048800753     5.113023167     0.022175408
     2.850000000     0.049854532     5.130366414     0.019990094
     2.860000000     0.050999569     5.147281159     0.018108917
     2.870000000     0.052058365     5.163341360     0.016539526
     2.880000000     0.052856390     5.178417822     0.015276791
     2.890000000     0.053253847     5.192940728     0.014305236
     2.900000000     0.053172344     5.207699961     0.013601683
     2.910000000     0.052608636     5.223296386     0.013137575
     2.920000000     0.051632318     5.239853870     0.012880772
     2.930000000     0.050369604     5.257163406     0.012796846
     2.940000000     0.048979036     5.274917672     0.012850064
     2.950000000     0.047625894     5.292850262     0.013004282
     2.960000000     0.046460304     5.310827826     0.013223883
     2.970000000     0.045601025     5.328924566     0.013474824
     2.980000000     0.045124353     5.347379472     0.013725725
     2.990000000     0.045056801     5.366395597     0.013948927
     3.000000000     0.045371306     5.385960182     0.014121404
     3.010000000     0.045988677     5.405854052     0.014225430
     3.020000000     0.046787285     5.425769651     0.014248967
     3.030000000     0.047623397     5.445391720     0.014185719
     3.040000000     0.048361861     5.464495543     0.014034881
     3.050000000     0.048912890     5.483151460     0.013800659
     3.060000000     0.049267100     5.501836796     0.013491647
     3.070000000     0.049519244     5.521171417     0.013120216
     3.080000000     0.049872181     5.541496502     0.012701974
     3.090000000     0.050616494     5.562810171     0.012255304
     3.100000000     0.052086876     5.585026980     0.011800862
     3.110000000     0.054602420     5.608103091     0.011360870
     3.120000000     0.058402732     5.631922512     0.010958070
     3.130000000     0.063593810     5.656207665     0.010614308
     3.140000000     0.070116175     5.680521289     0.010348923
     3.150000000     0.077742755     5.704254152     0.010177200
     3.160000000     0.086106675     5.726680886     0.010109217
     3.170000000     0.094751534     5.747246810     0.010149331
     3.180000000     0.103191573     5.765999011     0.010296411
     3.190000000     0.110968288     5.783784749     0.010544769
     3.200000000     0.117693950     5.801890029     0.010885699
     3.210000000     0.123079422     5.821245874     0.011309446
     3.220000000     0.126950330     5.841781223     0.011807434
     3.230000000     0.129258818     5.862506459     0.012374502
     3.240000000     0.130096110     5.882344606     0.013010760
     3.250000000     0.129705221     5.901199693     0.013722608
     3.260000000     0.128486563     5.920393206     0.014522435
     3.270000000     0.126985981     5.941766723     0.015426706
     3.280000000     0.125857206     5.966278695     0.016452539
     3.290000000     0.125798166     5.993613119     0.017613326
     3.300000000     0.127469960     6.022796868     0.018914353
     3.310000000     0.131414048     6.052855116     0.020349526
     3.320000000     0.137984472     6.083021976     0.021900135
     3.330000000     0.147307107     6.112687070     0.023536116
     3.340000000     0.159269540     6.141365086     0.025219687
     3.350000000     0.173537083     6.168738122     0.026910638
     3.360000000     0.189586073     6.194770602     0.028572276
     3.370000000     0.206746342     6.219749368     0.030176943
     3.380000000     0.224249207     6.243965207     0.031710262
     3.390000000     0.241282222     6.267253635     0.033173585
     3.400000000     0.257053958     6.289023217     0.034584457
     3.410000000     0.270869153     6.308765551     0.035975145
     3.420000000     0.282207825     6.326455521     0.037389435
     3.430000000     0.290794391     6.342696177     0.038878012
     3.440000000     0.296638839     6.358841974     0.040492864
     3.450000000     0.300034682     6.376750272     0.042281276
     3.460000000     0.301507938     6.397855096     0.044280134
     3.470000000     0.301725026     6.422379417     0.046511269
     3.480000000     0.301380129     6.449481448     0.048978477
     3.490000000     0.301089363     6.477971501     0.051666578
     3.500000000     0.301317181     6.506877222     0.054542555
     3.510000000     0.302350402     6.535699693     0.057558545
     3.520000000     0.304320619     6.564438364     0.060656287
     3.530000000     0.307261527     6.593336398     0.063772594
     3.540000000     0.311178594     6.622583978     0.066845499
     3.550000000     0.316106961     6.652362336     0.069820668
     3.560000000     0.322139399     6.683050643     0.072657621
     3.570000000     0.329417221     6.715127591     0.075335023
     3.580000000     0.338089440     6.748745655     0.077854124
     3.590000000     0.348255585     6.783459947     0.080239361
     3.600000000     0.359912552     6.818422796     0.082535417
     3.610000000     0.372924603     6.852863745     0.084800685
     3.620000000     0.387028667     6.886383191     0.087097988
     3.630000000     0.401876563     6.918799020     0.089484317
     3.640000000     0.417104512     6.950006321     0.092001906
     3.650000000     0.432411562     6.980171261     0.094672921
     3.660000000     0.447624739     7.009828784     0.097499270
     3.670000000     0.462731113     7.039678876     0.100467737
     3.680000000     0.477865177     7.070394978     0.103559115
     3.690000000     0.493251893     7.102465037     0.106758817
     3.700000000     0.509118251     7.135953115     0.110065913
     3.710000000     0.525595530     7.170439550     0.113497938
     3.720000000     0.542637784     7.205146008     0.117089966
     3.730000000     0.559978198     7.239024066     0.120888086
     3.740000000     0.577135027     7.271071624     0.124938921
     3.750000000     0.593465991     7.300936099     0.129277872
     3.760000000     0.608258481     7.329135650     0.133918980
     3.770000000     0.620836295     7.356665344     0.138848707
     3.780000000     0.630663703     7.384551663     0.144024807
     3.790000000     0.637433385     7.413612359     0.149380126
     3.800000000     0.641133178     7.444303587     0.154830011
     3.810000000     0.642093315     7.476784451     0.160281401
     3.820000000     0.641017573     7.511245562     0.165641544
     3.830000000     0.638997349     7.548132220     0.170824683
     3.840000000     0.637498820     7.587962835     0.175755798
     3.850000000     0.638304567     7.631020066     0.180371252
     3.860000000     0.643387899     7.677431981     0.184616992
     3.870000000     0.654705361     7.727530216     0.188445482
     3.880000000     0.673911990     7.781745961     0.191812858
     3.890000000     0.702031597     7.839804911     0.194677729
     3.900000000     0.739142515     7.899958690     0.197002608
     3.910000000     0.784156829     7.959015412     0.198758226
     3.920000000     0.834768172     8.013047307     0.199930007
     3.930000000     0.887615205     8.058142158     0.200525131
     3.940000000     0.938659491     8.090985516     0.200578098
     3.950000000     0.983720869     8.109898617     0.200152773
     3.960000000     1.019069112     8.116761034     0.199339594
     3.970000000     1.041953469     8.118226915     0.198247833
     3.980000000     1.050968655     8.123530904     0.196994027
     3.990000000     1.046200759     8.139399915     0.195688774
     4.000000000     1.029152831     8.166781751     0.194424448
     4.010000000     1.002497369     8.202366799     0.193266166
     4.020000000     0.969727093     8.242848557     0.192247454
     4.030000000     0.934772799     8.288257556     0.191370984
     4.040000000     0.901636058     8.341850687     0.190613690
     4.050000000     0.874059197     8.406632446     0.189934889
     4.060000000     0.855237747     8.482228656     0.189285818
     4.070000000     0.847576642     8.565224905     0.188619148
     4.080000000     0.852497934     8.651408875     0.187897461
     4.090000000     0.870316882     8.737260568     0.187100084
     4.100000000     0.900207781     8.820399714     0.186227959
     4.110000000     0.940277051     8.899451823     0.185306349
     4.120000000     0.987749699     8.973469528     0.184385190
     4.130000000     1.039259332     9.041556972     0.183536926
     4.140000000     1.091214725     9.103052984     0.182851820
     4.150000000     1.140200499     9.157697259     0.182431037
     4.160000000     1.183358199     9.205775497     0.182378180
     4.170000000     1.218690308     9.248951977     0.182790319
     4.180000000     1.245236803     9.291142053     0.183749717
     4.190000000     1.263093473     9.337479754     0.185317389
     4.200000000     1.273271272     9.391620255     0.187529227
     4.210000000     1.277429781     9.454430778     0.190394871
     4.220000000     1.277545391     9.524914626     0.193898857
     4.230000000     1.275586900     9.601271157     0.198003091
     4.240000000     1.273262973     9.681437824     0.202649406
     4.250000000     1.271879888     9.763736488     0.207761137
     4.260000000     1.272313114     9.847490793     0.213243067
     4.270000000     1.275064688     9.933174800     0.218979777
     4.280000000     1.280360375    10.021998522     0.224833111
     4.290000000     1.288241041    10.115284098     0.230639928
     4.300000000     1.298619077    10.213772473     0.236211462
     4.310000000     1.311295145    10.316942975     0.241335440
     4.320000000     1.325953037    10.423199498     0.245781689
     4.330000000     1.342162932    10.531191723     0.249311496
     4.340000000     1.359422294    10.640801747     0.251690549
     4.350000000     1.377250503    10.752605025     0.252704902
     4.360000000     1.395333540    10.866876549     0.252179016
     4.370000000     1.413695212    10.983772215     0.249994448
     4.380000000     1.432857645    11.104197679     0.246107238
     4.390000000     1.453949598    11.229812778     0.240561499
     4.400000000     1.478726836    11.362349215     0.233496537
     4.410000000     1.509482258    11.503259985     0.225145106
     4.420000000     1.548840481    11.653303213     0.215821409
     4.430000000     1.599448542    11.811976396     0.205899015
     4.440000000     1.663589236    11.977495952     0.195780713
     4.450000000     1.742757004    12.146965548     0.185864023
     4.460000000     1.837250269    12.316970472     0.176507072
     4.470000000     1.945849288    12.485173382     0.167999665
     4.480000000     2.065660975    12.651197931     0.160543480
     4.490000000     2.192212154    12.814813664     0.154243727
     4.500000000     2.319848461    12.973067606     0.149112688
     4.510000000     2.442440173    13.120216916     0.145083712
     4.520000000     2.554314103    13.251056937     0.142032805
     4.530000000     2.651243996    13.365339622     0.139803977
     4.540000000     2.731273945    13.471212956     0.138234217
     4.550000000     2.795152514    13.585123843     0.137174208
     4.560000000     2.846234072    13.725396140     0.136501800
     4.570000000     2.889844271    13.902298889     0.136126778
     4.580000000     2.932266399    14.113967081     0.135987388
     4.590000000     2.979628549    14.350780510     0.136040946
     4.600000000     3.037010383    14.601051816     0.136252320
     4.610000000     3.108023917    14.854561262     0.136584328
     4.620000000     3.194973734    15.105601807     0.136993275
     4.630000000     3.299517864    15.354500049     0.137430874
     4.640000000     3.423592945    15.606070102     0.137851521
     4.650000000     3.570287283    15.867800119     0.138222030
     4.660000000     3.744366738    16.148658496     0.138530213
     4.670000000     3.952271052    16.455120836     0.138789298
     4.680000000     4.201564649    16.786373792     0.139036822
     4.690000000     4.499993143    17.135280171     0.139328666
     4.700000000     4.854412965    17.494426624     0.139730418
     4.710000000     5.269889399    17.858664591     0.140308823
     4.720000000     5.749186909    18.220226049     0.141125537
     4.730000000     6.292725514    18.563330085     0.142234106
     4.740000000     6.898898677    18.868424110     0.143679650
     4.750000000     7.564509046    19.125290912     0.145499717
     4.760000000     8.285039891    19.342189380     0.147724629
     4.770000000     9.054570590    19.540409926     0.150376184
     4.780000000     9.865340371    19.736348720     0.153464705
     4.790000000    10.707191969    19.926631964     0.156985425
     4.800000000    11.567287925    20.086550999     0.160915740
     4.810000000    12.430506932    20.180065038     0.165214697
     4.820000000    13.280771433    20.181470672     0.169825285
     4.830000000    14.103275907    20.096180260     0.174679104
     4.840000000    14.887274416    19.956782581     0.179702154
     4.850000000    15.628852714    19.800050891     0.184820268
     4.860000000    16.333028843    19.651104708     0.189963118
     4.870000000    17.014615166    19.521091195     0.195066543
     4.880000000    17.697501705    19.414093967     0.200073768
     4.890000000    18.412325221    19.337748430     0.204936516
     4.900000000    19.192807929    19.303429540     0.209616757
     4.910000000    20.071331331    19.313714339     0.214089178
     4.920000000    21.074508890    19.350769197     0.218343554
     4.930000000    22.219590950    19.377320228     0.222385694
     4.940000000    23.512433090    19.348621371     0.226235701
     4.950000000    24.947461294    19.222965294     0.229923048
     4.960000000    26.509598607    18.965994278     0.233479082
     4.970000000    28.177571979    18.551293553     0.236928630
     4.980000000    29.927553164    17.961797640     0.240282951
     4.990000000    31.735884852    17.200320492     0.243536132
     5.000000000    33.579836510    16.303967188     0.246666202
     5.010000000    35.435937604    15.333761122     0.249641015
     5.020000000    37.276305428    14.330834373     0.252427665
     5.030000000    39.064242985    13.275240109     0.255003238
     5.040000000    40.750907404    12.087922724     0.257364294
     5.050000000    42.274800059    10.675999173     0.259532721
     5.060000000    43.565154008     8.981453079     0.261556403
     5.070000000    44.549170951     7.005182584     0.263504368
     5.080000000    45.161845337     4.809045600     0.265457313
     5.090000000    45.356214833     2.494137884     0.267495421
     5.100000000    45.111600988     0.170428849     0.269685817
     5.110000000    44.437844179    -2.052841640     0.272071870
     5.120000000    43.374542297    -4.072259613     0.274665854
     5.130000000    41.985542562    -5.818315306     0.277445635
     5.140000000    40.350025845    -7.281302159     0.280355239
     5.150000000    38.552161892    -8.501662695     0.283308727
     5.160000000    36.671377916    -9.536959846     0.286196718
     5.170000000    34.774844877   -10.431492236     0.288894939
     5.180000000    32.913059133   -11.202146821     0.291274255
     5.190000000    31.118637538   -11.848433407     0.293211491
     5.200000000    29.407851154   -12.376953001     0.294600056
     5.210000000    27.784085509   -12.815259992     0.295359203
     5.220000000    26.242314656   -13.199509093     0.295440747
     5.230000000    24.773733580   -13.549720919     0.294832397
     5.240000000    23.369829786   -13.860861458     0.293557432
     5.250000000    22.025349811   -14.114905599     0.291671006
     5.260000000    20.739828028   -14.294283580     0.289253783
     5.270000000    19.517601740   -14.385564045     0.286403773
     5.280000000    18.366522205   -14.381694922     0.283227247
     5.290000000    17.295831764   -14.287524421     0.279829638
     5.300000000    16.313835440   -14.123410834     0.276307363
     5.310000000    15.425988453   -13.921879344     0.272741576
     5.320000000    14.633837670   -13.716083517     0.269194760
     5.330000000    13.934950483   -13.526302390     0.265710675
     5.340000000    13.323645005   -13.355096530     0.262317542
     5.350000000    12.792115011   -13.192827368     0.259033515
     5.360000000    12.331496013   -13.026156454     0.255872901
     5.370000000    11.932547907   -12.845450041     0.252851329
     5.380000000    11.585866034   -12.651349119     0.249988407
     5.390000000    11.281768060   -12.457524457     0.247307142
     5.400000000    11.010139738   -12.285865079     0.244830428
     5.410000000    10.760510500   -12.155632659     0.242575769
     5.420000000    10.522490128   -12.071848508     0.240549998
     5.430000000    10.286503961   -12.021593913     0.238745764
     5.440000000    10.044605928   -11.983493540     0.237141152
     5.450000000     9.791092064   -11.941813979     0.235702876
     5.460000000     9.522699160   -11.893073650     0.234392551
     5.470000000     9.238321325   -11.841117326     0.233174575
     5.480000000     8.938348777   -11.787099545     0.232023676
     5.490000000     8.623863043   -11.726271158     0.230930199
     5.500000000     8.295966740   -11.654104353     0.229901803
     5.510000000     7.955472825   -11.573026554     0.228961289
     5.520000000     7.603048586   -11.492558255     0.228141397
     5.530000000     7.239747848   -11.422376812     0.227478292
     5.540000000     6.867723985   -11.361267210     0.227005802
     5.550000000     6.490842644   -11.291962041     0.226752107
     5.560000000     6.114931454   -11.192556293     0.226739748
     5.570000000     5.747509309   -11.053233137     0.226988616
     5.580000000     5.396995930   -10.878807936     0.227520610
     5.590000000     5.071561487   -10.679668552     0.228364014
     5.600000000     4.777885520   -10.465355011     0.229555669
     5.610000000     4.520122090   -10.244482306     0.231139597
     5.620000000     4.299310196   -10.025443210     0.233161621
     5.630000000     4.113348054    -9.815468082     0.235660506
     5.640000000     3.957505644    -9.620236082     0.238656831
     5.650000000     3.825323058    -9.443926413     0.242141215
     5.660000000     3.709664614    -9.287538341     0.246063458
     5.670000000     3.603686336    -9.147442547     0.250324016
     5.680000000     3.501526199    -9.016837099     0.254768960
     5.690000000     3.398624990    -8.888333326     0.259189462
     5.700000000     3.291701617    -8.756502166     0.263326798
     5.710000000     3.178505385    -8.620309448     0.266883725
     5.720000000     3.057518946    -8.483431778     0.269542681
     5.730000000     2.927773071    -8.351811105     0.270990376
     5.740000000     2.788863727    -8.230045043     0.270947060
     5.750000000     2.641159674    -8.117962099     0.269197306
     5.760000000     2.486094116    -8.009179684     0.265617957
     5.770000000     2.326383105    -7.893455967     0.260198491
     5.780000000     2.166025587    -7.761593750     0.253049729
     5.790000000     2.010009128    -7.609107882     0.244398559
     5.800000000     1.863743653    -7.437283837     0.234568844
     5.810000000     1.732335415    -7.252248304     0.223951298
     5.820000000     1.619863663    -7.062149648     0.212967186
     5.830000000     1.528819656    -6.873803258     0.202031654
     5.840000000     1.459819121    -6.691103224     0.191522152
     5.850000000     1.411626652    -6.515585695     0.181755893
     5.860000000     1.381459025    -6.347806378     0.172978102
     5.870000000     1.365482655    -6.188772640     0.165360555
     5.880000000     1.359396140    -6.040709143     0.159008195
     5.890000000     1.358990201    -5.905724768     0.153970758
     5.900000000     1.360597823    -5.782734151     0.150256361
     5.910000000     1.361379608    -5.666789883     0.147844680
     5.920000000     1.359427163    -5.552682487     0.146698239
     5.930000000     1.353704641    -5.438043117     0.146771077
     5.940000000     1.343878648    -5.323013160     0.148014550
     5.950000000     1.330102671    -5.208828531     0.150380199
     5.960000000     1.312819670    -5.096903050     0.153819734
     5.970000000     1.292626186    -4.988184568     0.158282381
     5.980000000     1.270210534    -4.882474949     0.163710167
     5.990000000     1.246347380    -4.778054094     0.170032174
     6.000000000     1.221912556    -4.672429914     0.177159068
     6.010000000     1.197881232    -4.563691854     0.184979252
     6.020000000     1.175288401    -4.451215786     0.193357708
     6.030000000     1.155155095    -4.335502584     0.202137989
     6.040000000     1.138405796    -4.217723499     0.211147286
     6.050000000     1.125812823    -4.099249035     0.220203942
     6.060000000     1.117997733    -3.981144077     0.229126574
     6.070000000     1.115500325    -3.863986294     0.237743896
     6.080000000     1.118900170    -3.748026379     0.245904418
     6.090000000     1.128953539    -3.633107058     0.253485210
     6.100000000     1.146698603    -3.518341773     0.260398919
     6.110000000     1.173488117    -3.402157875     0.266598086
     6.120000000     1.210929869    -3.283053036     0.272075809
     6.130000000     1.260744054    -3.160815280     0.276862010
     6.140000000     1.324573160    -3.037208693     0.281015089
     6.150000000     1.403793739    -2.915310769     0.284609636
     6.160000000     1.499374372    -2.798181035     0.287721858
     6.170000000     1.611800786    -2.688162882     0.290415175
     6.180000000     1.741056151    -2.587165433     0.292728775
     6.190000000     1.886616598    -2.497079111     0.294671546
     6.200000000     2.047414900    -2.419205456     0.296222781
     6.210000000     2.221748735    -2.352983060     0.297339655
     6.220000000     2.407161483    -2.296187196     0.297970009
     6.230000000     2.600384687    -2.247521882     0.298067864
     6.240000000     2.797471635    -2.209058783     0.297608564
     6.250000000     2.994239317    -2.186479573     0.296600541
     6.260000000     3.187053386    -2.187473570     0.295091379
     6.270000000     3.373847910    -2.218425706     0.293166956
     6.280000000     3.555111211    -2.279655949     0.290943769
     6.290000000     3.734456293    -2.361520913     0.288555866
     6.300000000     3.918394536    -2.445404578     0.286138927
     6.310000000     4.115080210    -2.511551740     0.283814711
     6.320000000     4.332074788    -2.549411698     0.281679067
     6.330000000     4.573520972    -2.563975589     0.279795999
     6.340000000     4.837405282    -2.575536165     0.278198885
     6.350000000     5.113712065    -2.614464002     0.276898219
     6.360000000     5.384159886    -2.713516295     0.275893583
     6.370000000     5.623866244    -2.898852542     0.275186455
     6.380000000     5.804793118    -3.181513617     0.274790213
     6.390000000     5.900327385    -3.552478472     0.274734439
     6.400000000     5.890003213    -3.981925095     0.275062148
     6.410000000     5.763293130    -4.421900673     0.275820450
     6.420000000     5.521612422    -4.817108438     0.277046889
     6.430000000     5.178132815    -5.124739680     0.278754867
     6.440000000     4.755546793    -5.329016559     0.280921824
     6.450000000     4.282397955    -5.438543503     0.283483300
     6.460000000     3.788862789    -5.473365694     0.286334711
     6.470000000     3.302877495    -5.454487016     0.289341104
     6.480000000     2.847281178    -5.399085384     0.292353521
     6.490000000     2.438293113    -5.318822732     0.295229286
     6.500000000     2.085280771    -5.220557248     0.297852628
     6.510000000     1.791510274    -5.108735246     0.300151742
     6.520000000     1.555453345    -4.987560633     0.302108705
     6.530000000     1.372248353    -4.862033338     0.303759663
     6.540000000     1.235029768    -4.737572140     0.305184476
     6.550000000     1.135986977    -4.618686887     0.306487221
     6.560000000     1.067137078    -4.507998971     0.307771295
     6.570000000     1.020868166    -4.406475480     0.309114672
     6.580000000     0.990327108    -4.314496082     0.310551365
     6.590000000     0.969704688    -4.232419947     0.312064041
     6.600000000     0.954434641    -4.159981077     0.313589972
     6.610000000     0.941292917    -4.095398866     0.315038889
     6.620000000     0.928372787    -4.035262693     0.316317853
     6.630000000     0.914923172    -3.975497070     0.317356276
     6.640000000     0.901065642    -3.913091848     0.318124335
     6.650000000     0.887437396    -3.847504173     0.318640234
     6.660000000     0.874829700    -3.780748494     0.318965326
     6.670000000     0.863893753    -3.716308245     0.319189611
     6.680000000     0.854966632    -3.657389023     0.319412454
     6.690000000     0.848034786    -3.605130114     0.319723838
     6.700000000     0.842813702    -3.558135215     0.320190130
     6.710000000     0.838892673    -3.514013419     0.320846073
     6.720000000     0.835882079    -3.471206179     0.321692455
     6.730000000     0.833509035    -3.429294367     0.322697633
     6.740000000     0.831630947    -3.388390401     0.323800944
     6.750000000     0.830166422    -3.348804492     0.324916921
     6.760000000     0.828970138    -3.310890955     0.325940286
     6.770000000     0.827695728    -3.274745169     0.326752400
     6.780000000     0.825695280    -3.240250525     0.327229678
     6.790000000     0.821995310    -3.207796657     0.327253703
     6.800000000     0.815369507    -3.178853692     0.326721639
     6.810000000     0.804502581    -3.155290009     0.325554914
     6.820000000     0.788213456    -3.137590419     0.323704189
     6.830000000     0.765687105    -3.123665882     0.321149624
     6.840000000     0.736658586    -3.109611267     0.317896818
     6.850000000     0.701503099    -3.091721957     0.313970173
     6.860000000     0.661209817    -3.067950079     0.309406078
     6.870000000     0.617247591    -3.038011575     0.304248064
     6.880000000     0.571357788    -3.002702123     0.298545098
     6.890000000     0.525324876    -2.963184411     0.292352759
     6.900000000     0.480774859    -2.920577320     0.285735993
     6.910000000     0.439036943    -2.875825952     0.278771633
     6.920000000     0.401081239    -2.829664355     0.271549259
     6.930000000     0.367523217    -2.782503214     0.264169831
     6.940000000     0.338671005    -2.734429134     0.256742565
     6.950000000     0.314587830    -2.685428203     0.249381115
     6.960000000     0.295148158    -2.635583479     0.242200148
     6.970000000     0.280078078    -2.585174288     0.235312865
     6.980000000     0.268982874    -2.534740356     0.228829206
     6.990000000     0.261372511    -2.485018043     0.222853926
     7.000000000     0.256696473    -2.436709097     0.217483673
     7.010000000     0.254393318    -2.390267038     0.212802709
     7.020000000     0.253950404    -2.345873814     0.208877755
     7.030000000     0.254960005    -2.303408016     0.205753115
     7.040000000     0.257153636    -2.262229313     0.203447452
     7.050000000     0.260399548    -2.221230881     0.201953072
     7.060000000     0.264658612    -2.179473377     0.201237635
     7.070000000     0.269908003    -2.136775576     0.201247205
     7.080000000     0.276055148    -2.093680309     0.201909025
     7.090000000     0.282870994    -2.051131892     0.203132634
     7.100000000     0.289968707    -2.010248993     0.204808934
     7.110000000     0.296841494    -1.971993937     0.206808134
     7.120000000     0.302955159    -1.936653719     0.208978632
     7.130000000     0.307873326    -1.903525607     0.211149258
     7.140000000     0.311382132    -1.871136136     0.213136654
     7.150000000     0.313580614    -1.837829883     0.214758108
     7.160000000     0.314913245    -1.802296383     0.215848244
     7.170000000     0.316138524    -1.763805647     0.216276469
     7.180000000     0.318246182    -1.722225741     0.215961386
     7.190000000     0.322349267    -1.677983566     0.214878907
     7.200000000     0.329581924    -1.631966139     0.213062330
     7.210000000     0.341028617    -1.585259835     0.210594633
     7.220000000     0.357698643    -1.538747329     0.207595050
     7.230000000     0.380546043    -1.492785377     0.204202985
     7.240000000     0.410523988    -1.447218416     0.200562299
     7.250000000     0.448656887    -1.401705793     0.196808105
     7.260000000     0.496111730    -1.356156402     0.193056927
     7.270000000     0.554249563    -1.311117555     0.189399988
     7.280000000     0.624634987    -1.267879219     0.185898921
     7.290000000     0.708975931    -1.228176576     0.182583361
     7.300000000     0.808961399    -1.193677584     0.179450495
     7.310000000     0.925968941    -1.165416690     0.176467197
     7.320000000     1.060633830    -1.143518981     0.173575528
     7.330000000     1.212311107    -1.127959964     0.170701878
     7.340000000     1.378513686    -1.120296824     0.167769098
     7.350000000     1.554459170    -1.124866637     0.164709951
     7.360000000     1.732883649    -1.148414783     0.161479546
     7.370000000     1.904263809    -1.198516706     0.158064382
     7.380000000     2.057521375    -1.281505078     0.154486303
     7.390000000     2.181175920    -1.400142071     0.150800755
     7.400000000     2.264790053    -1.551266157     0.147089918
     7.410000000     2.300451874    -1.724966169     0.143452181
     7.420000000     2.283997672    -1.906694613     0.139989930
     7.430000000     2.215712473    -2.080200909     0.136797644
     7.440000000     2.100352255    -2.229391310     0.133952029
     7.450000000     1.946481369    -2.342249180     0.131505522
     7.460000000     1.765268805    -2.415679595     0.129484002
     7.470000000     1.568994930    -2.454768999     0.127888980
     7.480000000     1.369558562    -2.467618617     0.126703882
     7.490000000     1.177238893    -2.461283801     0.125903241
     7.500000000     0.999876928    -2.440558672     0.125462907
     7.510000000     0.842529760    -2.408841497     0.125368860
     7.520000000     0.707551551    -2.369380749     0.125622267
     7.530000000     0.594990265    -2.325505854     0.126239074
     7.540000000     0.503165497    -2.280131998     0.127243621
     7.550000000     0.429302767    -2.235489775     0.128657321
     7.560000000     0.370128629    -2.193157628     0.130484750
     7.570000000     0.322364657    -2.153921623     0.132700365
     7.580000000     0.283088036    -2.117430021     0.135239051
     7.590000000     0.249949314    -2.082208856     0.137992963
     7.600000000     0.221255239    -2.046501298     0.140815793
     7.610000000     0.195938256    -2.009354174     0.143534033
     7.620000000     0.173444493    -1.970937355     0.145963427
     7.630000000     0.153577578    -1.932054128     0.147927844
     7.640000000     0.136334861    -1.893531852     0.149277486
     7.650000000     0.121765381    -1.855914398     0.149903610
     7.660000000     0.109867376    -1.819419449     0.149747806
     7.670000000     0.100530564    -1.784035067     0.148805015
     7.680000000     0.093518560    -1.749701025     0.147120694
     7.690000000     0.088481412    -1.716454490     0.144783461
     7.700000000     0.084987395    -1.684444186     0.141915034
     7.710000000     0.082564998    -1.653877555     0.138659158
     7.720000000     0.080748465    -1.624966805     0.135170691
     7.730000000     0.079121619    -1.597824139     0.131605337
     7.740000000     0.077355029    -1.572280122     0.128110047
     7.750000000     0.075231586    -1.547784871     0.124813964
     7.760000000     0.072656464    -1.523613116     0.121820118
     7.770000000     0.069649742    -1.499271757     0.119198455
     7.780000000     0.066323331    -1.474696882     0.116981133
     7.790000000     0.062847139    -1.450092494     0.115160999
     7.800000000     0.059411409    -1.425682299     0.113693755
     7.810000000     0.056192236    -1.401593526     0.112503753
     7.820000000     0.053325533    -1.377844324     0.111492819
     7.830000000     0.050892067    -1.354377654     0.110551115
     7.840000000     0.048913541    -1.331150129     0.109568953
     7.850000000     0.047357928    -1.308214936     0.108448435
     7.860000000     0.046151337    -1.285708139     0.107113798
     7.870000000     0.045193623    -1.263761273     0.105519290
     7.880000000     0.044375110    -1.242418953     0.103653373
     7.890000000     0.043592125    -1.221603289     0.101538245
     7.900000000     0.042759392    -1.201141058     0.099224245
     7.910000000     0.041817872    -1.180842982     0.096779548
     7.920000000     0.040737411    -1.160591454     0.094276714
     7.930000000     0.039514488    -1.140382964     0.091778564
     7.940000000     0.038166193    -1.120278615     0.089326308
     7.950000000     0.036722158    -1.100297573     0.086932610
     7.960000000     0.035216258    -1.080376505     0.084581183
     7.970000000     0.033679683    -1.060441292     0.082232973
     7.980000000     0.032136414    -1.040472673     0.079837313
     7.990000000     0.030601579    -1.020494392     0.077345198
     8.000000000     0.029082495    -1.000546617     0.074721367
     8.010000000     0.027581717    -0.980665626     0.071952376
     8.020000000     0.026101015    -0.960846463     0.069049091
     8.030000000     0.024645038    -0.941019657     0.066043600
     8.040000000     0.023223555    -0.921087007     0.062981983
     8.050000000     0.021851585    -0.900982452     0.059915248
     8.060000000     0.020547395    -0.880688980     0.056890841
     8.070000000     0.019328992    -0.860218166     0.053946614
     8.080000000     0.018210233    -0.839596236     0.051108178
     8.090000000     0.017197758    -0.818856840     0.048389536
     8.100000000     0.016289670    -0.798023621     0.045796099
     8.110000000     0.015476294    -0.777095460     0.043328717
     8.120000000     0.014742692    -0.756046895     0.040987393
     8.130000000     0.014072127    -0.734833608     0.038773605
     8.140000000     0.013449430    -0.713404334     0.036690777
     8.150000000     0.012863411    -0.691718851     0.034742991
     8.160000000     0.012307805    -0.669749841     0.032932607
     8.170000000     0.011780777    -0.647466706     0.031257712
     8.180000000     0.011283464    -0.624826184     0.029710350
     8.190000000     0.010818287    -0.601784639     0.028276213
     8.200000000     0.010387784    -0.578316723     0.026935974
     8.210000000     0.009994469    -0.554418198     0.025667934
     8.220000000     0.009641769    -0.530084280     0.024451232
     8.230000000     0.009335652    -0.505276512     0.023268725
     8.240000000     0.009086157    -0.479910412     0.022108761
     8.250000000     0.008907931    -0.453881410     0.020965427
     8.260000000     0.008819057    -0.427100294     0.019837341
     8.270000000     0.008837886    -0.399502895     0.018725471
     8.280000000     0.008978211    -0.371040088     0.017630721
     8.290000000     0.009243670    -0.341666586     0.016552028
     8.300000000     0.009622712    -0.311333553     0.015485516
     8.310000000     0.010085555    -0.279983861     0.014424920
     8.320000000     0.010584310    -0.247548282     0.013363100
     8.330000000     0.011056897    -0.213938784     0.012294215
     8.340000000     0.011434554    -0.179040856     0.011215951
     8.350000000     0.011651950    -0.142708198     0.010131201
     8.360000000     0.011658339    -0.104752602     0.009048767
     8.370000000     0.011428291    -0.064919984     0.007982848
     8.380000000     0.010971549    -0.022867706     0.006951394
     8.390000000     0.010343874     0.021809113     0.005973632
     8.400000000     0.009664586     0.069496369     0.005067308
     8.410000000     0.009151913     0.120507654     0.004246215
     8.420000000     0.009194065     0.175114994     0.003518542
     8.430000000     0.010481136     0.233620613     0.002886344
     8.440000000     0.014228152     0.296413520     0.002346159
     8.450000000     0.022518212     0.363988949     0.001890492
     8.460000000     0.038779612     0.436924250     0.001509712
     8.470000000     0.068373746     0.515831445     0.001193865
     8.480000000     0.119205672     0.601318236     0.000934005
     8.490000000     0.202179539     0.693948091     0.000722876
     8.500000000     0.331226128     0.794156100     0.000554961
     8.510000000     0.522569034     0.902072297     0.000426085
     8.520000000     0.792924534     1.017186955     0.000332822
     8.530000000     1.156499093     1.137741842     0.000271884
     8.540000000     1.620975692     1.259643041     0.000239642
     8.550000000     2.183118199     1.374562758     0.000231817
     8.560000000     2.825046140     1.466772265     0.000243354
     8.570000000     3.512458525     1.508360480     0.000268469
     8.580000000     4.195941764     1.453639361     0.000300883
     8.590000000     4.815906226     1.237534186     0.000334221
     8.600000000     5.310749671     0.790860950     0.000362553
     8.610000000     5.626811368     0.088297654     0.000381003
     8.620000000     5.727925286    -0.788462148     0.000386283
     8.630000000     5.602226614    -1.654047379     0.000377052
     8.640000000     5.264441200    -2.330481518     0.000353967
     8.650000000     4.753047294    -2.749668515     0.000319427
     8.660000000     4.123065432    -2.945032748     0.000277022
     8.670000000     3.436343312    -2.986987544     0.000230855
     8.680000000     2.751700034    -2.938771053     0.000184849
     8.690000000     2.117063355    -2.843901285     0.000142213
     8.700000000     1.564929733    -2.728679688     0.000105122
     8.710000000     1.111434952    -2.607822146     0.000074658
     8.720000000     0.758405510    -2.489065902     0.000050944
     8.730000000     0.497218329    -2.376173772     0.000033399
     8.740000000     0.313199457    -2.270721833     0.000021038
     8.750000000     0.189549696    -2.173119081     0.000012733
     8.760000000     0.110218223    -2.083176587     0.000007404
     8.770000000     0.061576066    -2.000420771     0.000004136
     8.780000000     0.033052072    -1.924263304     0.000002220
     8.790000000     0.017045654    -1.854091196     0.000001145
     8.800000000     0.008446112    -1.789312620     0.000000567
     8.810000000     0.004020946    -1.729378357     0.000000270
     8.820000000     0.001839196    -1.673789970     0.000000124
     8.830000000     0.000808269    -1.622100948     0.000000054
     8.840000000     0.000341281    -1.573914293     0.000000023
     8.850000000     0.000138451    -1.528878481     0.000000009
     8.860000000     0.000053965    -1.486682855     0.000000004
     8.870000000     0.000020209    -1.447053007     0.000000001
     8.880000000     0.000007271    -1.409746433     0.000000000
     8.890000000     0.000002514    -1.374548577     0.000000000
     8.900000000     0.000000835    -1.341269312     0.000000000
     8.910000000     0.000000266    -1.309739840     0.000000000
     8.920000000     0.000000082    -1.279809990     0.000000000
     8.930000000     0.000000024    -1.251345870     0.000000000
     8.940000000     0.000000007    -1.224227831     0.000000000
     8.950000000     0.000000002    -1.198348711     0.000000000
     8.960000000     0.000000000    -1.173612307     0.000000000
     8.970000000     0.000000000    -1.149932063     0.000000000
     8.980000000     0.000000000    -1.127229928     0.000000000
     8.990000000     0.000000000    -1.105435362     0.000000000
     9.000000000     0.000000000    -1.084484480     0.000000000
     9.010000000     0.000000000    -1.064319303     0.000000000
     9.020000000     0.000000000    -1.044887103     0.000000000
     9.030000000     0.000000000    -1.026139831     0.000000000
     9.040000000     0.000000000    -1.008033623     0.000000000
     9.050000000     0.000000000    -0.990528354     0.000000000
     9.060000000     0.000000000    -0.973587259     0.000000000
     9.070000000     0.000000000    -0.957176588     0.000000000
     9.080000000     0.000000000    -0.941265308     0.000000000
     9.090000000     0.000000000    -0.925824838     0.000000000
     9.100000000     0.000000000    -0.910828811     0.000000000
     9.110000000     0.000000000    -0.896252866     0.000000000
     9.120000000     0.000000000    -0.882074464     0.000000000
     9.130000000     0.000000000    -0.868272718     0.000000000
     9.140000000     0.000000000    -0.854828244     0.000000000
     9.150000000     0.000000000    -0.841723033     0.000000000
     9.160000000     0.000000000    -0.828940328     0.000000000
     9.170000000     0.000000000    -0.816464516     0.000000000
     9.180000000     0.000000000    -0.804281035     0.000000000
     9.190000000     0.000000000    -0.792376283     0.000000000
     9.200000000     0.000000000    -0.780737543     0.000000000
     9.210000000     0.000000000    -0.769352912     0.000000000
     9.220000000     0.000000000    -0.758211232     0.000000000
     9.230000000     0.000000000    -0.747302036     0.000000000
     9.240000000     0.000000000    -0.736615497     0.000000000
     9.250000000     0.000000000    -0.726142373     0.000000000
     9.260000000     0.000000000    -0.715873968     0.000000000
     9.270000000     0.000000000    -0.705802092     0.000000000
     9.280000000     0.000000000    -0.695919023     0.000000000
     9.290000000     0.000000000    -0.686217472     0.000000000
     9.300000000     0.000000000    -0.676690555     0.000000000
     9.310000000     0.000000000    -0.667331765     0.000000000
     9.320000000     0.000000000    -0.658134945     0.000000000
     9.330000000     0.000000000    -0.649094263     0.000000000
     9.340000000     0.000000000    -0.640204193     0.000000000
     9.350000000     0.000000000    -0.631459493     0.000000000
     9.360000000     0.000000000    -0.622855188     0.000000000
     9.370000000     0.000000000    -0.614386551     0.000000000
     9.380000000     0.000000000    -0.606049087     0.000000000
     9.390000000     0.000000000    -0.597838523     0.000000000
     9.400000000     0.000000000    -0.589750787     0.000000000
     9.410000000     0.000000000    -0.581782000     0.000000000
     9.420000000     0.000000000    -0.573928467     0.000000000
     9.430000000     0.000000000    -0.566186657     0.000000000
     9.440000000     0.000000000    -0.558553204     0.000000000
     9.450000000     0.000000000    -0.551024889     0.000000000
     9.460000000     0.000000000    -0.543598635     0.000000000
     9.470000000     0.000000000    -0.536271497     0.000000000
     9.480000000     0.000000001    -0.529040658     0.000000000
     9.490000000     0.000000002    -0.521903417     0.000000001
     9.500000000     0.000000004    -0.514857185     0.000000003
     9.510000000     0.000000010    -0.507899477     0.000000008
     9.520000000     0.000000026    -0.501027907     0.000000020
     9.530000000     0.000000061    -0.494240184     0.000000049
     9.540000000     0.000000140    -0.487534101     0.000000111
     9.550000000     0.000000308    -0.480907536     0.000000245
     9.560000000     0.000000651    -0.474358445     0.000000516
     9.570000000     0.000001320    -0.467884856     0.000001048
     9.580000000     0.000002574    -0.461484868     0.000002042
     9.590000000     0.000004820    -0.455156644     0.000003824
     9.600000000     0.000008672    -0.448898413     0.000006881
     9.610000000     0.000014991    -0.442708471     0.000011895
     9.620000000     0.000024899    -0.436585179     0.000019757
     9.630000000     0.000039733    -0.430526980     0.000031528
     9.640000000     0.000060920    -0.424532417     0.000048339
     9.650000000     0.000089742    -0.418600176     0.000071209
     9.660000000     0.000127016    -0.412729166     0.000100786
     9.670000000     0.000172722    -0.406918651     0.000137053
     9.680000000     0.000225667    -0.401168496     0.000179064
     9.690000000     0.000283280    -0.395479528     0.000224780
     9.700000000     0.000341658    -0.389854017     0.000271102
     9.710000000     0.000395910    -0.384295954     0.000314150
     9.720000000     0.000440787    -0.378810241     0.000349760
     9.730000000     0.000471508    -0.373399337     0.000374137
     9.740000000     0.000484594    -0.368057766     0.000384521
     9.750000000     0.000478515    -0.362770330     0.000379697
     9.760000000     0.000453985    -0.357519770     0.000360232
     9.770000000     0.000413823    -0.352296846     0.000328364
     9.780000000     0.000362424    -0.347101867     0.000287579
     9.790000000     0.000304963    -0.341939602     0.000241985
     9.800000000     0.000246550    -0.336814852     0.000195635
     9.810000000     0.000191510    -0.331730860     0.000151961
     9.820000000     0.000142924    -0.326689333     0.000113409
     9.830000000     0.000102482    -0.321690914     0.000081319
     9.840000000     0.000070603    -0.316735594     0.000056022
     9.850000000     0.000046733    -0.311823002     0.000037082
     9.860000000     0.000029720    -0.306952573     0.000023582
     9.870000000     0.000018159    -0.302123648     0.000014409
     9.880000000     0.000010661    -0.297335527     0.000008459
     9.890000000     0.000006013    -0.292587502     0.000004771
     9.900000000     0.000003259    -0.287878868     0.000002586
     9.910000000     0.000001697    -0.283208936     0.000001346
     9.920000000     0.000000849    -0.278577035     0.000000674
     9.930000000     0.000000408    -0.273982513     0.000000324
     9.940000000     0.000000188    -0.269424738     0.000000149
     9.950000000     0.000000084    -0.264903097     0.000000066
     9.960000000     0.000000036    -0.260416999     0.000000028
     9.970000000     0.000000015    -0.255965867     0.000000012
     9.980000000     0.000000006    -0.251549143     0.000000005
     9.990000000     0.000000002    -0.247166286     0.000000002
    10.000000000     0.000000001    -0.242816770     0.000000001
    10.010000000     0.000000000    -0.238500084     0.000000000
    10.020000000     0.000000000    -0.234215730     0.000000000
    10.030000000     0.000000000    -0.229963224     0.000000000
    10.040000000     0.000000000    -0.225742095     0.000000000
    10.050000000     0.000000000    -0.221551885     0.000000000
    10.060000000     0.000000000    -0.217392147     0.000000000
    10.070000000     0.000000000    -0.213262443     0.000000000
    10.080000000     0.000000000    -0.209162350     0.000000000
    10.090000000     0.000000000    -0.205091451     0.000000000
    10.100000000     0.000000000    -0.201049343     0.000000000
    10.110000000     0.000000000    -0.197035629     0.000000000
    10.120000000     0.000000000    -0.193049924     0.000000000
    10.130000000     0.000000000    -0.189091849     0.000000000
    10.140000000     0.000000000    -0.185161036     0.000000000
    10.150000000     0.000000000    -0.181257124     0.000000000
    10.160000000     0.000000000    -0.177379761     0.000000000
    10.170000000     0.000000000    -0.173528602     0.000000000
    10.180000000     0.000000000    -0.169703309     0.000000000
    10.190000000     0.000000000    -0.165903552     0.000000000
    10.200000000     0.000000000    -0.162129008     0.000000000
    10.210000000     0.000000000    -0.158379361     0.000000000
    10.220000000     0.000000000    -0.154654300     0.000000000
    10.230000000     0.000000000    -0.150953523     0.000000000
    10.240000000     0.000000000    -0.147276731     0.000000000
    10.250000000     0.000000000    -0.143623635     0.000000000
    10.260000000     0.000000000    -0.139993947     0.000000000
    10.270000000     0.000000000    -0.136387389     0.000000000
    10.280000000     0.000000000    -0.132803686     0.000000000
    10.290000000     0.000000000    -0.129242569     0.000000000
    10.300000000     0.000000000    -0.125703775     0.000000000
    10.310000000     0.000000000    -0.122187045     0.000000000
    10.320000000     0.000000000    -0.118692125     0.000000000
    10.330000000     0.000000000    -0.115218766     0.000000000
    10.340000000     0.000000000    -0.111766724     0.000000000
    10.350000000     0.000000000    -0.108335759     0.000000000
    10.360000000     0.000000000    -0.104925635     0.000000000
    10.370000000     0.000000000    -0.101536122     0.000000000
    10.380000000     0.000000000    -0.098166992     0.000000000
    10.390000000     0.000000000    -0.094818023     0.000000000
    10.400000000     0.000000000    -0.091488996     0.000000000
    10.410000000     0.000000000    -0.088179695     0.000000000
    10.420000000     0.000000000    -0.084889910     0.000000000
    10.430000000     0.000000000    -0.081619433     0.000000000
    10.440000000     0.000000000    -0.078368060     0.000000000
    10.450000000     0.000000000    -0.075135590     0.000000000
    10.460000000     0.000000000    -0.071921826     0.000000000
    10.470000000     0.000000000    -0.068726575     0.000000000
    10.480000000     0.000000000    -0.065549646     0.000000000
    10.490000000     0.000000000    -0.062390851     0.000000000
    10.500000000     0.000000000    -0.059250007     0.000000000
    10.510000000     0.000000000    -0.056126932     0.000000000
    10.520000000     0.000000000    -0.053021448     0.000000000
    10.530000000     0.000000000    -0.049933380     0.000000000
    10.540000000     0.000000000    -0.046862554     0.000000000
    10.550000000     0.000000000    -0.043808802     0.000000000
    10.560000000     0.000000000    -0.040771955     0.000000000
    10.570000000     0.000000000    -0.037751850     0.000000000
    10.580000000     0.000000000    -0.034748325     0.000000000
    10.590000000     0.000000000    -0.031761220     0.000000000
    10.600000000     0.000000000    -0.028790378     0.000000000
    10.610000000     0.000000000    -0.025835644     0.000000000
    10.620000000     0.000000000    -0.022896867     0.000000000
    10.630000000     0.000000000    -0.019973896     0.000000000
    10.640000000     0.000000000    -0.017066584     0.000000000
    10.650000000     0.000000000    -0.014174786     0.000000000
    10.660000000     0.000000000    -0.011298357     0.000000000
    10.670000000     0.000000000    -0.008437158     0.000000000
    10.680000000     0.000000000    -0.005591048     0.000000000
    10.690000000     0.000000000    -0.002759891     0.000000000
    10.700000000     0.000000000     0.000056449     0.000000000
    10.710000000     0.000000000     0.002858104     0.000000000
    10.720000000     0.000000000     0.005645207     0.000000000
    10.730000000     0.000000000     0.008417886     0.000000000
    10.740000000     0.000000000     0.011176268     0.000000000
    10.750000000     0.000000000     0.013920481     0.000000000
    10.760000000     0.000000000     0.016650647     0.000000000
    10.770000000     0.000000000     0.019366890     0.000000000
    10.780000000     0.000000000     0.022069329     0.000000000
    10.790000000     0.000000000     0.024758085     0.000000000
    10.800000000     0.000000000     0.027433273     0.000000000
    10.810000000     0.000000000     0.030095011     0.000000000
    10.820000000     0.000000000     0.032743412     0.000000000
    10.830000000     0.000000000     0.035378589     0.000000000
    10.840000000     0.000000000     0.038000654     0.000000000
    10.850000000     0.000000000     0.040609715     0.000000000
    10.860000000     0.000000000     0.043205882     0.000000000
    10.870000000     0.000000000     0.045789262     0.000000000
    10.880000000     0.000000000     0.048359959     0.000000000
    10.890000000     0.000000000     0.050918078     0.000000000
    10.900000000     0.000000000     0.053463722     0.000000000
    10.910000000     0.000000000     0.055996992     0.000000000
    10.920000000     0.000000000     0.058517989     0.000000000
    10.930000000     0.000000000     0.061026811     0.000000000
    10.940000000     0.000000000     0.063523556     0.000000000
    10.950000000     0.000000000     0.066008322     0.000000000
    10.960000000     0.000000000     0.068481202     0.000000000
    10.970000000     0.000000000     0.070942291     0.000000000
    10.980000000     0.000000000     0.073391683     0.000000000
    10.990000000     0.000000000     0.075829468     0.000000000
    11.000000000     0.000000000     0.078255738     0.000000000
