 # Column 1: omega
 # Column 2: eps2(omega)
 # Column 3: eps1(omega)
 # Column 4: JDOS(omega)
     0.000000000     0.000000000     2.136614778     0.000000000
     0.010000000     0.000000000     2.136624244     0.000000000
     0.020000000     0.000000000     2.136652646     0.000000000
     0.030000000     0.000000000     2.136699990     0.000000000
     0.040000000     0.000000000     2.136766286     0.000000000
     0.050000000     0.000000000     2.136851548     0.000000000
     0.060000000     0.000000000     2.136955796     0.000000000
     0.070000000     0.000000000     2.137079052     0.000000000
     0.080000000     0.000000000     2.137221343     0.000000000
     0.090000000     0.000000000     2.137382702     0.000000000
     0.100000000     0.000000000     2.137563162     0.000000000
     0.110000000     0.000000000     2.137762766     0.000000000
     0.120000000     0.000000000     2.137981556     0.000000000
     0.130000000     0.000000000     2.138219581     0.000000000
     0.140000000     0.000000000     2.138476895     0.000000000
     0.150000000     0.000000000     2.138753554     0.000000000
     0.160000000     0.000000000     2.139049621     0.000000000
     0.170000000     0.000000000     2.139365162     0.000000000
     0.180000000     0.000000000     2.139700248     0.000000000
     0.190000000     0.000000000     2.140054954     0.000000000
     0.200000000     0.000000000     2.140429361     0.000000000
     0.210000000     0.000000000     2.140823554     0.000000000
     0.220000000     0.000000000     2.141237623     0.000000000
     0.230000000     0.000000000     2.141671662     0.000000000
     0.240000000     0.000000000     2.142125771     0.000000000
     0.250000000     0.000000000     2.142600055     0.000000000
     0.260000000     0.000000000     2.143094624     0.000000000
     0.270000000     0.000000000     2.143609592     0.000000000
     0.280000000     0.000000000     2.144145080     0.000000000
     0.290000000     0.000000000     2.144701214     0.000000000
     0.300000000     0.000000000     2.145278125     0.000000000
     0.310000000     0.000000000     2.145875950     0.000000000
     0.320000000     0.000000000     2.146494832     0.000000000
     0.330000000     0.000000000     2.147134919     0.000000000
     0.340000000     0.000000000     2.147796365     0.000000000
     0.350000000     0.000000000     2.148479331     0.000000000
     0.360000000     0.000000000     2.149183984     0.000000000
     0.370000000     0.000000000     2.149910497     0.000000000
     0.380000000     0.000000000     2.150659049     0.000000000
     0.390000000     0.000000000     2.151429828     0.000000000
     0.400000000     0.000000000     2.152223027     0.000000000
     0.410000000     0.000000000     2.153038845     0.000000000
     0.420000000     0.000000000     2.153877491     0.000000000
     0.430000000     0.000000000     2.154739179     0.000000000
     0.440000000     0.000000000     2.155624132     0.000000000
     0.450000000     0.000000000     2.156532581     0.000000000
     0.460000000     0.000000000     2.157464763     0.000000000
     0.470000000     0.000000000     2.158420927     0.000000000
     0.480000000     0.000000000     2.159401326     0.000000000
     0.490000000     0.000000000     2.160406226     0.000000000
     0.500000000     0.000000000     2.161435899     0.000000000
     0.510000000     0.000000000     2.162490627     0.000000000
     0.520000000     0.000000000     2.163570702     0.000000000
     0.530000000     0.000000000     2.164676427     0.000000000
     0.540000000     0.000000000     2.165808113     0.000000000
     0.550000000     0.000000000     2.166966082     0.000000000
     0.560000000     0.000000000     2.168150669     0.000000000
     0.570000000     0.000000000     2.169362217     0.000000000
     0.580000000     0.000000000     2.170601083     0.000000000
     0.590000000     0.000000000     2.171867635     0.000000000
     0.600000000     0.000000000     2.173162254     0.000000000
     0.610000000     0.000000000     2.174485333     0.000000000
     0.620000000     0.000000000     2.175837278     0.000000000
     0.630000000     0.000000000     2.177218511     0.000000000
     0.640000000     0.000000000     2.178629466     0.000000000
     0.650000000     0.000000000     2.180070591     0.000000000
     0.660000000     0.000000000     2.181542354     0.000000000
     0.670000000     0.000000000     2.183045233     0.000000000
     0.680000000     0.000000000     2.184579726     0.000000000
     0.690000000     0.000000000     2.186146348     0.000000000
     0.700000000     0.000000000     2.187745630     0.000000000
     0.710000000     0.000000000     2.189378124     0.000000000
     0.720000000     0.000000000     2.191044399     0.000000000
     0.730000000     0.000000000     2.192745045     0.000000000
     0.740000000     0.000000000     2.194480673     0.000000000
     0.750000000     0.000000000     2.196251915     0.000000000
     0.760000000     0.000000000     2.198059427     0.000000000
     0.770000000     0.000000000     2.199903887     0.000000000
     0.780000000     0.000000000     2.201785997     0.000000000
     0.790000000     0.000000000     2.203706488     0.000000000
     0.800000000     0.000000000     2.205666113     0.000000000
     0.810000000     0.000000000     2.207665656     0.000000000
     0.820000000     0.000000000     2.209705930     0.000000000
     0.830000000     0.000000000     2.211787777     0.000000000
     0.840000000     0.000000000     2.213912072     0.000000000
     0.850000000     0.000000000     2.216079723     0.000000000
     0.860000000     0.000000000     2.218291672     0.000000000
     0.870000000     0.000000000     2.220548898     0.000000000
     0.880000000     0.000000000     2.222852419     0.000000000
     0.890000000     0.000000000     2.225203293     0.000000000
     0.900000000     0.000000000     2.227602618     0.000000000
     0.910000000     0.000000000     2.230051538     0.000000000
     0.920000000     0.000000000     2.232551242     0.000000000
     0.930000000     0.000000000     2.235102968     0.000000000
     0.940000000     0.000000000     2.237708007     0.000000000
     0.950000000     0.000000000     2.240367700     0.000000000
     0.960000000     0.000000000     2.243083447     0.000000000
     0.970000000     0.000000000     2.245856707     0.000000000
     0.980000000     0.000000000     2.248689002     0.000000000
     0.990000000     0.000000000     2.251581918     0.000000000
     1.000000000     0.000000000     2.254537112     0.000000000
     1.010000000     0.000000000     2.257556317     0.000000000
     1.020000000     0.000000000     2.260641338     0.000000000
     1.030000000     0.000000000     2.263794068     0.000000000
     1.040000000     0.000000000     2.267016482     0.000000000
     1.050000000     0.000000000     2.270310649     0.000000000
     1.060000000     0.000000000     2.273678735     0.000000000
     1.070000000     0.000000000     2.277123010     0.000000000
     1.080000000     0.000000000     2.280645851     0.000000000
     1.090000000     0.000000000     2.284249752     0.000000000
     1.100000000     0.000000000     2.287937330     0.000000000
     1.110000000     0.000000000     2.291711333     0.000000000
     1.120000000     0.000000000     2.295574649     0.000000000
     1.130000000     0.000000000     2.299530312     0.000000000
     1.140000000     0.000000000     2.303581516     0.000000000
     1.150000000     0.000000000     2.307731623     0.000000000
     1.160000000     0.000000000     2.311984173     0.000000000
     1.170000000     0.000000000     2.316342901     0.000000000
     1.180000000     0.000000000     2.320811745     0.000000000
     1.190000000     0.000000000     2.325394864     0.000000000
     1.200000000     0.000000000     2.330096651     0.000000000
     1.210000000     0.000000000     2.334921754     0.000000000
     1.220000000     0.000000000     2.339875089     0.000000000
     1.230000000     0.000000000     2.344961867     0.000000000
     1.240000000     0.000000000     2.350187609     0.000000000
     1.250000000     0.000000000     2.355558176     0.000000000
     1.260000000     0.000000000     2.361079792     0.000000000
     1.270000000     0.000000000     2.366759074     0.000000000
     1.280000000     0.000000000     2.372603064     0.000000000
     1.290000000     0.000000000     2.378619264     0.000000000
     1.300000000     0.000000000     2.384815674     0.000000000
     1.310000000     0.000000000     2.391200834     0.000000000
     1.320000000     0.000000000     2.397783871     0.000000000
     1.330000000     0.000000000     2.404574550     0.000000000
     1.340000000     0.000000000     2.411583335     0.000000000
     1.350000000     0.000000000     2.418821447     0.000000000
     1.360000000     0.000000000     2.426300935     0.000000000
     1.370000000     0.000000000     2.434034761     0.000000000
     1.380000000     0.000000000     2.442036878     0.000000000
     1.390000000     0.000000000     2.450322334     0.000000000
     1.400000000     0.000000000     2.458907380     0.000000000
     1.410000000     0.000000000     2.467809591     0.000000000
     1.420000000     0.000000001     2.477048005     0.000000001
     1.430000000     0.000000002     2.486643277     0.000000002
     1.440000000     0.000000005     2.496617854     0.000000005
     1.450000000     0.000000013     2.506996172     0.000000012
     1.460000000     0.000000033     2.517804882     0.000000030
     1.470000000     0.000000078     2.529073099     0.000000071
     1.480000000     0.000000177     2.540832696     0.000000161
     1.490000000     0.000000388     2.553118629     0.000000350
     1.500000000     0.000000816     2.565969316     0.000000733
     1.510000000     0.000001654     2.579427061     0.000001478
     1.520000000     0.000003227     2.593538554     0.000002866
     1.530000000     0.000006063     2.608355430     0.000005348
     1.540000000     0.000010973     2.623934921     0.000009602
     1.550000000     0.000019146     2.640340601     0.000016595
     1.560000000     0.000032230     2.657643242     0.000027612
     1.570000000     0.000052427     2.675921796     0.000044238
     1.580000000     0.000082616     2.695264516     0.000068263
     1.590000000     0.000126679     2.715770224     0.000101474
     1.600000000     0.000190420     2.737549737     0.000145353
     1.610000000     0.000283991     2.760727422     0.000200676
     1.620000000     0.000427620     2.785442874     0.000267105
     1.630000000     0.000663997     2.811852657     0.000342841
     1.640000000     0.001082922     2.840132135     0.000424465
     1.650000000     0.001866925     2.870477700     0.000507040
     1.660000000     0.003369842     2.903110173     0.000584542
     1.670000000     0.006242474     2.938280100     0.000650594
     1.680000000     0.011617825     2.976272702     0.000699395
     1.690000000     0.021359244     3.017406302     0.000726706
     1.700000000     0.038354116     3.062022737     0.000730690
     1.710000000     0.066801678     3.110475135     0.000712453
     1.720000000     0.112399238     3.163104251     0.000676168
     1.730000000     0.182288478     3.220178107     0.000628753
     1.740000000     0.284603553     3.281777504     0.000579183
     1.750000000     0.427491756     3.347604194     0.000537518
     1.760000000     0.617576566     3.416643443     0.000513842
     1.770000000     0.858002815     3.486557097     0.000517233
     1.780000000     1.146411986     3.552624978     0.000554910
     1.790000000     1.473374489     3.606011726     0.000631668
     1.800000000     1.821868251     3.631276867     0.000749651
     1.810000000     2.168267991     3.603878434     0.000908527
     1.820000000     2.484982202     3.490903800     0.001106032
     1.830000000     2.744413407     3.262218769     0.001338859
     1.840000000     2.923465145     2.917174164     0.001603759
     1.850000000     3.007547864     2.509225046     0.001898708
     1.860000000     2.993072731     2.127791886     0.002223989
     1.870000000     2.887787183     1.840835777     0.002583012
     1.880000000     2.708890439     1.663117255     0.002982791
     1.890000000     2.479471828     1.572028759     0.003433979
     1.900000000     2.224230903     1.533459450     0.003950439
     1.910000000     1.965534235     1.516564599     0.004548308
     1.920000000     1.720636064     1.501896906     0.005244530
     1.930000000     1.500453797     1.485399098     0.006054918
     1.940000000     1.309819737     1.474021734     0.006991864
     1.950000000     1.148783746     1.474157054     0.008061970
     1.960000000     1.014398425     1.484374464     0.009263942
     1.970000000     0.902468915     1.498468476     0.010587135
     1.980000000     0.808919627     1.512007238     0.012011022
     1.990000000     0.730628789     1.525254555     0.013505721
     2.000000000     0.665740476     1.541649692     0.015033546
     2.010000000     0.613555777     1.564295413     0.016551448
     2.020000000     0.574138668     1.593703750     0.018014207
     2.030000000     0.547772703     1.628219141     0.019378260
     2.040000000     0.534394173     1.665251530     0.020606063
     2.050000000     0.533115013     1.701628299     0.021670712
     2.060000000     0.541931857     1.733664155     0.022560305
     2.070000000     0.557688485     1.757730201     0.023281208
     2.080000000     0.576313424     1.770984365     0.023859175
     2.090000000     0.593296930     1.771540774     0.024337474
     2.100000000     0.604314603     1.758521182     0.024771616
     2.110000000     0.605865373     1.733726282     0.025221209
     2.120000000     0.595783555     1.703719422     0.025740296
     2.130000000     0.573513659     1.677934216     0.026368225
     2.140000000     0.540095784     1.663331134     0.027123205
     2.150000000     0.497881463     1.661507663     0.028000187
     2.160000000     0.450062547     1.670137674     0.028973664
     2.170000000     0.400130550     1.685674786     0.030004778
     2.180000000     0.351382756     1.705205374     0.031051030
     2.190000000     0.306559161     1.727241211     0.032076345
     2.200000000     0.267646031     1.751550506     0.033059267
     2.210000000     0.235835481     1.778299114     0.033997687
     2.220000000     0.211599863     1.807225121     0.034909429
     2.230000000     0.194829851     1.837399352     0.035828993
     2.240000000     0.184992432     1.867474028     0.036801541
     2.250000000     0.181280813     1.896134619     0.037875613
     2.260000000     0.182743916     1.922563397     0.039096084
     2.270000000     0.188393464     1.946701579     0.040498557
     2.280000000     0.197290794     1.969098629     0.042105877
     2.290000000     0.208615761     1.990370059     0.043926869
     2.300000000     0.221719474     2.010671620     0.045956908
     2.310000000     0.236163007     2.029693213     0.048179654
     2.320000000     0.251745702     2.047206986     0.050569185
     2.330000000     0.268527952     2.063565185     0.053091952
     2.340000000     0.286852318     2.079518942     0.055708254
     2.350000000     0.307362293     2.095572859     0.058373265
     2.360000000     0.331009780     2.111580136     0.061037874
     2.370000000     0.359032744     2.126881248     0.063649690
     2.380000000     0.392877564     2.140817407     0.066154460
     2.390000000     0.434041781     2.153270608     0.068497937
     2.400000000     0.483826278     2.164861543     0.070628041
     2.410000000     0.543011983     2.176397010     0.072497007
     2.420000000     0.611509244     2.187525913     0.074063307
     2.430000000     0.688057223     2.195700578     0.075293266
     2.440000000     0.770062634     2.196485814     0.076162583
     2.450000000     0.853651973     2.184713194     0.076658015
     2.460000000     0.933968201     2.155748922     0.076779448
     2.470000000     1.005682101     2.106973632     0.076542250
     2.480000000     1.063629435     2.039574154     0.075979402
     2.490000000     1.103448698     1.959766111     0.075142571
     2.500000000     1.122094079     1.877272507     0.074101219
     2.510000000     1.118134454     1.800473954     0.072939098
     2.520000000     1.091807808     1.732508755     0.071748023
     2.530000000     1.044859889     1.672274294     0.070619485
     2.540000000     0.980236096     1.618231925     0.069635262
     2.550000000     0.901706729     1.570809845     0.068858506
     2.560000000     0.813491078     1.532225187     0.068326787
     2.570000000     0.719918171     1.504983819     0.068048205
     2.580000000     0.625136574     1.490530575     0.068001127
     2.590000000     0.532872325     1.488539066     0.068137427
     2.600000000     0.446234202     1.496963876     0.068388540
     2.610000000     0.367572862     1.512889230     0.068673281
     2.620000000     0.298406407     1.533516163     0.068906224
     2.630000000     0.239423365     1.556669824     0.069005577
     2.640000000     0.190564211     1.580841086     0.068899757
     2.650000000     0.151168293     1.605055426     0.068532167
     2.660000000     0.120160484     1.628741082     0.067863966
     2.670000000     0.096245852     1.651612043     0.066874813
     2.680000000     0.078082921     1.673564746     0.065561712
     2.690000000     0.064415114     1.694606687     0.063936233
     2.700000000     0.054152091     1.714821060     0.062020563
     2.710000000     0.046404113     1.734318606     0.059843049
     2.720000000     0.040480447     1.753148703     0.057434037
     2.730000000     0.035866029     1.771254482     0.054822838
     2.740000000     0.032189623     1.788535577     0.052036398
     2.750000000     0.029192925     1.804961268     0.049099920
     2.760000000     0.026705191     1.820628352     0.046039103
     2.770000000     0.024623699     1.835703614     0.042883273
     2.780000000     0.022897588     1.850327458     0.039668351
     2.790000000     0.021511949     1.864596785     0.036438625
     2.800000000     0.020470107     1.878591178     0.033246586
     2.810000000     0.019774229     1.892354564     0.030150562
     2.820000000     0.019406730     1.905864982     0.027210503
     2.830000000     0.019316457     1.919041129     0.024482728
     2.840000000     0.019413690     1.931755797     0.022014744
     2.850000000     0.019576364     1.943841546     0.019841193
     2.860000000     0.019667057     1.955131026     0.017981674
     2.870000000     0.019557147     1.965570513     0.016440660
     2.880000000     0.019152119     1.975356650     0.015209222
     2.890000000     0.018411402     1.984927259     0.014267899
     2.900000000     0.017357432     1.994726584     0.013589888
     2.910000000     0.016071704     2.004962609     0.013143905
     2.920000000     0.014679119     2.015587586     0.012896314
     2.930000000     0.013324951     2.026434267     0.012812479
     2.940000000     0.012150109     2.037335471     0.012857557
     2.950000000     0.011269925     2.048171506     0.012997022
     2.960000000     0.010759828     2.058872757     0.013197210
     2.970000000     0.010648875     2.069409834     0.013426033
     2.980000000     0.010920149     2.079781907     0.013653864
     2.990000000     0.011516113     2.089997634     0.013854503
     3.000000000     0.012347112     2.100049152     0.014006088
     3.010000000     0.013301929     2.109895895     0.014091800
     3.020000000     0.014260100     2.119468573     0.014100277
     3.030000000     0.015105929     2.128698987     0.014025689
     3.040000000     0.015743853     2.137580110     0.013867481
     3.050000000     0.016114075     2.146216690     0.013629872
     3.060000000     0.016206541     2.154802991     0.013321232
     3.070000000     0.016070893     2.163530434     0.012953481
     3.080000000     0.015819964     2.172516046     0.012541583
     3.090000000     0.015624822     2.181810357     0.012103145
     3.100000000     0.015700120     2.191441530     0.011658003
     3.110000000     0.016279545     2.201423491     0.011227612
     3.120000000     0.017582513     2.211725797     0.010834084
     3.130000000     0.019775039     2.222259301     0.010498852
     3.140000000     0.022929853     2.232885315     0.010241077
     3.150000000     0.026992923     2.243419258     0.010076069
     3.160000000     0.031764829     2.253620122     0.010014045
     3.170000000     0.036904801     2.263178864     0.010059470
     3.180000000     0.041962131     2.271721103     0.010211138
     3.190000000     0.046434046     2.278841903     0.010462985
     3.200000000     0.049842202     2.284245421     0.010805560
     3.210000000     0.051813864     2.288092118     0.011228028
     3.220000000     0.052150722     2.291309632     0.011720520
     3.230000000     0.050869729     2.295264245     0.012276556
     3.240000000     0.048206401     2.300932235     0.012895140
     3.250000000     0.044579799     2.308515213     0.013582001
     3.260000000     0.040527353     2.317715280     0.014349475
     3.270000000     0.036623899     2.328114381     0.015214708
     3.280000000     0.033401228     2.339339367     0.016196262
     3.290000000     0.031282048     2.351082582     0.017309657
     3.300000000     0.030537062     2.363095654     0.018562828
     3.310000000     0.031267936     2.375176566     0.019952584
     3.320000000     0.033414059     2.387131527     0.021463037
     3.330000000     0.036778068     2.398726199     0.023066506
     3.340000000     0.041064018     2.409681360     0.024726808
     3.350000000     0.045922156     2.419759723     0.026404297
     3.360000000     0.050994764     2.428919277     0.028061678
     3.370000000     0.055958165     2.437372099     0.029669563
     3.380000000     0.060556630     2.445417103     0.031210898
     3.390000000     0.064624937     2.453269304     0.032683729
     3.400000000     0.068097644     2.461129739     0.034102066
     3.410000000     0.071004811     2.469236385     0.035494843
     3.420000000     0.073455574     2.477698710     0.036903126
     3.430000000     0.075612449     2.486446892     0.038375837
     3.440000000     0.077660259     2.495433642     0.039964369
     3.450000000     0.079774224     2.504757368     0.041716684
     3.460000000     0.082091803     2.514526189     0.043671576
     3.470000000     0.084692467     2.524661620     0.045853905
     3.480000000     0.087588374     2.534861969     0.048271433
     3.490000000     0.090727171     2.544743602     0.050913681
     3.500000000     0.094005885     2.554050867     0.053752834
     3.510000000     0.097292848     2.562821880     0.056746427
     3.520000000     0.100453154     2.571378197     0.059841375
     3.530000000     0.103372931     2.580080603     0.062978891
     3.540000000     0.105978440     2.589075161     0.066099956
     3.550000000     0.108247482     2.598281228     0.069151056
     3.560000000     0.110212142     2.607576682     0.072089842
     3.570000000     0.111953156     2.616961804     0.074890185
     3.580000000     0.113587160     2.626592930     0.077545842
     3.590000000     0.115248896     2.636716522     0.080071800
     3.600000000     0.117071280     2.647519286     0.082502537
     3.610000000     0.119167047     2.658968757     0.084886966
     3.620000000     0.121615924     2.670801047     0.087280610
     3.630000000     0.124460604     2.682665218     0.089736463
     3.640000000     0.127712914     2.694298473     0.092296586
     3.650000000     0.131368919     2.705629692     0.094986575
     3.660000000     0.135429023     2.716781888     0.097814453
     3.670000000     0.139917457     2.728007087     0.100774387
     3.680000000     0.144895411     2.739565140     0.103854230
     3.690000000     0.150463602     2.751564027     0.107044720
     3.700000000     0.156752631     2.763894065     0.110347586
     3.710000000     0.163902317     2.776340940     0.113780066
     3.720000000     0.172033537     2.788751626     0.117374376
     3.730000000     0.181217432     2.801073782     0.121172122
     3.740000000     0.191447254     2.813239126     0.125215059
     3.750000000     0.202617615     2.825047544     0.129534593
     3.760000000     0.214514887     2.836203880     0.134142590
     3.770000000     0.226821142     2.846422033     0.139025626
     3.780000000     0.239132657     2.855451251     0.144143714
     3.790000000     0.250992845     2.863110865     0.149433432
     3.800000000     0.261938490     2.869474678     0.154814373
     3.810000000     0.271557013     2.875015992     0.160197248
     3.820000000     0.279550635     2.880344504     0.165491910
     3.830000000     0.285800102     2.885706489     0.170613837
     3.840000000     0.290416384     2.890886828     0.175488198
     3.850000000     0.293764936     2.895714384     0.180051231
     3.860000000     0.296446215     2.900670987     0.184249343
     3.870000000     0.299220969     2.906959983     0.188036824
     3.880000000     0.302880507     2.915884693     0.191373413
     3.890000000     0.308078977     2.927990574     0.194223006
     3.900000000     0.315161598     2.942602135     0.196554501
     3.910000000     0.324032949     2.957986377     0.198345121
     3.920000000     0.334106825     2.971839108     0.199585692
     3.930000000     0.344362057     2.981854829     0.200286496
     3.940000000     0.353500876     2.986469496     0.200481795
     3.950000000     0.360176777     2.985706461     0.200231145
     3.960000000     0.363238120     2.981583916     0.199616338
     3.970000000     0.361929711     2.977534791     0.198733941
     3.980000000     0.356008876     2.976937284     0.197684674
     3.990000000     0.345759515     2.981529603     0.196561806
     4.000000000     0.331916714     2.990823296     0.195441028
     4.010000000     0.315535188     3.002989834     0.194373824
     4.020000000     0.297840829     3.016455666     0.193385324
     4.030000000     0.280096482     3.031060723     0.192476494
     4.040000000     0.263496976     3.047966162     0.191629537
     4.050000000     0.249092872     3.068372098     0.190814966
     4.060000000     0.237733771     3.092373542     0.189998937
     4.070000000     0.230022314     3.119022617     0.189149949
     4.080000000     0.226276498     3.147042247     0.188244591
     4.090000000     0.226505527     3.175270694     0.187272406
     4.100000000     0.230408592     3.202766191     0.186239975
     4.110000000     0.237404697     3.228864426     0.185174065
     4.120000000     0.246695858     3.253254165     0.184123331
     4.130000000     0.257358317     3.275972937     0.183157884
     4.140000000     0.268449867     3.297255652     0.182366163
     4.150000000     0.279117590     3.317313228     0.181849012
     4.160000000     0.288690014     3.336275189     0.181711509
     4.170000000     0.296740300     3.354460011     0.182053694
     4.180000000     0.303111901     3.372673328     0.182961649
     4.190000000     0.307904292     3.391980574     0.184500344
     4.200000000     0.311423001     3.413101397     0.186709196
     4.210000000     0.314104107     3.436165780     0.189600603
     4.220000000     0.316427374     3.460922149     0.193161003
     4.230000000     0.318833263     3.486935073     0.197353384
     4.240000000     0.321656847     3.513706494     0.202119953
     4.250000000     0.325086929     3.540844507     0.207383792
     4.260000000     0.329152901     3.568188398     0.213048811
     4.270000000     0.333736806     3.595793587     0.218998032
     4.280000000     0.338604920     3.623815317     0.225090916
     4.290000000     0.343452055     3.652389135     0.231160941
     4.300000000     0.347952129     3.681523734     0.237014774
     4.310000000     0.351809386     3.711034575     0.242434184
     4.320000000     0.354805249     3.740723646     0.247181450
     4.330000000     0.356836310     3.770823548     0.251008541
     4.340000000     0.357939745     3.802210955     0.253669958
     4.350000000     0.358303992     3.835936223     0.254938760
     4.360000000     0.358264636     3.872473137     0.254624918
     4.370000000     0.358287574     3.911565768     0.252594675
     4.380000000     0.358942618     3.952736619     0.248788953
     4.390000000     0.360870635     3.995751514     0.243238299
     4.400000000     0.364746141     4.040745286     0.236071548
     4.410000000     0.371236017     4.088125939     0.227515671
     4.420000000     0.380954455     4.138237443     0.217885166
     4.430000000     0.394414572     4.190979758     0.207560966
     4.440000000     0.411978423     4.245691176     0.196960673
     4.450000000     0.433808788     4.301259963     0.186503658
     4.460000000     0.459828337     4.356548970     0.176575675
     4.470000000     0.489694578     4.411112499     0.167497841
     4.480000000     0.522801968     4.465481874     0.159504087
     4.490000000     0.558324184     4.520394989     0.152729743
     4.500000000     0.595306898     4.575663875     0.147212071
     4.510000000     0.632811907     4.629979331     0.142901774
     4.520000000     0.670096886     4.681793556     0.139682975
     4.530000000     0.706795413     4.730517691     0.137398122
     4.540000000     0.743047109     4.777447957     0.135873731
     4.550000000     0.779527087     4.825942188     0.134942946
     4.560000000     0.817343065     4.880207057     0.134461626
     4.570000000     0.857805750     4.942907489     0.134316085
     4.580000000     0.902122785     5.013645464     0.134422446
     4.590000000     0.951102143     5.089516633     0.134719560
     4.600000000     1.004961361     5.166399615     0.135158936
     4.610000000     1.063316255     5.240085730     0.135695620
     4.620000000     1.125370900     5.307680362     0.136283242
     4.630000000     1.190266200     5.368815234     0.136874703
     4.640000000     1.257490020     5.425732544     0.137427795
     4.650000000     1.327228532     5.482794536     0.137913259
     4.660000000     1.400556008     5.545685624     0.138322010
     4.670000000     1.479414023     5.618996826     0.138668764
     4.680000000     1.566401838     5.703152514     0.138990779
     4.690000000     1.664461552     5.794235648     0.139342270
     4.700000000     1.776570423     5.887398437     0.139786482
     4.710000000     1.905536059     5.979839949     0.140387929
     4.720000000     2.053932358     6.069875363     0.141206819
     4.730000000     2.224136486     6.154344903     0.142296472
     4.740000000     2.418361695     6.229529473     0.143703167
     4.750000000     2.638558414     6.295211345     0.145466954
     4.760000000     2.886094142     6.356010565     0.147621762
     4.770000000     3.161215083     6.417431536     0.150193801
     4.780000000     3.462407634     6.479941254     0.153198275
     4.790000000     3.785868750     6.535953387     0.156635467
     4.800000000     4.125316360     6.570885735     0.160487760
     4.810000000     4.472303848     6.566802588     0.164718964
     4.820000000     4.817061694     6.510217410     0.169276465
     4.830000000     5.149724056     6.402277901     0.174095711
     4.840000000     5.461671248     6.260514016     0.179105695
     4.850000000     5.746680149     6.108028196     0.184233956
     4.860000000     6.001636212     5.961263145     0.189410045
     4.870000000     6.226694603     5.825104788     0.194567352
     4.880000000     6.424928641     5.694840022     0.199644005
     4.890000000     6.601616543     5.562977081     0.204583987
     4.900000000     6.763362533     5.426453238     0.209339340
     4.910000000     6.917229829     5.289597679     0.213873565
     4.920000000     7.070010001     5.160536767     0.218165379
     4.930000000     7.227698398     5.043157109     0.222211374
     4.940000000     7.395206224     4.932964782     0.226026145
     4.950000000     7.576312270     4.820862659     0.229639065
     4.960000000     7.773824311     4.699392420     0.233087985
     4.970000000     7.989869796     4.564072107     0.236411136
     4.980000000     8.226175110     4.410755562     0.239639209
     4.990000000     8.484150853     4.236763020     0.242789620
     5.000000000     8.764613668     4.046287177     0.245864451
     5.010000000     9.067066127     3.849578692     0.248852627
     5.020000000     9.388615733     3.652728913     0.251735795
     5.030000000     9.722796083     3.448869887     0.254496421
     5.040000000    10.058687835     3.219859525     0.257126078
     5.050000000    10.380758098     2.945198590     0.259631742
     5.060000000    10.669711480     2.608732616     0.262038408
     5.070000000    10.904394393     2.201364372     0.264387188
     5.080000000    11.064487986     1.725370745     0.266729184
     5.090000000    11.133464323     1.198126560     0.269116436
     5.100000000    11.101157304     0.649728053     0.271591916
     5.110000000    10.965362427     0.116906115     0.274180571
     5.120000000    10.732112093    -0.365972876     0.276882995
     5.130000000    10.414601463    -0.778779476     0.279672477
     5.140000000    10.031058872    -1.121089214     0.282495438
     5.150000000     9.602069196    -1.405324579     0.285274745
     5.160000000     9.147916376    -1.645735627     0.287915231
     5.170000000     8.686418926    -1.851698464     0.290310881
     5.180000000     8.231543504    -2.026028644     0.292353195
     5.190000000     7.792869914    -2.167821549     0.293940238
     5.200000000     7.375807874    -2.278267114     0.294985644
     5.210000000     6.982361558    -2.364542797     0.295426598
     5.220000000     6.612200127    -2.437348707     0.295229752
     5.230000000     6.263800283    -2.504206456     0.294394226
     5.240000000     5.935459566    -2.565280005     0.292951311
     5.250000000     5.626026538    -2.614829680     0.290960998
     5.260000000     5.335256524    -2.645873871     0.288505878
     5.270000000     5.063779839    -2.654032332     0.285683186
     5.280000000     4.812754870    -2.639139458     0.282595822
     5.290000000     4.583350724    -2.605339051     0.279343221
     5.300000000     4.376238652    -2.560465354     0.276013047
     5.310000000     4.191252078    -2.514314715     0.272674756
     5.320000000     4.027305022    -2.474824731     0.269376083
     5.330000000     3.882562014    -2.444274642     0.266143164
     5.340000000     3.754765558    -2.419557242     0.262984381
     5.350000000     3.641582608    -2.395811392     0.259897155
     5.360000000     3.540844455    -2.368947612     0.256876125
     5.370000000     3.450615847    -2.336496852     0.253920692
     5.380000000     3.369110372    -2.299141249     0.251040038
     5.390000000     3.294534820    -2.261795757     0.248254391
     5.400000000     3.224969208    -2.231486794     0.245592350
     5.410000000     3.158364412    -2.212920539     0.243085227
     5.420000000     3.092680049    -2.205469775     0.240760186
     5.430000000     3.026118379    -2.204235455     0.238634296
     5.440000000     2.957363511    -2.203794960     0.236711323
     5.450000000     2.885726362    -2.200827361     0.234982254
     5.460000000     2.811126352    -2.194518923     0.233429422
     5.470000000     2.733897825    -2.185448508     0.232032963
     5.480000000     2.654472282    -2.173876165     0.230777656
     5.490000000     2.573035500    -2.159301791     0.229658036
     5.500000000     2.489276420    -2.141734678     0.228680255
     5.510000000     2.402325792    -2.123035322     0.227860247
     5.520000000     2.310930911    -2.107091235     0.227218978
     5.530000000     2.213841582    -2.098128449     0.226776587
     5.540000000     2.110312047    -2.096839204     0.226547587
     5.550000000     2.000576358    -2.097489191     0.226538964
     5.560000000     1.886148117    -2.090661214     0.226752020
     5.570000000     1.769835572    -2.068933861     0.227187495
     5.580000000     1.655439974    -2.029288600     0.227852358
     5.590000000     1.547195717    -1.972657520     0.228765941
     5.600000000     1.449085723    -1.903265872     0.229963173
     5.610000000     1.364200124    -1.827427571     0.231493331
     5.620000000     1.294289745    -1.751518524     0.233413823
     5.630000000     1.239605002    -1.680393027     0.235779692
     5.640000000     1.199027222    -1.617011864     0.238630369
     5.650000000     1.170420910    -1.562439186     0.241975654
     5.660000000     1.151086328    -1.515432933     0.245782859
     5.670000000     1.138184545    -1.472937592     0.249966733
     5.680000000     1.129039633    -1.432345789     0.254383437
     5.690000000     1.121280310    -1.393106644     0.258829544
     5.700000000     1.112844406    -1.355857790     0.263046937
     5.710000000     1.101913673    -1.321015338     0.266734316
     5.720000000     1.086860185    -1.289039558     0.269565685
     5.730000000     1.066267034    -1.261366801     0.271215416
     5.740000000     1.039044141    -1.239711031     0.271388244
     5.750000000     1.004611652    -1.223799679     0.269851164
     5.760000000     0.963086680    -1.209958477     0.266462933
     5.770000000     0.915397461    -1.192461074     0.261196332
     5.780000000     0.863265814    -1.166597003     0.254148878
     5.790000000     0.809037256    -1.130602364     0.245539245
     5.800000000     0.755383716    -1.085581687     0.235689175
     5.810000000     0.704940531    -1.034386160     0.224993333
     5.820000000     0.659955970    -0.980044366     0.213881894
     5.830000000     0.622024597    -0.924517714     0.202781851
     5.840000000     0.591950529    -0.868708398     0.192082980
     5.850000000     0.569752919    -0.813412668     0.182112962
     5.860000000     0.554794354    -0.759815527     0.173123976
     5.870000000     0.545990670    -0.709059522     0.165290628
     5.880000000     0.542051267    -0.661837088     0.158717106
     5.890000000     0.541701709    -0.618249693     0.153450283
     5.900000000     0.543852608    -0.577370269     0.149495340
     5.910000000     0.547696529    -0.537292237     0.146831006
     5.920000000     0.552733580    -0.496471978     0.145422425
     5.930000000     0.558741753    -0.454834654     0.145230600
     5.940000000     0.565716224    -0.413423627     0.146217968
     5.950000000     0.573800716    -0.373507763     0.148350136
     5.960000000     0.583225396    -0.335899410     0.151594053
     5.970000000     0.594253881    -0.300506858     0.155913251
     5.980000000     0.607133116    -0.266309422     0.161261142
     5.990000000     0.622038623    -0.231907849     0.167573725
     6.000000000     0.639014844    -0.196465563     0.174763267
     6.010000000     0.657922269    -0.160378957     0.182714372
     6.020000000     0.678413057    -0.125186935     0.191283419
     6.030000000     0.699958633    -0.092902518     0.200301698
     6.040000000     0.721943481    -0.065066450     0.209581916
     6.050000000     0.743821344    -0.041859436     0.218927253
     6.060000000     0.765309694    -0.021874681     0.228141984
     6.070000000     0.786582968    -0.002861216     0.237042621
     6.080000000     0.808419900     0.017138756     0.245468668
     6.090000000     0.832266056     0.039195222     0.253292082
     6.100000000     0.860186194     0.063609991     0.260424489
     6.110000000     0.894697191     0.090218500     0.266821106
     6.120000000     0.938486819     0.118467891     0.272480371
     6.130000000     0.994035536     0.147330056     0.277438591
     6.140000000     1.063169515     0.175317445     0.281759680
     6.150000000     1.146586777     0.200446003     0.285521025
     6.160000000     1.243415958     0.219988725     0.288797624
     6.170000000     1.350886450     0.230563550     0.291647325
     6.180000000     1.464201642     0.228652956     0.294100137
     6.190000000     1.576702878     0.210800793     0.296153891
     6.200000000     1.680380949     0.173551035     0.297777226
     6.210000000     1.766731542     0.114075397     0.298919297
     6.220000000     1.827869708     0.031499960     0.299524127
     6.230000000     1.857736045    -0.071514707     0.299546654
     6.240000000     1.853170964    -0.186891001     0.298967304
     6.250000000     1.814627073    -0.300648259     0.297802377
     6.260000000     1.746344173    -0.396425320     0.296108448
     6.270000000     1.655917324    -0.461912907     0.293980114
     6.280000000     1.553317809    -0.493424003     0.291541599
     6.290000000     1.449542140    -0.495411891     0.288933721
     6.300000000     1.355132868    -0.476421439     0.286298570
     6.310000000     1.278821191    -0.445197254     0.283764668
     6.320000000     1.226491894    -0.408968973     0.281435397
     6.330000000     1.200589308    -0.373419292     0.279382872
     6.340000000     1.199997847    -0.343082600     0.277648356
     6.350000000     1.220363583    -0.321678213     0.276248844
     6.360000000     1.254781385    -0.312692559     0.275187922
     6.370000000     1.294749013    -0.319995960     0.274467946
     6.380000000     1.331274085    -0.347219712     0.274100141
     6.390000000     1.356004923    -0.395451868     0.274109698
     6.400000000     1.362244794    -0.460818887     0.274534235
     6.410000000     1.345711802    -0.534019744     0.275415705
     6.420000000     1.304934710    -0.602935274     0.276787593
     6.430000000     1.241231598    -0.657462294     0.278660576
     6.440000000     1.158293797    -0.693134374     0.281010341
     6.450000000     1.061472532    -0.710612950     0.283770886
     6.460000000     0.956917875    -0.712581573     0.286835503
     6.470000000     0.850734168    -0.701725067     0.290065955
     6.480000000     0.748290861    -0.680606593     0.293308595
     6.490000000     0.653773793    -0.651768170     0.296414615
     6.500000000     0.569997958    -0.617483870     0.299260623
     6.510000000     0.498447393    -0.579629087     0.301765399
     6.520000000     0.439473347    -0.539735044     0.303899248
     6.530000000     0.392571768    -0.499076999     0.305683615
     6.540000000     0.356671304    -0.458641479     0.307180660
     6.550000000     0.330384945    -0.419004231     0.308474738
     6.560000000     0.312203292    -0.380346077     0.309649913
     6.570000000     0.300628260    -0.342697461     0.310768964
     6.580000000     0.294258940    -0.306282849     0.311859320
     6.590000000     0.291845536    -0.271693838     0.312909809
     6.600000000     0.292324452    -0.239655065     0.313879170
     6.610000000     0.294840963    -0.210465222     0.314713855
     6.620000000     0.298759416    -0.183586256     0.315369806
     6.630000000     0.303657692    -0.157864211     0.315831636
     6.640000000     0.309304073    -0.132246488     0.316123500
     6.650000000     0.315619712    -0.106335350     0.316308629
     6.660000000     0.322635644    -0.080451206     0.316478071
     6.670000000     0.330456309    -0.055419649     0.316732343
     6.680000000     0.339239380    -0.032130961     0.317161409
     6.690000000     0.349194371    -0.010866811     0.317828117
     6.700000000     0.360592292     0.008941519     0.318758408
     6.710000000     0.373769601     0.028087405     0.319939012
     6.720000000     0.389105815     0.046911441     0.321321136
     6.730000000     0.406958238     0.065317295     0.322827518
     6.740000000     0.427549584     0.083091443     0.324360371
     6.750000000     0.450822513     0.099976728     0.325808811
     6.760000000     0.476294332     0.115577346     0.327055568
     6.770000000     0.502958825     0.129300421     0.327983549
     6.780000000     0.529283740     0.140169723     0.328482783
     6.790000000     0.553337730     0.146483198     0.328457572
     6.800000000     0.573050060     0.145914357     0.327832840
     6.810000000     0.586566907     0.136747133     0.326558168
     6.820000000     0.592631385     0.119959054     0.324608307
     6.830000000     0.590893979     0.100341908     0.321979901
     6.840000000     0.582065561     0.084727016     0.318685469
     6.850000000     0.567858063     0.078254249     0.314746682
     6.860000000     0.550710038     0.082199153     0.310189275
     6.870000000     0.533350304     0.094733218     0.305041279
     6.880000000     0.518295557     0.112793142     0.299334980
     6.890000000     0.507394950     0.133303680     0.293111567
     6.900000000     0.501522171     0.153539726     0.286426458
     6.910000000     0.500478628     0.171242969     0.279353116
     6.920000000     0.503121019     0.184846697     0.271983890
     6.930000000     0.507675940     0.193559498     0.264427577
     6.940000000     0.512164525     0.197043964     0.256804606
     6.950000000     0.514839343     0.195419623     0.249241354
     6.960000000     0.514537270     0.190415341     0.241865060
     6.970000000     0.510875052     0.186094986     0.234800064
     6.980000000     0.504253575     0.186958516     0.228165218
     6.990000000     0.495683440     0.195089090     0.222071603
     7.000000000     0.486486835     0.209565209     0.216619596
     7.010000000     0.477958022     0.227858777     0.211894818
     7.020000000     0.471069710     0.247172926     0.207963283
     7.030000000     0.466294528     0.265203510     0.204866805
     7.040000000     0.463575887     0.280737925     0.202619927
     7.050000000     0.462441507     0.293751494     0.201209259
     7.060000000     0.462217713     0.304727448     0.200595217
     7.070000000     0.462281922     0.314309311     0.200715260
     7.080000000     0.462288059     0.323746550     0.201487158
     7.090000000     0.462312752     0.334758775     0.202810988
     7.100000000     0.462893239     0.348492053     0.204569404
     7.110000000     0.464953986     0.365093939     0.206626884
     7.120000000     0.469642120     0.384311097     0.208829685
     7.130000000     0.478108326     0.405917831     0.211008625
     7.140000000     0.491278324     0.429421852     0.212986243
     7.150000000     0.509660480     0.453681031     0.214588617
     7.160000000     0.533228246     0.476981040     0.215660439
     7.170000000     0.561403014     0.497469887     0.216080557
     7.180000000     0.593145022     0.513669757     0.215774611
     7.190000000     0.627139569     0.524815757     0.214721845
     7.200000000     0.662046015     0.530857592     0.212954598
     7.210000000     0.696761875     0.532388681     0.210550785
     7.220000000     0.730647371     0.530817316     0.207621336
     7.230000000     0.763659861     0.528235552     0.204295485
     7.240000000     0.796363054     0.526523799     0.200706679
     7.250000000     0.829800875     0.526640414     0.196981048
     7.260000000     0.865255832     0.528829243     0.193229056
     7.270000000     0.903940018     0.532890791     0.189539922
     7.280000000     0.946686635     0.537860097     0.185977899
     7.290000000     0.993714707     0.541735879     0.182579719
     7.300000000     1.044526598     0.541766523     0.179353213
     7.310000000     1.097968426     0.534920216     0.176277820
     7.320000000     1.152444185     0.518658088     0.173308021
     7.330000000     1.206235759     0.492479982     0.170380412
     7.340000000     1.257854156     0.458863302     0.167424235
     7.350000000     1.306340142     0.421804796     0.164374068
     7.360000000     1.351446305     0.384372247     0.161182504
     7.370000000     1.393661720     0.348051981     0.157830322
     7.380000000     1.434074393     0.313469518     0.154332111
     7.390000000     1.474095452     0.280204684     0.150736258
     7.400000000     1.515087214     0.246116564     0.147119457
     7.410000000     1.557946430     0.208191122     0.143576961
     7.420000000     1.602699960     0.164917129     0.140210489
     7.430000000     1.648177779     0.117642791     0.137115912
     7.440000000     1.691836159     0.068459920     0.134372647
     7.450000000     1.729803029     0.016335813     0.132036250
     7.460000000     1.757195820    -0.044224198     0.130135183
     7.470000000     1.768712655    -0.120561609     0.128672056
     7.480000000     1.759426875    -0.216779846     0.127629027
     7.490000000     1.725643457    -0.329162948     0.126976289
     7.500000000     1.665632274    -0.445670694     0.126681925
     7.510000000     1.580060620    -0.550769097     0.126720944
     7.520000000     1.472011201    -0.632690152     0.127081259
     7.530000000     1.346574785    -0.687795841     0.127764874
     7.540000000     1.210114850    -0.719407885     0.128783573
     7.550000000     1.069378535    -0.733497300     0.130149715
     7.560000000     0.930650117    -0.735055488     0.131864062
     7.570000000     0.799108025    -0.727023403     0.133903442
     7.580000000     0.678472357    -0.711225206     0.136211276
     7.590000000     0.570946133    -0.689374345     0.138693442
     7.600000000     0.477387014    -0.663166517     0.141220879
     7.610000000     0.397612595    -0.634010338     0.143638830
     7.620000000     0.330742602    -0.602961330     0.145781321
     7.630000000     0.275505486    -0.570788238     0.147488363
     7.640000000     0.230470645    -0.538071084     0.148622941
     7.650000000     0.194198423    -0.505335037     0.149084998
     7.660000000     0.165320913    -0.473104377     0.148820373
     7.670000000     0.142575901    -0.441848336     0.147823799
     7.680000000     0.124816251    -0.411925299     0.146136306
     7.690000000     0.111011410    -0.383577337     0.143838378
     7.700000000     0.100250211    -0.356942728     0.141040697
     7.710000000     0.091747282    -0.332048231     0.137874207
     7.720000000     0.084850670    -0.308773309     0.134480628
     7.730000000     0.079046256    -0.286834132     0.131003788
     7.740000000     0.073954891    -0.265866938     0.127581549
     7.750000000     0.069320273    -0.245590429     0.124337983
     7.760000000     0.064988349    -0.225906303     0.121375692
     7.770000000     0.060881448    -0.206836589     0.118768746
     7.780000000     0.056971658    -0.188389278     0.116557123
     7.790000000     0.053257817    -0.170532035     0.114743662
     7.800000000     0.049749123    -0.153265580     0.113294313
     7.810000000     0.046456265    -0.136627278     0.112141936
     7.820000000     0.043388972    -0.120594160     0.111193407
     7.830000000     0.040557557    -0.105039766     0.110339375
     7.840000000     0.037975612    -0.089825215     0.109465792
     7.850000000     0.035661586    -0.074896271     0.108466194
     7.860000000     0.033638046    -0.060267182     0.107253513
     7.870000000     0.031928604    -0.045956458     0.105769963
     7.880000000     0.030553329    -0.031973926     0.103993426
     7.890000000     0.029523859    -0.018346931     0.101938866
     7.900000000     0.028839248    -0.005117753     0.099653956
     7.910000000     0.028483202     0.007696913     0.097209098
     7.920000000     0.028422871     0.020117206     0.094683367
     7.930000000     0.028609042     0.032151916     0.092148999
     7.940000000     0.028977500     0.043763212     0.089657698
     7.950000000     0.029451425     0.054907182     0.087231788
     7.960000000     0.029944882     0.065597872     0.084862167
     7.970000000     0.030367581     0.075893564     0.082513370
     7.980000000     0.030631041     0.085825481     0.080134281
     7.990000000     0.030655979     0.095389073     0.077671665
     8.000000000     0.030380298     0.104597903     0.075083122
     8.010000000     0.029766555     0.113510780     0.072346518
     8.020000000     0.028807447     0.122226158     0.069464059
     8.030000000     0.027527914     0.130874750     0.066460777
     8.040000000     0.025982928     0.139598709     0.063378583
     8.050000000     0.024250929     0.148504786     0.060267950
     8.060000000     0.022423835     0.157624823     0.057179508
     8.070000000     0.020595411     0.166918883     0.054157407
     8.080000000     0.018850146     0.176308104     0.051235503
     8.090000000     0.017254572     0.185709533     0.048436509
     8.100000000     0.015852275     0.195067616     0.045773511
     8.110000000     0.014662895     0.204371084     0.043252810
     8.120000000     0.013684511     0.213630289     0.040876943
     8.130000000     0.012898259     0.222840333     0.038646937
     8.140000000     0.012273836     0.231981059     0.036563258
     8.150000000     0.011774792     0.241044179     0.034625421
     8.160000000     0.011362930     0.250044869     0.032830650
     8.170000000     0.011001599     0.259007658     0.031172304
     8.180000000     0.010658025     0.267951267     0.029638829
     8.190000000     0.010304964     0.276883547     0.028213794
     8.200000000     0.009921918     0.285805384     0.026877229
     8.210000000     0.009496019     0.294728022     0.025607985
     8.220000000     0.009022483     0.303687176     0.024386540
     8.230000000     0.008504461     0.312735320     0.023197437
     8.240000000     0.007952109     0.321920932     0.022030716
     8.250000000     0.007380840     0.331272674     0.020881936
     8.260000000     0.006808928     0.340800135     0.019750873
     8.270000000     0.006254777     0.350506693     0.018639315
     8.280000000     0.005734320     0.360399976     0.017548662
     8.290000000     0.005258954     0.370493155     0.016478046
     8.300000000     0.004834330     0.380799330     0.015423481
     8.310000000     0.004460114     0.391329524     0.014378265
     8.320000000     0.004130696     0.402100461     0.013334498
     8.330000000     0.003836630     0.413141930     0.012285263
     8.340000000     0.003566545     0.424493652     0.011226932
     8.350000000     0.003309241     0.436198290     0.010160979
     8.360000000     0.003055719     0.448300247     0.009094874
     8.370000000     0.002801087     0.460849845     0.008041784
     8.380000000     0.002546537     0.473911145     0.007019116
     8.390000000     0.002302146     0.487566828     0.006046150
     8.400000000     0.002092061     0.501908596     0.005141247
     8.410000000     0.001964881     0.517022301     0.004319215
     8.420000000     0.002013666     0.532987291     0.003589389
     8.430000000     0.002411753     0.549887993     0.002954813
     8.440000000     0.003471839     0.567825372     0.002412627
     8.450000000     0.005735293     0.586923042     0.001955454
     8.460000000     0.010094556     0.607325884     0.001573363
     8.470000000     0.017941673     0.629190738     0.001255857
     8.480000000     0.031319083     0.652674071     0.000993444
     8.490000000     0.053025996     0.677918503     0.000778522
     8.500000000     0.086610202     0.705029826     0.000605535
     8.510000000     0.136161555     0.734030694     0.000470584
     8.520000000     0.205833318     0.764772471     0.000370723
     8.530000000     0.299063685     0.796774443     0.000303212
     8.540000000     0.417555013     0.828936809     0.000264893
     8.550000000     0.560179054     0.859041017     0.000251789
     8.560000000     0.722079503     0.882921544     0.000258943
     8.570000000     0.894292396     0.893234237     0.000280497
     8.580000000     1.064158404     0.878077868     0.000309989
     8.590000000     1.216643162     0.820823285     0.000340831
     8.600000000     1.336439693     0.704584479     0.000366925
     8.610000000     1.410471208     0.525016417     0.000383296
     8.620000000     1.430235499     0.305555897     0.000386651
     8.630000000     1.393410973     0.093841879     0.000375708
     8.640000000     1.304305071    -0.067596499     0.000351215
     8.650000000     1.173025335    -0.164732632     0.000315654
     8.660000000     1.013593550    -0.207535394     0.000272659
     8.670000000     0.841489135    -0.213754323     0.000226324
     8.680000000     0.671214628    -0.198749670     0.000180512
     8.690000000     0.514401866    -0.172917732     0.000138334
     8.700000000     0.378766778    -0.142484967     0.000101856
     8.710000000     0.267959677    -0.110913280     0.000072058
     8.720000000     0.182135764    -0.080011138     0.000048978
     8.730000000     0.118945835    -0.050649086     0.000031986
     8.740000000     0.074633098    -0.023183130     0.000020070
     8.750000000     0.044992686     0.002304438     0.000012099
     8.760000000     0.026060371     0.025870816     0.000007008
     8.770000000     0.014502654     0.047638919     0.000003900
     8.780000000     0.007754300     0.067757428     0.000002085
     8.790000000     0.003983510     0.086379675     0.000001071
     8.800000000     0.001966154     0.103652963     0.000000529
     8.810000000     0.000932389     0.119713629     0.000000251
     8.820000000     0.000424820     0.134685227     0.000000114
     8.830000000     0.000185969     0.148678361     0.000000050
     8.840000000     0.000078218     0.161791344     0.000000021
     8.850000000     0.000031608     0.174111230     0.000000008
     8.860000000     0.000012272     0.185714967     0.000000003
     8.870000000     0.000004578     0.196670553     0.000000001
     8.880000000     0.000001641     0.207038108     0.000000000
     8.890000000     0.000000565     0.216870853     0.000000000
     8.900000000     0.000000187     0.226215981     0.000000000
     8.910000000     0.000000059     0.235115418     0.000000000
     8.920000000     0.000000018     0.243606493     0.000000000
     8.930000000     0.000000005     0.251722514     0.000000000
     8.940000000     0.000000002     0.259493271     0.000000000
     8.950000000     0.000000000     0.266945468     0.000000000
     8.960000000     0.000000000     0.274103100     0.000000000
     8.970000000     0.000000000     0.280987775     0.000000000
     8.980000000     0.000000000     0.287619000     0.000000000
     8.990000000     0.000000000     0.294014420     0.000000000
     9.000000000     0.000000000     0.300190033     0.000000000
     9.010000000     0.000000000     0.306160372     0.000000000
     9.020000000     0.000000000     0.311938672     0.000000000
     9.030000000     0.000000000     0.317537004     0.000000000
     9.040000000     0.000000000     0.322966403     0.000000000
     9.050000000     0.000000000     0.328236974     0.000000000
     9.060000000     0.000000000     0.333357988     0.000000000
     9.070000000     0.000000000     0.338337966     0.000000000
     9.080000000     0.000000000     0.343184756     0.000000000
     9.090000000     0.000000000     0.347905591     0.000000000
     9.100000000     0.000000000     0.352507158     0.000000000
     9.110000000     0.000000000     0.356995639     0.000000000
     9.120000000     0.000000000     0.361376767     0.000000000
     9.130000000     0.000000000     0.365655859     0.000000000
     9.140000000     0.000000000     0.369837858     0.000000000
     9.150000000     0.000000000     0.373927363     0.000000000
     9.160000000     0.000000000     0.377928661     0.000000000
     9.170000000     0.000000000     0.381845752     0.000000000
     9.180000000     0.000000000     0.385682374     0.000000000
     9.190000000     0.000000000     0.389442022     0.000000000
     9.200000000     0.000000000     0.393127972     0.000000000
     9.210000000     0.000000000     0.396743295     0.000000000
     9.220000000     0.000000000     0.400290872     0.000000000
     9.230000000     0.000000000     0.403773415     0.000000000
     9.240000000     0.000000000     0.407193470     0.000000000
     9.250000000     0.000000000     0.410553441     0.000000000
     9.260000000     0.000000000     0.413855589     0.000000000
     9.270000000     0.000000000     0.417102052     0.000000000
     9.280000000     0.000000000     0.420294847     0.000000000
     9.290000000     0.000000000     0.423435883     0.000000000
     9.300000000     0.000000000     0.426526964     0.000000000
     9.310000000     0.000000000     0.429569803     0.000000000
     9.320000000     0.000000000     0.432566020     0.000000000
     9.330000000     0.000000000     0.435517156     0.000000000
     9.340000000     0.000000000     0.438424671     0.000000000
     9.350000000     0.000000000     0.441289955     0.000000000
     9.360000000     0.000000000     0.444114329     0.000000000
     9.370000000     0.000000000     0.446899052     0.000000000
     9.380000000     0.000000000     0.449645322     0.000000000
     9.390000000     0.000000000     0.452354283     0.000000000
     9.400000000     0.000000000     0.455027025     0.000000000
     9.410000000     0.000000000     0.457664589     0.000000000
     9.420000000     0.000000000     0.460267971     0.000000000
     9.430000000     0.000000000     0.462838123     0.000000000
     9.440000000     0.000000000     0.465375954     0.000000000
     9.450000000     0.000000000     0.467882338     0.000000000
     9.460000000     0.000000000     0.470358111     0.000000000
     9.470000000     0.000000000     0.472804073     0.000000000
     9.480000000     0.000000000     0.475220995     0.000000001
     9.490000000     0.000000001     0.477609614     0.000000002
     9.500000000     0.000000002     0.479970643     0.000000005
     9.510000000     0.000000005     0.482304763     0.000000012
     9.520000000     0.000000011     0.484612633     0.000000029
     9.530000000     0.000000027     0.486894886     0.000000068
     9.540000000     0.000000060     0.489152134     0.000000152
     9.550000000     0.000000131     0.491384967     0.000000329
     9.560000000     0.000000271     0.493593954     0.000000684
     9.570000000     0.000000542     0.495779646     0.000001366
     9.580000000     0.000001040     0.497942577     0.000002621
     9.590000000     0.000001918     0.500083261     0.000004832
     9.600000000     0.000003398     0.502202198     0.000008560
     9.610000000     0.000005783     0.504299867     0.000014568
     9.620000000     0.000009457     0.506376730     0.000023822
     9.630000000     0.000014858     0.508433221     0.000037427
     9.640000000     0.000022427     0.510469744     0.000056495
     9.650000000     0.000032526     0.512486650     0.000081934
     9.660000000     0.000045323     0.514484210     0.000114170
     9.670000000     0.000060678     0.516462558     0.000152850
     9.680000000     0.000078050     0.518421602     0.000196610
     9.690000000     0.000096459     0.520360892     0.000242983
     9.700000000     0.000114536     0.522279473     0.000288518
     9.710000000     0.000130668     0.524175885     0.000329154
     9.720000000     0.000143226     0.526048676     0.000360789
     9.730000000     0.000150836     0.527897824     0.000379959
     9.740000000     0.000152622     0.529726311     0.000384456
     9.750000000     0.000148373     0.531539583     0.000373754
     9.760000000     0.000138587     0.533342345     0.000349103
     9.770000000     0.000124371     0.535136199     0.000313292
     9.780000000     0.000107236     0.536920264     0.000270130
     9.790000000     0.000088837     0.538692906     0.000223782
     9.800000000     0.000070709     0.540452766     0.000178117
     9.810000000     0.000054073     0.542199012     0.000136211
     9.820000000     0.000039730     0.543931241     0.000100080
     9.830000000     0.000028047     0.545649332     0.000070650
     9.840000000     0.000019023     0.547353329     0.000047919
     9.850000000     0.000012396     0.549043366     0.000031227
     9.860000000     0.000007762     0.550719625     0.000019551
     9.870000000     0.000004669     0.552382310     0.000011761
     9.880000000     0.000002699     0.554031636     0.000006798
     9.890000000     0.000001499     0.555667816     0.000003775
     9.900000000     0.000000800     0.557291064     0.000002014
     9.910000000     0.000000410     0.558901587     0.000001032
     9.920000000     0.000000202     0.560499587     0.000000508
     9.930000000     0.000000096     0.562085263     0.000000241
     9.940000000     0.000000043     0.563658804     0.000000109
     9.950000000     0.000000019     0.565220397     0.000000048
     9.960000000     0.000000008     0.566770222     0.000000020
     9.970000000     0.000000003     0.568308452     0.000000008
     9.980000000     0.000000001     0.569835259     0.000000003
     9.990000000     0.000000000     0.571350808     0.000000001
    10.000000000     0.000000000     0.572855259     0.000000000
    10.010000000     0.000000000     0.574348770     0.000000000
    10.020000000     0.000000000     0.575831493     0.000000000
    10.030000000     0.000000000     0.577303577     0.000000000
    10.040000000     0.000000000     0.578765167     0.000000000
    10.050000000     0.000000000     0.580216404     0.000000000
    10.060000000     0.000000000     0.581657428     0.000000000
    10.070000000     0.000000000     0.583088374     0.000000000
    10.080000000     0.000000000     0.584509373     0.000000000
    10.090000000     0.000000000     0.585920555     0.000000000
    10.100000000     0.000000000     0.587322045     0.000000000
    10.110000000     0.000000000     0.588713968     0.000000000
    10.120000000     0.000000000     0.590096445     0.000000000
    10.130000000     0.000000000     0.591469593     0.000000000
    10.140000000     0.000000000     0.592833529     0.000000000
    10.150000000     0.000000000     0.594188365     0.000000000
    10.160000000     0.000000000     0.595534214     0.000000000
    10.170000000     0.000000000     0.596871184     0.000000000
    10.180000000     0.000000000     0.598199381     0.000000000
    10.190000000     0.000000000     0.599518910     0.000000000
    10.200000000     0.000000000     0.600829874     0.000000000
    10.210000000     0.000000000     0.602132373     0.000000000
    10.220000000     0.000000000     0.603426506     0.000000000
    10.230000000     0.000000000     0.604712369     0.000000000
    10.240000000     0.000000000     0.605990058     0.000000000
    10.250000000     0.000000000     0.607259665     0.000000000
    10.260000000     0.000000000     0.608521282     0.000000000
    10.270000000     0.000000000     0.609774999     0.000000000
    10.280000000     0.000000000     0.611020903     0.000000000
    10.290000000     0.000000000     0.612259082     0.000000000
    10.300000000     0.000000000     0.613489620     0.000000000
    10.310000000     0.000000000     0.614712601     0.000000000
    10.320000000     0.000000000     0.615928106     0.000000000
    10.330000000     0.000000000     0.617136216     0.000000000
    10.340000000     0.000000000     0.618337011     0.000000000
    10.350000000     0.000000000     0.619530568     0.000000000
    10.360000000     0.000000000     0.620716964     0.000000000
    10.370000000     0.000000000     0.621896273     0.000000000
    10.380000000     0.000000000     0.623068570     0.000000000
    10.390000000     0.000000000     0.624233928     0.000000000
    10.400000000     0.000000000     0.625392418     0.000000000
    10.410000000     0.000000000     0.626544110     0.000000000
    10.420000000     0.000000000     0.627689073     0.000000000
    10.430000000     0.000000000     0.628827376     0.000000000
    10.440000000     0.000000000     0.629959086     0.000000000
    10.450000000     0.000000000     0.631084268     0.000000000
    10.460000000     0.000000000     0.632202987     0.000000000
    10.470000000     0.000000000     0.633315308     0.000000000
    10.480000000     0.000000000     0.634421292     0.000000000
    10.490000000     0.000000000     0.635521002     0.000000000
    10.500000000     0.000000000     0.636614499     0.000000000
    10.510000000     0.000000000     0.637701843     0.000000000
    10.520000000     0.000000000     0.638783092     0.000000000
    10.530000000     0.000000000     0.639858306     0.000000000
    10.540000000     0.000000000     0.640927541     0.000000000
    10.550000000     0.000000000     0.641990854     0.000000000
    10.560000000     0.000000000     0.643048300     0.000000000
    10.570000000     0.000000000     0.644099934     0.000000000
    10.580000000     0.000000000     0.645145811     0.000000000
    10.590000000     0.000000000     0.646185983     0.000000000
    10.600000000     0.000000000     0.647220504     0.000000000
    10.610000000     0.000000000     0.648249423     0.000000000
    10.620000000     0.000000000     0.649272794     0.000000000
    10.630000000     0.000000000     0.650290665     0.000000000
    10.640000000     0.000000000     0.651303087     0.000000000
    10.650000000     0.000000000     0.652310109     0.000000000
    10.660000000     0.000000000     0.653311777     0.000000000
    10.670000000     0.000000000     0.654308141     0.000000000
    10.680000000     0.000000000     0.655299247     0.000000000
    10.690000000     0.000000000     0.656285140     0.000000000
    10.700000000     0.000000000     0.657265868     0.000000000
    10.710000000     0.000000000     0.658241473     0.000000000
    10.720000000     0.000000000     0.659212002     0.000000000
    10.730000000     0.000000000     0.660177498     0.000000000
    10.740000000     0.000000000     0.661138004     0.000000000
    10.750000000     0.000000000     0.662093562     0.000000000
    10.760000000     0.000000000     0.663044215     0.000000000
    10.770000000     0.000000000     0.663990005     0.000000000
    10.780000000     0.000000000     0.664930971     0.000000000
    10.790000000     0.000000000     0.665867155     0.000000000
    10.800000000     0.000000000     0.666798597     0.000000000
    10.810000000     0.000000000     0.667725335     0.000000000
    10.820000000     0.000000000     0.668647410     0.000000000
    10.830000000     0.000000000     0.669564859     0.000000000
    10.840000000     0.000000000     0.670477720     0.000000000
    10.850000000     0.000000000     0.671386031     0.000000000
    10.860000000     0.000000000     0.672289829     0.000000000
    10.870000000     0.000000000     0.673189151     0.000000000
    10.880000000     0.000000000     0.674084031     0.000000000
    10.890000000     0.000000000     0.674974507     0.000000000
    10.900000000     0.000000000     0.675860614     0.000000000
    10.910000000     0.000000000     0.676742385     0.000000000
    10.920000000     0.000000000     0.677619856     0.000000000
    10.930000000     0.000000000     0.678493060     0.000000000
    10.940000000     0.000000000     0.679362032     0.000000000
    10.950000000     0.000000000     0.680226804     0.000000000
    10.960000000     0.000000000     0.681087408     0.000000000
    10.970000000     0.000000000     0.681943879     0.000000000
    10.980000000     0.000000000     0.682796246     0.000000000
    10.990000000     0.000000000     0.683644543     0.000000000
    11.000000000     0.000000000     0.684488800     0.000000000
