 # Column 1: omega
 # Column 2: eps2(omega)
 # Column 3: eps1(omega)
 # Column 4: JDOS(omega)
     0.000000000     0.000000000     2.137204307     0.000000000
     0.010000000     0.000000000     2.137213789     0.000000000
     0.020000000     0.000000000     2.137242235     0.000000000
     0.030000000     0.000000000     2.137289653     0.000000000
     0.040000000     0.000000000     2.137356053     0.000000000
     0.050000000     0.000000000     2.137441449     0.000000000
     0.060000000     0.000000000     2.137545860     0.000000000
     0.070000000     0.000000000     2.137669309     0.000000000
     0.080000000     0.000000000     2.137811823     0.000000000
     0.090000000     0.000000000     2.137973435     0.000000000
     0.100000000     0.000000000     2.138154179     0.000000000
     0.110000000     0.000000000     2.138354095     0.000000000
     0.120000000     0.000000000     2.138573228     0.000000000
     0.130000000     0.000000000     2.138811628     0.000000000
     0.140000000     0.000000000     2.139069345     0.000000000
     0.150000000     0.000000000     2.139346440     0.000000000
     0.160000000     0.000000000     2.139642972     0.000000000
     0.170000000     0.000000000     2.139959009     0.000000000
     0.180000000     0.000000000     2.140294623     0.000000000
     0.190000000     0.000000000     2.140649888     0.000000000
     0.200000000     0.000000000     2.141024886     0.000000000
     0.210000000     0.000000000     2.141419701     0.000000000
     0.220000000     0.000000000     2.141834423     0.000000000
     0.230000000     0.000000000     2.142269148     0.000000000
     0.240000000     0.000000000     2.142723975     0.000000000
     0.250000000     0.000000000     2.143199010     0.000000000
     0.260000000     0.000000000     2.143694362     0.000000000
     0.270000000     0.000000000     2.144210147     0.000000000
     0.280000000     0.000000000     2.144746485     0.000000000
     0.290000000     0.000000000     2.145303503     0.000000000
     0.300000000     0.000000000     2.145881332     0.000000000
     0.310000000     0.000000000     2.146480109     0.000000000
     0.320000000     0.000000000     2.147099977     0.000000000
     0.330000000     0.000000000     2.147741085     0.000000000
     0.340000000     0.000000000     2.148403588     0.000000000
     0.350000000     0.000000000     2.149087647     0.000000000
     0.360000000     0.000000000     2.149793429     0.000000000
     0.370000000     0.000000000     2.150521107     0.000000000
     0.380000000     0.000000000     2.151270862     0.000000000
     0.390000000     0.000000000     2.152042881     0.000000000
     0.400000000     0.000000000     2.152837357     0.000000000
     0.410000000     0.000000000     2.153654491     0.000000000
     0.420000000     0.000000000     2.154494492     0.000000000
     0.430000000     0.000000000     2.155357575     0.000000000
     0.440000000     0.000000000     2.156243962     0.000000000
     0.450000000     0.000000000     2.157153885     0.000000000
     0.460000000     0.000000000     2.158087584     0.000000000
     0.470000000     0.000000000     2.159045305     0.000000000
     0.480000000     0.000000000     2.160027304     0.000000000
     0.490000000     0.000000000     2.161033846     0.000000000
     0.500000000     0.000000000     2.162065204     0.000000000
     0.510000000     0.000000000     2.163121663     0.000000000
     0.520000000     0.000000000     2.164203513     0.000000000
     0.530000000     0.000000000     2.165311059     0.000000000
     0.540000000     0.000000000     2.166444612     0.000000000
     0.550000000     0.000000000     2.167604496     0.000000000
     0.560000000     0.000000000     2.168791045     0.000000000
     0.570000000     0.000000000     2.170004605     0.000000000
     0.580000000     0.000000000     2.171245532     0.000000000
     0.590000000     0.000000000     2.172514196     0.000000000
     0.600000000     0.000000000     2.173810978     0.000000000
     0.610000000     0.000000000     2.175136272     0.000000000
     0.620000000     0.000000000     2.176490487     0.000000000
     0.630000000     0.000000000     2.177874044     0.000000000
     0.640000000     0.000000000     2.179287378     0.000000000
     0.650000000     0.000000000     2.180730940     0.000000000
     0.660000000     0.000000000     2.182205196     0.000000000
     0.670000000     0.000000000     2.183710629     0.000000000
     0.680000000     0.000000000     2.185247736     0.000000000
     0.690000000     0.000000000     2.186817033     0.000000000
     0.700000000     0.000000000     2.188419053     0.000000000
     0.710000000     0.000000000     2.190054349     0.000000000
     0.720000000     0.000000000     2.191723493     0.000000000
     0.730000000     0.000000000     2.193427074     0.000000000
     0.740000000     0.000000000     2.195165707     0.000000000
     0.750000000     0.000000000     2.196940024     0.000000000
     0.760000000     0.000000000     2.198750682     0.000000000
     0.770000000     0.000000000     2.200598362     0.000000000
     0.780000000     0.000000000     2.202483769     0.000000000
     0.790000000     0.000000000     2.204407632     0.000000000
     0.800000000     0.000000000     2.206370710     0.000000000
     0.810000000     0.000000000     2.208373787     0.000000000
     0.820000000     0.000000000     2.210417678     0.000000000
     0.830000000     0.000000000     2.212503228     0.000000000
     0.840000000     0.000000000     2.214631313     0.000000000
     0.850000000     0.000000000     2.216802845     0.000000000
     0.860000000     0.000000000     2.219018767     0.000000000
     0.870000000     0.000000000     2.221280061     0.000000000
     0.880000000     0.000000000     2.223587749     0.000000000
     0.890000000     0.000000000     2.225942888     0.000000000
     0.900000000     0.000000000     2.228346583     0.000000000
     0.910000000     0.000000000     2.230799978     0.000000000
     0.920000000     0.000000000     2.233304268     0.000000000
     0.930000000     0.000000000     2.235860692     0.000000000
     0.940000000     0.000000000     2.238470545     0.000000000
     0.950000000     0.000000000     2.241135171     0.000000000
     0.960000000     0.000000000     2.243855975     0.000000000
     0.970000000     0.000000000     2.246634419     0.000000000
     0.980000000     0.000000000     2.249472028     0.000000000
     0.990000000     0.000000000     2.252370395     0.000000000
     1.000000000     0.000000000     2.255331180     0.000000000
     1.010000000     0.000000000     2.258356118     0.000000000
     1.020000000     0.000000000     2.261447024     0.000000000
     1.030000000     0.000000000     2.264605792     0.000000000
     1.040000000     0.000000000     2.267834404     0.000000000
     1.050000000     0.000000000     2.271134935     0.000000000
     1.060000000     0.000000000     2.274509556     0.000000000
     1.070000000     0.000000000     2.277960542     0.000000000
     1.080000000     0.000000000     2.281490279     0.000000000
     1.090000000     0.000000000     2.285101267     0.000000000
     1.100000000     0.000000000     2.288796130     0.000000000
     1.110000000     0.000000000     2.292577623     0.000000000
     1.120000000     0.000000000     2.296448643     0.000000000
     1.130000000     0.000000000     2.300412232     0.000000000
     1.140000000     0.000000000     2.304471593     0.000000000
     1.150000000     0.000000000     2.308630097     0.000000000
     1.160000000     0.000000000     2.312891295     0.000000000
     1.170000000     0.000000000     2.317258932     0.000000000
     1.180000000     0.000000000     2.321736957     0.000000000
     1.190000000     0.000000000     2.326329540     0.000000000
     1.200000000     0.000000000     2.331041088     0.000000000
     1.210000000     0.000000000     2.335876261     0.000000000
     1.220000000     0.000000000     2.340839992     0.000000000
     1.230000000     0.000000000     2.345937504     0.000000000
     1.240000000     0.000000000     2.351174335     0.000000000
     1.250000000     0.000000000     2.356556364     0.000000000
     1.260000000     0.000000000     2.362089832     0.000000000
     1.270000000     0.000000000     2.367781377     0.000000000
     1.280000000     0.000000000     2.373638062     0.000000000
     1.290000000     0.000000000     2.379667410     0.000000000
     1.300000000     0.000000000     2.385877446     0.000000000
     1.310000000     0.000000000     2.392276736     0.000000000
     1.320000000     0.000000000     2.398874434     0.000000000
     1.330000000     0.000000000     2.405680338     0.000000000
     1.340000000     0.000000000     2.412704940     0.000000000
     1.350000000     0.000000000     2.419959498     0.000000000
     1.360000000     0.000000000     2.427456100     0.000000000
     1.370000000     0.000000000     2.435207746     0.000000000
     1.380000000     0.000000000     2.443228437     0.000000000
     1.390000000     0.000000000     2.451533267     0.000000000
     1.400000000     0.000000000     2.460138542     0.000000000
     1.410000000     0.000000000     2.469061892     0.000000000
     1.420000000     0.000000001     2.478322419     0.000000001
     1.430000000     0.000000004     2.487940848     0.000000002
     1.440000000     0.000000009     2.497939701     0.000000005
     1.450000000     0.000000024     2.508343497     0.000000013
     1.460000000     0.000000058     2.519178980     0.000000033
     1.470000000     0.000000137     2.530475366     0.000000077
     1.480000000     0.000000309     2.542264639     0.000000174
     1.490000000     0.000000670     2.554581882     0.000000377
     1.500000000     0.000001399     2.567465647     0.000000788
     1.510000000     0.000002808     2.580958395     0.000001581
     1.520000000     0.000005421     2.595106984     0.000003054
     1.530000000     0.000010072     2.609963235     0.000005677
     1.540000000     0.000018010     2.625584587     0.000010154
     1.550000000     0.000031013     2.642034838     0.000017481
     1.560000000     0.000051456     2.659384998     0.000028974
     1.570000000     0.000082351     2.677714266     0.000046243
     1.580000000     0.000127362     2.697111130     0.000071086
     1.590000000     0.000190968     2.717674610     0.000105274
     1.600000000     0.000279195     2.739515613     0.000150234
     1.610000000     0.000401875     2.762758392     0.000206649
     1.620000000     0.000578321     2.787542039     0.000274051
     1.630000000     0.000849861     2.814021972     0.000350487
     1.640000000     0.001304954     2.842371533     0.000432382
     1.650000000     0.002125647     2.872784343     0.000514675
     1.660000000     0.003667393     2.905478997     0.000591279
     1.670000000     0.006586248     2.940707262     0.000655833
     1.680000000     0.012025720     2.978761464     0.000702649
     1.690000000     0.021866172     3.019970613     0.000727680
     1.700000000     0.039018820     3.064684696     0.000729343
     1.710000000     0.067712124     3.113259112     0.000709017
     1.720000000     0.113674118     3.166031754     0.000671128
     1.730000000     0.184071946     3.223264220     0.000622797
     1.740000000     0.287050697     3.285028414     0.000573121
     1.750000000     0.430743843     3.351013860     0.000532199
     1.760000000     0.621727907     3.420186087     0.000510075
     1.770000000     0.863064709     3.490172014     0.000515723
     1.780000000     1.152282535     3.556189759     0.000556222
     1.790000000     1.479824553     3.609300508     0.000636207
     1.800000000     1.828552169     3.633908501     0.000757661
     1.810000000     2.174762397     3.605291895     0.000920108
     1.820000000     2.490848546     3.490472622     0.001121173
     1.830000000     2.749271979     3.259670490     0.001357478
     1.840000000     2.927063698     2.913214935     0.001625759
     1.850000000     3.009808397     2.505565586     0.001924050
     1.860000000     2.994105904     2.125987628     0.002252763
     1.870000000     2.887872962     1.841187450     0.002615520
     1.880000000     2.708432354     1.664893149     0.003019608
     1.890000000     2.478937361     1.574229892     0.003475992
     1.900000000     2.224090573     1.535318198     0.003998834
     1.910000000     1.966208169     1.517972555     0.004604489
     1.920000000     1.722451887     1.503574039     0.005309973
     1.930000000     1.503616497     1.488223377     0.006130956
     1.940000000     1.314393773     1.478029119     0.007079440
     1.950000000     1.154689117     1.478367577     0.008161386
     1.960000000     1.021423347     1.487464019     0.009374650
     1.970000000     0.910300270     1.499547585     0.010707607
     1.980000000     0.817188154     1.511027210     0.012138710
     1.990000000     0.738960845     1.522881463     0.013637122
     2.000000000     0.673804803     1.538730390     0.015164373
     2.010000000     0.621094243     1.561352509     0.016676903
     2.020000000     0.580974675     1.590851711     0.018129357
     2.030000000     0.553798324     1.625373897     0.019478523
     2.040000000     0.539544073     1.662295561     0.020687773
     2.050000000     0.537339228     1.698452587     0.021731702
     2.060000000     0.545178940     1.730168454     0.022600424
     2.070000000     0.559905810     1.753819241     0.023302617
     2.080000000     0.577464416     1.766585026     0.023866324
     2.090000000     0.593388219     1.766684718     0.024336656
     2.100000000     0.603422070     1.753495712     0.024770143
     2.110000000     0.604148012     1.729157251     0.025226293
     2.120000000     0.593478037     1.700325340     0.025757867
     2.130000000     0.570908831     1.676035522     0.026401917
     2.140000000     0.537492888     1.662663163     0.027173736
     2.150000000     0.495550261     1.661499411     0.028065264
     2.160000000     0.448204412     1.670264017     0.029048438
     2.170000000     0.398856910     1.685622809     0.030082731
     2.180000000     0.350712258     1.704875385     0.031125105
     2.190000000     0.306431589     1.726671608     0.032140089
     2.200000000     0.267947093     1.750833318     0.033107779
     2.210000000     0.236425156     1.777511720     0.034028228
     2.220000000     0.212337912     1.806395716     0.034921628
     2.230000000     0.195594528     1.836511694     0.035824683
     2.240000000     0.185691107     1.866494337     0.036784290
     2.250000000     0.181853257     1.895048816     0.037850067
     2.260000000     0.183160079     1.921412546     0.039067227
     2.270000000     0.188647800     1.945582973     0.040471006
     2.280000000     0.197395029     1.968117087     0.042083276
     2.290000000     0.208591775     1.989577530     0.043911463
     2.300000000     0.221593745     2.010043077     0.045949340
     2.310000000     0.235963691     2.029147075     0.048179004
     2.320000000     0.251502703     2.046653191     0.050573241
     2.330000000     0.268275250     2.062958006     0.053097667
     2.340000000     0.286630727     2.078881905     0.055712284
     2.350000000     0.307220093     2.094983240     0.058372466
     2.360000000     0.330998969     2.111134375     0.061029646
     2.370000000     0.359200072     2.126661615     0.063632087
     2.380000000     0.393251767     2.140862238     0.066126083
     2.390000000     0.434620741     2.153548797     0.068457691
     2.400000000     0.484569191     2.165251200     0.070574900
     2.410000000     0.543841089     2.176659181     0.072429944
     2.420000000     0.612323193     2.187336932     0.073981471
     2.430000000     0.688754232     2.194830401     0.075196414
     2.440000000     0.770567642     2.195007741     0.076051655
     2.450000000     0.853939659     2.183012573     0.076535672
     2.460000000     0.934074082     2.154324338     0.076650378
     2.470000000     1.005697143     2.106228814     0.076413078
     2.480000000     1.063678780     2.039674467     0.075858134
     2.490000000     1.103660236     1.960535784     0.075037612
     2.500000000     1.122565947     1.878241731     0.074020121
     2.510000000     1.118910764     1.801153157     0.072887247
     2.520000000     1.092869105     1.732655912     0.071727523
     2.530000000     1.046130026     1.671909191     0.070628469
     2.540000000     0.981602279     1.617470642     0.069667786
     2.550000000     0.903046065     1.569753796     0.068905091
     2.560000000     0.814695981     1.530993731     0.068375533
     2.570000000     0.720914459     1.503762348     0.068086300
     2.580000000     0.625891122     1.489483812     0.068016486
     2.590000000     0.533390514     1.487683879     0.068120148
     2.600000000     0.446549984     1.496212178     0.068331921
     2.610000000     0.367735490     1.512179729     0.068574223
     2.620000000     0.298467690     1.532847694     0.068765002
     2.630000000     0.239428121     1.556050891     0.068825120
     2.640000000     0.190545064     1.580260145     0.068684698
     2.650000000     0.151144599     1.604493033     0.068287957
     2.660000000     0.120140276     1.628185065     0.067596322
     2.670000000     0.096229421     1.651060740     0.066589600
     2.680000000     0.078066748     1.673024970     0.065265201
     2.690000000     0.064395232     1.694088971     0.063635522
     2.700000000     0.054126378     1.714333700     0.061723872
     2.710000000     0.046373359     1.733864464     0.059559655
     2.720000000     0.040448281     1.752727667     0.057173727
     2.730000000     0.035837947     1.770868817     0.054594963
     2.740000000     0.032171466     1.788190226     0.051848757
     2.750000000     0.029189177     1.804656178     0.048957764
     2.760000000     0.026717520     1.820353055     0.045944535
     2.770000000     0.024650105     1.835443449     0.042835161
     2.780000000     0.022932431     1.850070719     0.039662717
     2.790000000     0.021546967     1.864333496     0.036469348
     2.800000000     0.020496279     1.878313798     0.033306191
     2.810000000     0.019784110     1.892064026     0.030230917
     2.820000000     0.019396705     1.905571958     0.027303357
     2.830000000     0.019288290     1.918762403     0.024580107
     2.840000000     0.019374878     1.931513164     0.022109310
     2.850000000     0.019539097     1.943661526     0.019926637
     2.860000000     0.019645972     1.955037067     0.018053139
     2.870000000     0.019566432     1.965565102     0.016495140
     2.880000000     0.019202756     1.975407465     0.015245804
     2.890000000     0.018509296     1.984980502     0.014287744
     2.900000000     0.017502938     1.994741754     0.013595924
     2.910000000     0.016260609     2.004932172     0.013140273
     2.920000000     0.014904706     2.015528081     0.012887698
     2.930000000     0.013580461     2.026368521     0.012803463
     2.940000000     0.012430828     2.037281560     0.012852124
     2.950000000     0.011574312     2.048139574     0.012998262
     2.960000000     0.011089425     2.058866011     0.013207227
     2.970000000     0.011007145     2.069426430     0.013445999
     2.980000000     0.011310691     2.079815923     0.013684157
     2.990000000     0.011940850     2.090038506     0.013894865
     3.000000000     0.012804981     2.100080502     0.014055764
     3.010000000     0.013788415     2.109897278     0.014149656
     3.020000000     0.014767675     2.119424947     0.014164892
     3.030000000     0.015625212     2.128613598     0.014095444
     3.040000000     0.016265177     2.137472850     0.013940645
     3.050000000     0.016629084     2.146103948     0.013704702
     3.060000000     0.016709563     2.154686947     0.013396073
     3.070000000     0.016559912     2.163409889     0.013026857
     3.080000000     0.016297143     2.172395048     0.012612283
     3.090000000     0.016096553     2.181693626     0.012170279
     3.100000000     0.016176553     2.191329987     0.011721025
     3.110000000     0.016773506     2.201317816     0.011286302
     3.120000000     0.018107714     2.211630370     0.010888500
     3.130000000     0.020343590     2.222180360     0.010549245
     3.140000000     0.023549303     2.232826341     0.010287798
     3.150000000     0.027663370     2.243376881     0.010119482
     3.160000000     0.032476825     2.253580539     0.010054481
     3.170000000     0.037638868     2.263114285     0.010097237
     3.180000000     0.042690443     2.271587813     0.010246588
     3.190000000     0.047124322     2.278587334     0.010496638
     3.200000000     0.050463241     2.283837459     0.010838249
     3.210000000     0.052341570     2.287563490     0.011261038
     3.220000000     0.052573194     2.290762870     0.011755670
     3.230000000     0.051190188     2.294805561     0.012316209
     3.240000000     0.048443209     2.300608033     0.012942112
     3.250000000     0.044763607     2.308315657     0.013639383
     3.260000000     0.040696102     2.317610247     0.014420376
     3.270000000     0.036816838     2.328075455     0.015301949
     3.280000000     0.033653182     2.339343829     0.016302063
     3.290000000     0.031618957     2.351112669     0.017435349
     3.300000000     0.030973386     2.363137884     0.018708629
     3.310000000     0.031806106     2.375218565     0.020117489
     3.320000000     0.034045802     2.387156140     0.021644837
     3.330000000     0.037487209     2.398708732     0.023261969
     3.340000000     0.041830214     2.409595957     0.024931998
     3.350000000     0.046724924     2.419593748     0.026615007
     3.360000000     0.051817107     2.428684879     0.028273923
     3.370000000     0.056789130     2.437100322     0.029880054
     3.380000000     0.061392291     2.445138386     0.031417448
     3.390000000     0.065467566     2.453004726     0.032885518
     3.400000000     0.068953240     2.460893010     0.034299742
     3.410000000     0.071879564     2.469025229     0.035690443
     3.420000000     0.074352146     2.477487019     0.037099823
     3.430000000     0.076527058     2.486198348     0.038577558
     3.440000000     0.078581430     2.495122162     0.040175325
     3.450000000     0.080683648     2.504371596     0.041940872
     3.460000000     0.082967264     2.514059947     0.043912298
     3.470000000     0.085512206     2.524109380     0.046113338
     3.480000000     0.088335875     2.534229188     0.048550263
     3.490000000     0.091395155     2.544060609     0.051210801
     3.500000000     0.094598476     2.553373363     0.054065110
     3.510000000     0.097825279     2.562212332     0.057068552
     3.520000000     0.100949014     2.570875041     0.060165859
     3.530000000     0.103859552     2.579678390     0.063296265
     3.540000000     0.106481488     2.588732698     0.066399252
     3.550000000     0.108785941     2.597946226     0.069420599
     3.560000000     0.110794722     2.607208405     0.072318331
     3.570000000     0.112576750     2.616541646     0.075067953
     3.580000000     0.114237482     2.626120365     0.077666098
     3.590000000     0.115902963     2.636197195     0.080131628
     3.600000000     0.117701148     2.646954512     0.082503420
     3.610000000     0.119744084     2.658354444     0.084834674
     3.620000000     0.122114979     2.670138422     0.087184410
     3.630000000     0.124863596     2.681971208     0.089607756
     3.640000000     0.128011566     2.693604794     0.092147206
     3.650000000     0.131566542     2.704974769     0.094827077
     3.660000000     0.135541419     2.716199448     0.097652722
     3.670000000     0.139973029     2.727514104     0.100614824
     3.680000000     0.144934521     2.739159134     0.103697669
     3.690000000     0.150537060     2.751231974     0.106889042
     3.700000000     0.156919029     2.763627410     0.110188866
     3.710000000     0.164223871     2.776148366     0.113613998
     3.720000000     0.172570182     2.788654533     0.117197670
     3.730000000     0.182019311     2.801081511     0.120983585
     3.740000000     0.192546236     2.813324684     0.125016200
     3.750000000     0.204019097     2.825140713     0.129329648
     3.760000000     0.216191509     2.836200249     0.133938082
     3.770000000     0.228710125     2.846204832     0.138829595
     3.780000000     0.241138129     2.854924133     0.143964881
     3.790000000     0.252993702     2.862229929     0.149280507
     3.800000000     0.263801269     2.868256887     0.154695627
     3.810000000     0.273152093     2.873506046     0.160120363
     3.820000000     0.280769117     2.878571058     0.165463972
     3.830000000     0.286568206     2.883697368     0.170641280
     3.840000000     0.290704468     2.888749557     0.175576503
     3.850000000     0.293589210     2.893678478     0.180204280
     3.860000000     0.295862881     2.898989761     0.184468444
     3.870000000     0.298314364     2.905748241     0.188319564
     3.880000000     0.301748339     2.915074635     0.191712581
     3.890000000     0.306818338     2.927421122     0.194605844
     3.900000000     0.313858922     2.942117443     0.196962521
     3.910000000     0.322759553     2.957489078     0.198754625
     3.920000000     0.332919704     2.971320992     0.199969063
     3.930000000     0.343307948     2.981402360     0.200614210
     3.940000000     0.352620803     2.986211415     0.200725015
     3.950000000     0.359508650     2.985716545     0.200364678
     3.960000000     0.362816173     2.981828327     0.199621619
     3.970000000     0.361781081     2.977917606     0.198601630
     3.980000000     0.356148851     2.977362751     0.197416431
     3.990000000     0.346187424     2.981912555     0.196170827
     4.000000000     0.332614073     2.991088571     0.194951103
     4.010000000     0.316466814     3.003089450     0.193816891
     4.020000000     0.298958597     3.016384802     0.192797845
     4.030000000     0.281344677     3.030852335     0.191895221
     4.040000000     0.264817931     3.047659677     0.191087434
     4.050000000     0.250431808     3.067979826     0.190338026
     4.060000000     0.239042213     3.091878727     0.189604436
     4.070000000     0.231259969     3.118406089     0.188846328
     4.080000000     0.227411842     3.146306773     0.188032763
     4.090000000     0.227515507     3.174447151     0.187147986
     4.100000000     0.231277889     3.201905725     0.186195766
     4.110000000     0.238124947     3.228016718     0.185202189
     4.120000000     0.247265114     3.252436538     0.184216608
     4.130000000     0.257780947     3.275162635     0.183310321
     4.140000000     0.268736850     3.296423157     0.182572698
     4.150000000     0.279287004     3.316464014     0.182104793
     4.160000000     0.288767274     3.335458645     0.182011048
     4.170000000     0.296757664     3.353737061     0.182390146
     4.180000000     0.303106867     3.372078410     0.183326382
     4.190000000     0.307916813     3.391518313     0.184882824
     4.200000000     0.311491826     3.412759265     0.187097125
     4.210000000     0.314262891     3.435914171     0.189980244
     4.220000000     0.316701352     3.460715325     0.193517572
     4.230000000     0.319237197     3.486729691     0.197671458
     4.240000000     0.322194672     3.513483206     0.202383852
     4.250000000     0.325753104     3.540603209     0.207577915
     4.260000000     0.329935097     3.567921662     0.213157938
     4.270000000     0.334619324     3.595476865     0.219007617
     4.280000000     0.339572149     3.623431150     0.224987391
     4.290000000     0.344491427     3.651954729     0.230932081
     4.300000000     0.349056280     3.681082811     0.236650156
     4.310000000     0.352977470     3.710618337     0.241925799
     4.320000000     0.356043539     3.740322001     0.246524513
     4.330000000     0.358158220     3.770396996     0.250202530
     4.340000000     0.359365263     3.801727573     0.252719857
     4.350000000     0.359858365     3.835392261     0.253856419
     4.360000000     0.359976128     3.871890448     0.253430348
     4.370000000     0.360184313     3.910977994     0.251317013
     4.380000000     0.361048986     3.952168123     0.247466785
     4.390000000     0.363204099     3.995197333     0.241919042
     4.400000000     0.367315596     4.040152620     0.234809674
     4.410000000     0.374042417     4.087386400     0.226369693
     4.420000000     0.383993625     4.137215703     0.216913541
     4.430000000     0.397681072     4.189582136     0.206817263
     4.440000000     0.415468454     4.243938709     0.196488561
     4.450000000     0.437520105     4.299295353     0.186332395
     4.460000000     0.463756017     4.354543390     0.176716753
     4.470000000     0.493823071     4.409137249     0.167943336
     4.480000000     0.527095572     4.463438905     0.160227008
     4.490000000     0.562719026     4.518050199     0.153686377
     4.500000000     0.599707322     4.572751249     0.148346007
     4.510000000     0.637092780     4.626320662     0.144149073
     4.520000000     0.674111510     4.677387043     0.140977819
     4.530000000     0.710387164     4.725542921     0.138678270
     4.540000000     0.746062463     4.772176373     0.137085179
     4.550000000     0.781828282     4.820601591     0.136043378
     4.560000000     0.818819861     4.874857085     0.135422391
     4.570000000     0.858386638     4.937423571     0.135122618
     4.580000000     0.901785866     5.007875150     0.135073230
     4.590000000     0.949884611     5.083476791     0.135223872
     4.600000000     1.002964743     5.160327024     0.135533749
     4.610000000     1.060703337     5.234333057     0.135962138
     4.620000000     1.122350711     5.302568770     0.136463574
     4.630000000     1.187065849     5.364513046     0.136989165
     4.640000000     1.254316192     5.422216341     0.137493162
     4.650000000     1.324225587     5.479921969     0.137942105
     4.660000000     1.397770399     5.543242063     0.138323030
     4.670000000     1.476774735     5.616608868     0.138647787
     4.680000000     1.563723550     5.700257272     0.138952083
     4.690000000     1.661471958     5.790347867     0.139289811
     4.700000000     1.772957389     5.882514040     0.139724773
     4.710000000     1.901005907     5.974485334     0.140322439
     4.720000000     2.048269009     6.064707231     0.141143925
     4.730000000     2.217252583     6.149796745     0.142243069
     4.740000000     2.410336089     6.225806227     0.143666100
     4.750000000     2.629657552     6.292447080     0.145452411
     4.760000000     2.876776204     6.354375736     0.147634736
     4.770000000     3.152114424     6.417089738     0.150237675
     4.780000000     3.454294353     6.480909519     0.153274551
     4.790000000     3.779576695     6.538066590     0.156743630
     4.800000000     4.121635746     6.573936616     0.160625263
     4.810000000     4.471843614     6.570867727     0.164881296
     4.820000000     4.820100693     6.515866341     0.169457325
     4.830000000     5.156084429     6.409793168     0.174287285
     4.840000000     5.470655118     6.268389746     0.179299093
     4.850000000     5.757105720     6.112932942     0.184419831
     4.860000000     6.011989355     5.960062657     0.189579420
     4.870000000     6.235380707     5.816669225     0.194712603
     4.880000000     6.430576646     5.680307967     0.199759920
     4.890000000     6.603364536     5.545290593     0.204668754
     4.900000000     6.761051660     5.409650730     0.209395306
     4.910000000     6.911453423     5.277418358     0.213907604
     4.920000000     7.062002098     5.154683059     0.218188703
     4.930000000     7.219088133     5.042828714     0.222238691
     4.940000000     7.387698115     4.936212826     0.226074090
     4.950000000     7.571366646     4.825971041     0.229723974
     4.960000000     7.772404028     4.704786107     0.233223188
     4.970000000     7.992293849     4.567816765     0.236604124
     4.980000000     8.232087325     4.411094646     0.239889132
     4.990000000     8.492584440     4.233008821     0.243085641
     5.000000000     8.774118661     4.038868498     0.246185404
     5.010000000     9.075868806     3.839473765     0.249168216
     5.020000000     9.394792213     3.640973290     0.252009300
     5.030000000     9.724457044     3.436099569     0.254688561
     5.040000000    10.054178106     3.205681883     0.257199441
     5.050000000    10.368868385     2.928140171     0.259555088
     5.060000000    10.649882179     2.587664552     0.261790197
     5.070000000    10.876872252     2.177743437     0.263957888
     5.080000000    11.030387120     1.704057066     0.266122151
     5.090000000    11.094692458     1.185265940     0.268347452
     5.100000000    11.060196617     0.649119141     0.270687610
     5.110000000    10.924933460     0.127854948     0.273176101
     5.120000000    10.694784747    -0.347624667     0.275819308
     5.130000000    10.382435453    -0.757633066     0.278593456
     5.140000000    10.005350363    -1.099966043     0.281445131
     5.150000000     9.583252870    -1.385246595     0.284294824
     5.160000000     9.135632794    -1.627138639     0.287042785
     5.170000000     8.679718296    -1.835187098     0.289576594
     5.180000000     8.229169266    -2.012172072     0.291779977
     5.190000000     7.793554118    -2.156749441     0.293542315
     5.200000000     7.378515009    -2.269543603     0.294768118
     5.210000000     6.986434777    -2.357174057     0.295385455
     5.220000000     6.617388662    -2.429875830     0.295352310
     5.230000000     6.270174197    -2.495130332     0.294659992
     5.240000000     5.943242794    -2.553896017     0.293333211
     5.250000000     5.635396516    -2.601885421     0.291426909
     5.260000000     5.346164587    -2.633328122     0.289020357
     5.270000000     5.075838996    -2.644077873     0.286209271
     5.280000000     4.825222115    -2.633322414     0.283096805
     5.290000000     4.595204980    -2.604256162     0.279784346
     5.300000000     4.386330448    -2.563755719     0.276363179
     5.310000000     4.198484592    -2.520622980     0.272908103
     5.320000000     4.030802606    -2.482129646     0.269474040
     5.330000000     3.881791480    -2.450796903     0.266096209
     5.340000000     3.749592822    -2.424446696     0.262793794
     5.350000000     3.632265851    -2.398978717     0.259576141
     5.360000000     3.527978689    -2.370516915     0.256449887
     5.370000000     3.435049471    -2.336485039     0.253425075
     5.380000000     3.351852396    -2.297324362     0.250518654
     5.390000000     3.276665285    -2.257634614     0.247754447
     5.400000000     3.207558729    -2.224310641     0.245159773
     5.410000000     3.142404590    -2.202524657     0.242759833
     5.420000000     3.079025363    -2.192590187     0.240571671
     5.430000000     3.015441017    -2.190129420     0.238599612
     5.440000000     2.950123605    -2.189305702     0.236833706
     5.450000000     2.882159985    -2.186103142     0.235251818
     5.460000000     2.811251956    -2.179583241     0.233824982
     5.470000000     2.737539259    -2.170748489     0.232524618
     5.480000000     2.661293932    -2.160180440     0.231329682
     5.490000000     2.582583366    -2.147195284     0.230231760
     5.500000000     2.501018537    -2.131323438     0.229236742
     5.510000000     2.415686422    -2.114139494     0.228362780
     5.520000000     2.325315294    -2.099588803     0.227635373
     5.530000000     2.228651332    -2.092031598     0.227081354
     5.540000000     2.124954866    -2.092161196     0.226723883
     5.550000000     2.014476609    -2.094193334     0.226580166
     5.560000000     1.898765842    -2.088736875     0.226662663
     5.570000000     1.780699765    -2.068391202     0.226983329
     5.580000000     1.664197099    -2.030049372     0.227559312
     5.590000000     1.553667471    -1.974486531     0.228417968
     5.600000000     1.453322742    -1.905770576     0.229599109
     5.610000000     1.366513619    -1.830054836     0.231153084
     5.620000000     1.295243389    -1.753522253     0.233134375
     5.630000000     1.239956260    -1.680836672     0.235591421
     5.640000000     1.199619781    -1.614947845     0.238554193
     5.650000000     1.172044682    -1.557368126     0.242021332
     5.660000000     1.154333834    -1.507896217     0.245948597
     5.670000000     1.143337521    -1.464758531     0.250240016
     5.680000000     1.136014853    -1.425948277     0.254742803
     5.690000000     1.129649586    -1.390099866     0.259246930
     5.700000000     1.121924775    -1.356214996     0.263490238
     5.710000000     1.110905805    -1.323698785     0.267169889
     5.720000000     1.095001811    -1.293037275     0.269960690
     5.730000000     1.072966634    -1.265989100     0.271539982
     5.740000000     1.043967986    -1.244397720     0.271617521
     5.750000000     1.007711168    -1.227995403     0.269967222
     5.760000000     0.964568399    -1.213172620     0.266456360
     5.770000000     0.915650163    -1.194421613     0.261067272
     5.780000000     0.862766376    -1.167343075     0.253907193
     5.790000000     0.808257440    -1.130429253     0.245203615
     5.800000000     0.754715872    -1.084911487     0.235285129
     5.810000000     0.704652832    -1.033636293     0.224550500
     5.820000000     0.660179555    -0.979521553     0.213430970
     5.830000000     0.622767794    -0.924378614     0.202351871
     5.840000000     0.593130530    -0.868989028     0.191699378
     5.850000000     0.571233537    -0.814059859     0.181796690
     5.860000000     0.556419796    -0.760682539     0.172891628
     5.870000000     0.547608887    -0.709937672     0.165155257
     5.880000000     0.543525059    -0.662573597     0.158689260
     5.890000000     0.542910073    -0.618859284     0.153538803
     5.900000000     0.544687420    -0.578020478     0.149707582
     5.910000000     0.548060130    -0.538174906     0.147172367
     5.920000000     0.552541136    -0.497672653     0.145895308
     5.930000000     0.557929363    -0.456278539     0.145833078
     5.940000000     0.564252737    -0.414907788     0.146942520
     5.950000000     0.571699304    -0.374779663     0.149182799
     5.960000000     0.580550586    -0.336730663     0.152514241
     5.970000000     0.591121151    -0.300750907     0.156894362
     5.980000000     0.603700481    -0.265911951     0.162271920
     5.990000000     0.618492154    -0.230865537     0.168580243
     6.000000000     0.635551755    -0.194806284     0.175731306
     6.010000000     0.654735623    -0.158176135     0.183611944
     6.020000000     0.675681149    -0.122563766     0.192083172
     6.030000000     0.697840155    -0.090014412     0.200982972
     6.040000000     0.720577317    -0.062059236     0.210132217
     6.050000000     0.743328072    -0.038795216     0.219342981
     6.060000000     0.765791174    -0.018681781     0.228428235
     6.070000000     0.788116972     0.000574411     0.237212010
     6.080000000     0.811048390     0.020787050     0.245539194
     6.090000000     0.835977936     0.042823628     0.253284252
     6.100000000     0.864897520     0.066906219     0.260358078
     6.110000000     0.900233327     0.092922723     0.266712096
     6.120000000     0.944571676     0.120412822     0.272338646
     6.130000000     1.000292646     0.148414429     0.277266897
     6.140000000     1.069138438     0.175449677     0.281554087
     6.150000000     1.151756273     0.199514703     0.285272807
     6.160000000     1.247272675     0.217926433     0.288496122
     6.170000000     1.352974752     0.227474424     0.291283119
     6.180000000     1.464187137     0.224873205     0.293667800
     6.190000000     1.574429882     0.206828509     0.295653738
     6.200000000     1.675913329     0.169940598     0.297215794
     6.210000000     1.760367873     0.111406803     0.298308618
     6.220000000     1.820127481     0.030404482     0.298880193
     6.230000000     1.849305311    -0.070430527     0.298887618
     6.240000000     1.844843849    -0.183314723     0.298311917
     6.250000000     1.807214486    -0.294799301     0.297169001
     6.260000000     1.740593205    -0.388973939     0.295514687
     6.270000000     1.652441655    -0.453630459     0.293442872
     6.280000000     1.552549370    -0.484887929     0.291077174
     6.290000000     1.451706700    -0.486982080     0.288557585
     6.300000000     1.360247034    -0.468377666     0.286024583
     6.310000000     1.286705198    -0.437835325     0.283603745
     6.320000000     1.236792179    -0.402588955     0.281393885
     6.330000000     1.212806891    -0.368268637     0.279461060
     6.340000000     1.213521549    -0.339339057     0.277839574
     6.350000000     1.234509425    -0.319504870     0.276539444
     6.360000000     1.268839773    -0.312312144     0.275558213
     6.370000000     1.308039224    -0.321644128     0.274893848
     6.380000000     1.343201855    -0.350935022     0.274555136
     6.390000000     1.366115325    -0.400871369     0.274566618
     6.400000000     1.370260925    -0.467159056     0.274966544
     6.410000000     1.351551092    -0.540311703     0.275798166
     6.420000000     1.308699037    -0.608427518     0.277096499
     6.430000000     1.243173328    -0.661893262     0.278873861
     6.440000000     1.158765446    -0.696664510     0.281107911
     6.450000000     1.060870942    -0.713539370     0.283735377
     6.460000000     0.955633766    -0.715101365     0.286653393
     6.470000000     0.849114823    -0.703890160     0.289728786
     6.480000000     0.746619009    -0.682399951     0.292813964
     6.490000000     0.652261194    -0.653180772     0.295766697
     6.500000000     0.568789178    -0.618546202     0.298470211
     6.510000000     0.497628471    -0.580400696     0.300849717
     6.520000000     0.439081109    -0.540285806     0.302881882
     6.530000000     0.392601687    -0.499481488     0.304594862
     6.540000000     0.357083905    -0.458981298     0.306058260
     6.550000000     0.331112077    -0.419368156     0.307364565
     6.560000000     0.313155874    -0.380823425     0.308605881
     6.570000000     0.301706394    -0.343365708     0.309851296
     6.580000000     0.295364116    -0.307180833     0.311130642
     6.590000000     0.292893524    -0.272785569     0.312429060
     6.600000000     0.293256813    -0.240824892     0.313694079
     6.610000000     0.295633138    -0.211567573     0.314853317
     6.620000000     0.299423999    -0.184512994     0.315837786
     6.630000000     0.304242517    -0.158578320     0.316604055
     6.640000000     0.309885742    -0.132768841     0.317148967
     6.650000000     0.316293938    -0.106703042     0.317513045
     6.660000000     0.323506050    -0.080685912     0.317772328
     6.670000000     0.331623169    -0.055530011     0.318021775
     6.680000000     0.340789341    -0.032136838     0.318355447
     6.690000000     0.351191634    -0.010825021     0.318848811
     6.700000000     0.363071269     0.008931093     0.319546860
     6.710000000     0.376728809     0.027908041     0.320459259
     6.720000000     0.392502865     0.046467996     0.321561402
     6.730000000     0.410706235     0.064554242     0.322799018
     6.740000000     0.431515958     0.081980295     0.324093976
     6.750000000     0.454832050     0.098492088     0.325350001
     6.760000000     0.480138516     0.113684343     0.326458209
     6.770000000     0.506413075     0.126947142     0.327303205
     6.780000000     0.532132552     0.137275747     0.327770400
     6.790000000     0.555405218     0.142965130     0.327754427
     6.800000000     0.574230666     0.141793970     0.327167504
     6.810000000     0.586849139     0.132291806     0.325945911
     6.820000000     0.592107349     0.115704314     0.324052900
     6.830000000     0.589749748     0.096876987     0.321477268
     6.840000000     0.580551733     0.082360528     0.318228265
     6.850000000     0.566245127     0.076885521     0.314328713
     6.860000000     0.549237779     0.081489277     0.309808787
     6.870000000     0.532182863     0.094321566     0.304702509
     6.880000000     0.517493148     0.112373164     0.299047837
     6.890000000     0.506909448     0.132604520     0.292889775
     6.900000000     0.501217933     0.152325003     0.286284793
     6.910000000     0.500173434     0.169369877     0.279304466
     6.920000000     0.502636757     0.182352499     0.272036748
     6.930000000     0.506886043     0.190693465     0.264584354
     6.940000000     0.511026045     0.194202990     0.257060894
     6.950000000     0.513401812     0.193058970     0.249586107
     6.960000000     0.512927009     0.188950385     0.242281539
     6.970000000     0.509260548     0.185696326     0.235267399
     6.980000000     0.502802827     0.187367473     0.228660373
     6.990000000     0.494526091     0.195739566     0.222571517
     7.000000000     0.485691868     0.209922554     0.217103211
     7.010000000     0.477532434     0.227643019     0.212344685
     7.020000000     0.470976681     0.246370899     0.208366522
     7.030000000     0.466483561     0.263986375     0.205215316
     7.040000000     0.464014011     0.279374029     0.202909968
     7.050000000     0.463134987     0.292518634     0.201440656
     7.060000000     0.463217344     0.303829747     0.200770521
     7.070000000     0.463670416     0.313818577     0.200839114
     7.080000000     0.464153400     0.323556926     0.201565951
     7.090000000     0.464714986     0.334583367     0.202852715
     7.100000000     0.465833182     0.347960642     0.204583497
     7.110000000     0.468350920     0.363911762     0.206623785
     7.120000000     0.473324604     0.382351581     0.208820039
     7.130000000     0.481819047     0.403184234     0.211002115
     7.140000000     0.494691306     0.425944106     0.212990294
     7.150000000     0.512407556     0.449459516     0.214607275
     7.160000000     0.534931200     0.472010666     0.215693733
     7.170000000     0.561707892     0.491802334     0.216124570
     7.180000000     0.591755348     0.507458109     0.215822289
     7.190000000     0.623845371     0.518316145     0.214764435
     7.200000000     0.656745882     0.524412354     0.212983426
     7.210000000     0.689475860     0.526405080     0.210559051
     7.220000000     0.721519655     0.525702168     0.207605611
     7.230000000     0.752951440     0.524297740     0.204256638
     7.240000000     0.784435901     0.523929484     0.200650105
     7.250000000     0.817095669     0.525437726     0.196916143
     7.260000000     0.852265056     0.528989929     0.193168006
     7.270000000     0.891177459     0.534352877     0.189495964
     7.280000000     0.934653511     0.540584126     0.185963303
     7.290000000     0.982862703     0.545723103     0.182603803
     7.300000000     1.035219400     0.546983007     0.179420750
     7.310000000     1.090445674     0.541207784     0.176388134
     7.320000000     1.146794208     0.525708522     0.173454987
     7.330000000     1.202384544     0.499826987     0.170553361
     7.340000000     1.255576662     0.465884822     0.167609572
     7.350000000     1.305295881     0.427845875     0.164557253
     7.360000000     1.351235047     0.389030150     0.161349938
     7.370000000     1.393889184     0.351399350     0.157970772
     7.380000000     1.434414192     0.315999442     0.154437414
     7.390000000     1.474333944     0.282618403     0.150801284
     7.400000000     1.515142539     0.249108919     0.147141468
     7.410000000     1.557860256     0.212205189     0.143554633
     7.420000000     1.602607798     0.169888224     0.140142883
     7.430000000     1.648268454     0.122980989     0.137001613
     7.440000000     1.692311712     0.073494795     0.134209212
     7.450000000     1.730847234     0.020857578     0.131820039
     7.460000000     1.758954355    -0.039933324     0.129861565
     7.470000000     1.771283270    -0.116150245     0.128336011
     7.480000000     1.762855417    -0.212185073     0.127226115
     7.490000000     1.729921978    -0.324585316     0.126503937
     7.500000000     1.670697775    -0.441321739     0.126140897
     7.510000000     1.585795648    -0.546813852     0.126116756
     7.520000000     1.478248961    -0.629379174     0.126425249
     7.530000000     1.353110922    -0.685422340     0.127074604
     7.540000000     1.216725955    -0.718083209     0.128082334
     7.550000000     1.075844830    -0.733047604     0.129465074
     7.560000000     0.936777952    -0.735164919     0.131225598
     7.570000000     0.804747538    -0.727436364     0.133339997
     7.580000000     0.683527046    -0.711805568     0.135748156
     7.590000000     0.575373366    -0.690062068     0.138350020
     7.600000000     0.481190889    -0.663945119     0.141008910
     7.610000000     0.400832108    -0.634878099     0.143561675
     7.620000000     0.333438515    -0.603894621     0.145834062
     7.630000000     0.277748638    -0.571737594     0.147658681
     7.640000000     0.232333307    -0.538987989     0.148892563
     7.650000000     0.195749062    -0.506191373     0.149431493
     7.660000000     0.166621892    -0.473889421     0.149219132
     7.670000000     0.143683230    -0.442557914     0.148250049
     7.680000000     0.125780484    -0.412559630     0.146567048
     7.690000000     0.111878938    -0.384142753     0.144254107
     7.700000000     0.101064379    -0.357446887     0.141426765
     7.710000000     0.092548912    -0.332491411     0.138221655
     7.720000000     0.085677704    -0.309144886     0.134786362
     7.730000000     0.079932445    -0.287119469     0.131270024
     7.740000000     0.074927698    -0.266061518     0.127814576
     7.750000000     0.070398459    -0.245712684     0.124546394
     7.760000000     0.066179915    -0.226001144     0.121568360
     7.770000000     0.062182656    -0.206962633     0.118952865
     7.780000000     0.058367660    -0.188594401     0.116736633
     7.790000000     0.054725055    -0.170838112     0.114918334
     7.800000000     0.051259192    -0.153673799     0.113459651
     7.810000000     0.047980504    -0.137128777     0.112289924
     7.820000000     0.044902850    -0.121172429     0.111313966
     7.830000000     0.042043907    -0.105671157     0.110422285
     7.840000000     0.039426059    -0.090483228     0.109502716
     7.850000000     0.037075961    -0.075557092     0.108452433
     7.860000000     0.035022045    -0.060916157     0.107189134
     7.870000000     0.033290361    -0.046594417     0.105660088
     7.880000000     0.031899791    -0.032618230     0.103847602
     7.890000000     0.030857800    -0.019025924     0.101769656
     7.900000000     0.030157546    -0.005861448     0.099475022
     7.910000000     0.029776620     0.006868303     0.097033153
     7.920000000     0.029677200     0.019202867     0.094520369
     7.930000000     0.029807202     0.031169606     0.092004905
     7.940000000     0.030102043     0.042736406     0.089533964
     7.950000000     0.030486932     0.053851807     0.087125648
     7.960000000     0.030879897     0.064519017     0.084767606
     7.970000000     0.031195874     0.074791375     0.082422594
     7.980000000     0.031352154     0.084704546     0.080039435
     7.990000000     0.031275082     0.094264252     0.077566496
     8.000000000     0.030907412     0.103490611     0.074964343
     8.010000000     0.030215231     0.112439069     0.072214622
     8.020000000     0.029193038     0.121198356     0.069323452
     8.030000000     0.027865637     0.129889999     0.066319188
     8.040000000     0.026285999     0.138649783     0.063245849
     8.050000000     0.024529055     0.147580168     0.060154383
     8.060000000     0.022682339     0.156710833     0.057094165
     8.070000000     0.020835132     0.166002433     0.054106579
     8.080000000     0.019068116     0.175380977     0.051221720
     8.090000000     0.017445315     0.184772474     0.048458232
     8.100000000     0.016009457     0.194129418     0.045825555
     8.110000000     0.014781026     0.203442092     0.043327359
     8.120000000     0.013760410     0.212716790     0.040964936
     8.130000000     0.012932079     0.221945281     0.038739526
     8.140000000     0.012269522     0.231108423     0.036653061
     8.150000000     0.011739948     0.240200927     0.034707357
     8.160000000     0.011308136     0.249238647     0.032902261
     8.170000000     0.010939287     0.258243104     0.031233584
     8.180000000     0.010601079     0.267228597     0.029691664
     8.190000000     0.010265236     0.276198918     0.028261200
     8.200000000     0.009908889     0.285150097     0.026922554
     8.210000000     0.009515790     0.294088049     0.025654235
     8.220000000     0.009077258     0.303046974     0.024435913
     8.230000000     0.008592570     0.312083310     0.023251103
     8.240000000     0.008068534     0.321251072     0.022088799
     8.250000000     0.007518124     0.330582569     0.020943654
     8.260000000     0.006958271     0.340089177     0.019814755
     8.270000000     0.006407153     0.349775430     0.018703448
     8.280000000     0.005881440     0.359649947     0.017610926
     8.290000000     0.005393991     0.369726409     0.016536313
     8.300000000     0.004952361     0.380017765     0.015475784
     8.310000000     0.004558310     0.390534674     0.014422942
     8.320000000     0.004208291     0.401293821     0.013370303
     8.330000000     0.003894733     0.412325078     0.012311463
     8.340000000     0.003607840     0.423667773     0.011243362
     8.350000000     0.003337598     0.435363602     0.010168063
     8.360000000     0.003075742     0.447455580     0.009093574
     8.370000000     0.002817589     0.459992552     0.008033484
     8.380000000     0.002563950     0.473037723     0.007005438
     8.390000000     0.002323842     0.486673225     0.006028734
     8.400000000     0.002119538     0.500989420     0.005121533
     8.410000000     0.001996710     0.516070104     0.004298283
     8.420000000     0.002043997     0.531992672     0.003567897
     8.430000000     0.002428085     0.548840317     0.002933040
     8.440000000     0.003451660     0.566714222     0.002390607
     8.450000000     0.005641272     0.585740100     0.001933154
     8.460000000     0.009868227     0.606065614     0.001550841
     8.470000000     0.017496191     0.627849040     0.001233358
     8.480000000     0.030532660     0.651246706     0.000971411
     8.490000000     0.051738843     0.676401098     0.000757519
     8.500000000     0.084628930     0.703419634     0.000586136
     8.510000000     0.133275231     0.732330094     0.000453250
     8.520000000     0.201844180     0.762995034     0.000355722
     8.530000000     0.293832258     0.794955539     0.000290591
     8.540000000     0.411054327     0.827152167     0.000254511
     8.550000000     0.552546977     0.857438441     0.000243382
     8.560000000     0.713653898     0.881771716     0.000252207
     8.570000000     0.885613315     0.893000411     0.000275159
     8.580000000     1.055926471     0.879474545     0.000305847
     8.590000000     1.209633533     0.824752848     0.000337767
     8.600000000     1.331384078     0.711733748     0.000364880
     8.610000000     1.407932091     0.535041112     0.000382238
     8.620000000     1.430502335     0.316564810     0.000386532
     8.630000000     1.396444891     0.103297754     0.000376436
     8.640000000     1.309746740    -0.061216917     0.000352646
     8.650000000     1.180263858    -0.161436473     0.000317595
     8.660000000     1.021878190    -0.206523314     0.000274893
     8.670000000     0.850055696    -0.214156101     0.000228638
     8.680000000     0.679397366    -0.199919418     0.000182723
     8.690000000     0.521709277    -0.174449616     0.000140307
     8.700000000     0.384912027    -0.144146108     0.000103515
     8.710000000     0.272849162    -0.112578256     0.000073377
     8.720000000     0.185828358    -0.081616752     0.000049975
     8.730000000     0.121598880    -0.052166779     0.000032701
     8.740000000     0.076449629    -0.024603062     0.000020559
     8.750000000     0.046179519     0.000982336     0.000012419
     8.760000000     0.026801040     0.024641787     0.000007208
     8.770000000     0.014944525     0.046496083     0.000004019
     8.780000000     0.008006465     0.066693228     0.000002153
     8.790000000     0.004121238     0.085386630     0.000001108
     8.800000000     0.002038181     0.102724036     0.000000548
     8.810000000     0.000968470     0.118842381     0.000000260
     8.820000000     0.000442138     0.133865862     0.000000119
     8.830000000     0.000193936     0.147905710     0.000000052
     8.840000000     0.000081731     0.161060822     0.000000022
     8.850000000     0.000033093     0.173418778     0.000000009
     8.860000000     0.000012874     0.185057000     0.000000003
     8.870000000     0.000004812     0.196043899     0.000000001
     8.880000000     0.000001728     0.206439961     0.000000000
     8.890000000     0.000000596     0.216298725     0.000000000
     8.900000000     0.000000198     0.225667664     0.000000000
     8.910000000     0.000000063     0.234588947     0.000000000
     8.920000000     0.000000019     0.243100115     0.000000000
     8.930000000     0.000000006     0.251234663     0.000000000
     8.940000000     0.000000002     0.259022543     0.000000000
     8.950000000     0.000000000     0.266490603     0.000000000
     8.960000000     0.000000000     0.273662963     0.000000000
     8.970000000     0.000000000     0.280561343     0.000000000
     8.980000000     0.000000000     0.287205347     0.000000000
     8.990000000     0.000000000     0.293612707     0.000000000
     9.000000000     0.000000000     0.299799497     0.000000000
     9.010000000     0.000000000     0.305780321     0.000000000
     9.020000000     0.000000000     0.311568472     0.000000000
     9.030000000     0.000000000     0.317176077     0.000000000
     9.040000000     0.000000000     0.322614219     0.000000000
     9.050000000     0.000000000     0.327893046     0.000000000
     9.060000000     0.000000000     0.333021871     0.000000000
     9.070000000     0.000000000     0.338009248     0.000000000
     9.080000000     0.000000000     0.342863057     0.000000000
     9.090000000     0.000000000     0.347590562     0.000000000
     9.100000000     0.000000000     0.352198473     0.000000000
     9.110000000     0.000000000     0.356692998     0.000000000
     9.120000000     0.000000000     0.361079891     0.000000000
     9.130000000     0.000000000     0.365364488     0.000000000
     9.140000000     0.000000000     0.369551750     0.000000000
     9.150000000     0.000000000     0.373646294     0.000000000
     9.160000000     0.000000000     0.377652421     0.000000000
     9.170000000     0.000000000     0.381574145     0.000000000
     9.180000000     0.000000000     0.385415215     0.000000000
     9.190000000     0.000000000     0.389179141     0.000000000
     9.200000000     0.000000000     0.392869207     0.000000000
     9.210000000     0.000000000     0.396488494     0.000000000
     9.220000000     0.000000000     0.400039894     0.000000000
     9.230000000     0.000000000     0.403526125     0.000000000
     9.240000000     0.000000000     0.406949743     0.000000000
     9.250000000     0.000000000     0.410313159     0.000000000
     9.260000000     0.000000000     0.413618640     0.000000000
     9.270000000     0.000000000     0.416868331     0.000000000
     9.280000000     0.000000000     0.420064255     0.000000000
     9.290000000     0.000000000     0.423208325     0.000000000
     9.300000000     0.000000000     0.426302353     0.000000000
     9.310000000     0.000000000     0.429348055     0.000000000
     9.320000000     0.000000000     0.432347057     0.000000000
     9.330000000     0.000000000     0.435300902     0.000000000
     9.340000000     0.000000000     0.438211055     0.000000000
     9.350000000     0.000000000     0.441078912     0.000000000
     9.360000000     0.000000000     0.443905796     0.000000000
     9.370000000     0.000000000     0.446692969     0.000000000
     9.380000000     0.000000000     0.449441634     0.000000000
     9.390000000     0.000000000     0.452152937     0.000000000
     9.400000000     0.000000000     0.454827971     0.000000000
     9.410000000     0.000000000     0.457467782     0.000000000
     9.420000000     0.000000000     0.460073368     0.000000000
     9.430000000     0.000000000     0.462645682     0.000000000
     9.440000000     0.000000000     0.465185639     0.000000000
     9.450000000     0.000000000     0.467694114     0.000000000
     9.460000000     0.000000000     0.470171946     0.000000000
     9.470000000     0.000000000     0.472619940     0.000000000
     9.480000000     0.000000000     0.475038867     0.000000001
     9.490000000     0.000000001     0.477429470     0.000000001
     9.500000000     0.000000002     0.479792462     0.000000004
     9.510000000     0.000000005     0.482128531     0.000000010
     9.520000000     0.000000013     0.484438337     0.000000025
     9.530000000     0.000000031     0.486722517     0.000000058
     9.540000000     0.000000069     0.488981688     0.000000132
     9.550000000     0.000000151     0.491216444     0.000000287
     9.560000000     0.000000316     0.493427359     0.000000601
     9.570000000     0.000000636     0.495614989     0.000001209
     9.580000000     0.000001229     0.497779872     0.000002337
     9.590000000     0.000002282     0.499922531     0.000004340
     9.600000000     0.000004072     0.502043469     0.000007743
     9.610000000     0.000006980     0.504143174     0.000013274
     9.620000000     0.000011496     0.506222112     0.000021863
     9.630000000     0.000018192     0.508280722     0.000034597
     9.640000000     0.000027660     0.510319410     0.000052603
     9.650000000     0.000040405     0.512338520     0.000076842
     9.660000000     0.000056710     0.514338304     0.000107851
     9.670000000     0.000076473     0.516318855     0.000145436
     9.680000000     0.000099080     0.518279996     0.000188430
     9.690000000     0.000123337     0.520221112     0.000234561
     9.700000000     0.000147512     0.522140957     0.000280537
     9.710000000     0.000169508     0.524037584     0.000322369
     9.720000000     0.000187146     0.525908859     0.000355913
     9.730000000     0.000198518     0.527754125     0.000377540
     9.740000000     0.000202324     0.529576443     0.000384777
     9.750000000     0.000198117     0.531382590     0.000376777
     9.760000000     0.000186392     0.533179218     0.000354477
     9.770000000     0.000168484     0.534969139     0.000320420
     9.780000000     0.000146325     0.536751518     0.000278279
     9.790000000     0.000122097     0.538524144     0.000232203
     9.800000000     0.000097887     0.540285021     0.000186159
     9.810000000     0.000075399     0.542032840     0.000143394
     9.820000000     0.000055801     0.543766902     0.000106121
     9.830000000     0.000039677     0.545486913     0.000075458
     9.840000000     0.000027106     0.547192825     0.000051551
     9.850000000     0.000017792     0.548884725     0.000033837
     9.860000000     0.000011221     0.550562775     0.000021339
     9.870000000     0.000006799     0.552227171     0.000012930
     9.880000000     0.000003958     0.553878127     0.000007527
     9.890000000     0.000002214     0.555515862     0.000004210
     9.900000000     0.000001190     0.557140593     0.000002263
     9.910000000     0.000000614     0.558752533     0.000001168
     9.920000000     0.000000305     0.560351891     0.000000580
     9.930000000     0.000000145     0.561938869     0.000000276
     9.940000000     0.000000067     0.563513663     0.000000126
     9.950000000     0.000000029     0.565076462     0.000000056
     9.960000000     0.000000012     0.566627451     0.000000024
     9.970000000     0.000000005     0.568166807     0.000000010
     9.980000000     0.000000002     0.569694705     0.000000004
     9.990000000     0.000000001     0.571211312     0.000000001
    10.000000000     0.000000000     0.572716791     0.000000001
    10.010000000     0.000000000     0.574211302     0.000000000
    10.020000000     0.000000000     0.575694999     0.000000000
    10.030000000     0.000000000     0.577168032     0.000000000
    10.040000000     0.000000000     0.578630549     0.000000000
    10.050000000     0.000000000     0.580082692     0.000000000
    10.060000000     0.000000000     0.581524601     0.000000000
    10.070000000     0.000000000     0.582956413     0.000000000
    10.080000000     0.000000000     0.584378261     0.000000000
    10.090000000     0.000000000     0.585790275     0.000000000
    10.100000000     0.000000000     0.587192581     0.000000000
    10.110000000     0.000000000     0.588585304     0.000000000
    10.120000000     0.000000000     0.589968567     0.000000000
    10.130000000     0.000000000     0.591342487     0.000000000
    10.140000000     0.000000000     0.592707181     0.000000000
    10.150000000     0.000000000     0.594062763     0.000000000
    10.160000000     0.000000000     0.595409346     0.000000000
    10.170000000     0.000000000     0.596747037     0.000000000
    10.180000000     0.000000000     0.598075945     0.000000000
    10.190000000     0.000000000     0.599396174     0.000000000
    10.200000000     0.000000000     0.600707827     0.000000000
    10.210000000     0.000000000     0.602011005     0.000000000
    10.220000000     0.000000000     0.603305807     0.000000000
    10.230000000     0.000000000     0.604592330     0.000000000
    10.240000000     0.000000000     0.605870670     0.000000000
    10.250000000     0.000000000     0.607140919     0.000000000
    10.260000000     0.000000000     0.608403169     0.000000000
    10.270000000     0.000000000     0.609657511     0.000000000
    10.280000000     0.000000000     0.610904033     0.000000000
    10.290000000     0.000000000     0.612142821     0.000000000
    10.300000000     0.000000000     0.613373960     0.000000000
    10.310000000     0.000000000     0.614597534     0.000000000
    10.320000000     0.000000000     0.615813627     0.000000000
    10.330000000     0.000000000     0.617022317     0.000000000
    10.340000000     0.000000000     0.618223684     0.000000000
    10.350000000     0.000000000     0.619417807     0.000000000
    10.360000000     0.000000000     0.620604763     0.000000000
    10.370000000     0.000000000     0.621784625     0.000000000
    10.380000000     0.000000000     0.622957470     0.000000000
    10.390000000     0.000000000     0.624123368     0.000000000
    10.400000000     0.000000000     0.625282393     0.000000000
    10.410000000     0.000000000     0.626434614     0.000000000
    10.420000000     0.000000000     0.627580101     0.000000000
    10.430000000     0.000000000     0.628718922     0.000000000
    10.440000000     0.000000000     0.629851144     0.000000000
    10.450000000     0.000000000     0.630976832     0.000000000
    10.460000000     0.000000000     0.632096053     0.000000000
    10.470000000     0.000000000     0.633208870     0.000000000
    10.480000000     0.000000000     0.634315346     0.000000000
    10.490000000     0.000000000     0.635415543     0.000000000
    10.500000000     0.000000000     0.636509522     0.000000000
    10.510000000     0.000000000     0.637597343     0.000000000
    10.520000000     0.000000000     0.638679065     0.000000000
    10.530000000     0.000000000     0.639754746     0.000000000
    10.540000000     0.000000000     0.640824444     0.000000000
    10.550000000     0.000000000     0.641888216     0.000000000
    10.560000000     0.000000000     0.642946117     0.000000000
    10.570000000     0.000000000     0.643998201     0.000000000
    10.580000000     0.000000000     0.645044524     0.000000000
    10.590000000     0.000000000     0.646085139     0.000000000
    10.600000000     0.000000000     0.647120097     0.000000000
    10.610000000     0.000000000     0.648149451     0.000000000
    10.620000000     0.000000000     0.649173251     0.000000000
    10.630000000     0.000000000     0.650191549     0.000000000
    10.640000000     0.000000000     0.651204393     0.000000000
    10.650000000     0.000000000     0.652211833     0.000000000
    10.660000000     0.000000000     0.653213917     0.000000000
    10.670000000     0.000000000     0.654210692     0.000000000
    10.680000000     0.000000000     0.655202206     0.000000000
    10.690000000     0.000000000     0.656188504     0.000000000
    10.700000000     0.000000000     0.657169632     0.000000000
    10.710000000     0.000000000     0.658145635     0.000000000
    10.720000000     0.000000000     0.659116558     0.000000000
    10.730000000     0.000000000     0.660082445     0.000000000
    10.740000000     0.000000000     0.661043338     0.000000000
    10.750000000     0.000000000     0.661999281     0.000000000
    10.760000000     0.000000000     0.662950316     0.000000000
    10.770000000     0.000000000     0.663896483     0.000000000
    10.780000000     0.000000000     0.664837825     0.000000000
    10.790000000     0.000000000     0.665774381     0.000000000
    10.800000000     0.000000000     0.666706191     0.000000000
    10.810000000     0.000000000     0.667633296     0.000000000
    10.820000000     0.000000000     0.668555734     0.000000000
    10.830000000     0.000000000     0.669473544     0.000000000
    10.840000000     0.000000000     0.670386763     0.000000000
    10.850000000     0.000000000     0.671295429     0.000000000
    10.860000000     0.000000000     0.672199579     0.000000000
    10.870000000     0.000000000     0.673099249     0.000000000
    10.880000000     0.000000000     0.673994477     0.000000000
    10.890000000     0.000000000     0.674885297     0.000000000
    10.900000000     0.000000000     0.675771744     0.000000000
    10.910000000     0.000000000     0.676653855     0.000000000
    10.920000000     0.000000000     0.677531662     0.000000000
    10.930000000     0.000000000     0.678405200     0.000000000
    10.940000000     0.000000000     0.679274503     0.000000000
    10.950000000     0.000000000     0.680139604     0.000000000
    10.960000000     0.000000000     0.681000535     0.000000000
    10.970000000     0.000000000     0.681857329     0.000000000
    10.980000000     0.000000000     0.682710019     0.000000000
    10.990000000     0.000000000     0.683558635     0.000000000
    11.000000000     0.000000000     0.684403209     0.000000000
