 # Column 1: omega
 # Column 2: eps2(omega)
 # Column 3: eps1(omega)
 # Column 4: JDOS(omega)
     0.000000000     0.000000000     2.136226243     0.000000000
     0.010000000     0.000000000     2.136235700     0.000000000
     0.020000000     0.000000000     2.136264074     0.000000000
     0.030000000     0.000000000     2.136311370     0.000000000
     0.040000000     0.000000000     2.136377600     0.000000000
     0.050000000     0.000000000     2.136462778     0.000000000
     0.060000000     0.000000000     2.136566922     0.000000000
     0.070000000     0.000000000     2.136690055     0.000000000
     0.080000000     0.000000000     2.136832205     0.000000000
     0.090000000     0.000000000     2.136993403     0.000000000
     0.100000000     0.000000000     2.137173684     0.000000000
     0.110000000     0.000000000     2.137373089     0.000000000
     0.120000000     0.000000000     2.137591661     0.000000000
     0.130000000     0.000000000     2.137829449     0.000000000
     0.140000000     0.000000000     2.138086506     0.000000000
     0.150000000     0.000000000     2.138362889     0.000000000
     0.160000000     0.000000000     2.138658661     0.000000000
     0.170000000     0.000000000     2.138973887     0.000000000
     0.180000000     0.000000000     2.139308638     0.000000000
     0.190000000     0.000000000     2.139662990     0.000000000
     0.200000000     0.000000000     2.140037022     0.000000000
     0.210000000     0.000000000     2.140430821     0.000000000
     0.220000000     0.000000000     2.140844475     0.000000000
     0.230000000     0.000000000     2.141278079     0.000000000
     0.240000000     0.000000000     2.141731733     0.000000000
     0.250000000     0.000000000     2.142205541     0.000000000
     0.260000000     0.000000000     2.142699613     0.000000000
     0.270000000     0.000000000     2.143214064     0.000000000
     0.280000000     0.000000000     2.143749014     0.000000000
     0.290000000     0.000000000     2.144304588     0.000000000
     0.300000000     0.000000000     2.144880918     0.000000000
     0.310000000     0.000000000     2.145478140     0.000000000
     0.320000000     0.000000000     2.146096397     0.000000000
     0.330000000     0.000000000     2.146735837     0.000000000
     0.340000000     0.000000000     2.147396614     0.000000000
     0.350000000     0.000000000     2.148078889     0.000000000
     0.360000000     0.000000000     2.148782828     0.000000000
     0.370000000     0.000000000     2.149508604     0.000000000
     0.380000000     0.000000000     2.150256396     0.000000000
     0.390000000     0.000000000     2.151026391     0.000000000
     0.400000000     0.000000000     2.151818782     0.000000000
     0.410000000     0.000000000     2.152633769     0.000000000
     0.420000000     0.000000000     2.153471559     0.000000000
     0.430000000     0.000000000     2.154332367     0.000000000
     0.440000000     0.000000000     2.155216414     0.000000000
     0.450000000     0.000000000     2.156123932     0.000000000
     0.460000000     0.000000000     2.157055159     0.000000000
     0.470000000     0.000000000     2.158010340     0.000000000
     0.480000000     0.000000000     2.158989731     0.000000000
     0.490000000     0.000000000     2.159993595     0.000000000
     0.500000000     0.000000000     2.161022206     0.000000000
     0.510000000     0.000000000     2.162075844     0.000000000
     0.520000000     0.000000000     2.163154801     0.000000000
     0.530000000     0.000000000     2.164259380     0.000000000
     0.540000000     0.000000000     2.165389891     0.000000000
     0.550000000     0.000000000     2.166546656     0.000000000
     0.560000000     0.000000000     2.167730009     0.000000000
     0.570000000     0.000000000     2.168940293     0.000000000
     0.580000000     0.000000000     2.170177865     0.000000000
     0.590000000     0.000000000     2.171443091     0.000000000
     0.600000000     0.000000000     2.172736352     0.000000000
     0.610000000     0.000000000     2.174058040     0.000000000
     0.620000000     0.000000000     2.175408563     0.000000000
     0.630000000     0.000000000     2.176788339     0.000000000
     0.640000000     0.000000000     2.178197803     0.000000000
     0.650000000     0.000000000     2.179637403     0.000000000
     0.660000000     0.000000000     2.181107604     0.000000000
     0.670000000     0.000000000     2.182608886     0.000000000
     0.680000000     0.000000000     2.184141746     0.000000000
     0.690000000     0.000000000     2.185706696     0.000000000
     0.700000000     0.000000000     2.187304269     0.000000000
     0.710000000     0.000000000     2.188935013     0.000000000
     0.720000000     0.000000000     2.190599500     0.000000000
     0.730000000     0.000000000     2.192298316     0.000000000
     0.740000000     0.000000000     2.194032073     0.000000000
     0.750000000     0.000000000     2.195801402     0.000000000
     0.760000000     0.000000000     2.197606956     0.000000000
     0.770000000     0.000000000     2.199449415     0.000000000
     0.780000000     0.000000000     2.201329478     0.000000000
     0.790000000     0.000000000     2.203247875     0.000000000
     0.800000000     0.000000000     2.205205359     0.000000000
     0.810000000     0.000000000     2.207202712     0.000000000
     0.820000000     0.000000000     2.209240746     0.000000000
     0.830000000     0.000000000     2.211320303     0.000000000
     0.840000000     0.000000000     2.213442255     0.000000000
     0.850000000     0.000000000     2.215607509     0.000000000
     0.860000000     0.000000000     2.217817007     0.000000000
     0.870000000     0.000000000     2.220071726     0.000000000
     0.880000000     0.000000000     2.222372681     0.000000000
     0.890000000     0.000000000     2.224720930     0.000000000
     0.900000000     0.000000000     2.227117570     0.000000000
     0.910000000     0.000000000     2.229563741     0.000000000
     0.920000000     0.000000000     2.232060633     0.000000000
     0.930000000     0.000000000     2.234609482     0.000000000
     0.940000000     0.000000000     2.237211575     0.000000000
     0.950000000     0.000000000     2.239868253     0.000000000
     0.960000000     0.000000000     2.242580913     0.000000000
     0.970000000     0.000000000     2.245351013     0.000000000
     0.980000000     0.000000000     2.248180071     0.000000000
     0.990000000     0.000000000     2.251069672     0.000000000
     1.000000000     0.000000000     2.254021472     0.000000000
     1.010000000     0.000000000     2.257037199     0.000000000
     1.020000000     0.000000000     2.260118658     0.000000000
     1.030000000     0.000000000     2.263267736     0.000000000
     1.040000000     0.000000000     2.266486409     0.000000000
     1.050000000     0.000000000     2.269776740     0.000000000
     1.060000000     0.000000000     2.273140895     0.000000000
     1.070000000     0.000000000     2.276581137     0.000000000
     1.080000000     0.000000000     2.280099843     0.000000000
     1.090000000     0.000000000     2.283699502     0.000000000
     1.100000000     0.000000000     2.287382728     0.000000000
     1.110000000     0.000000000     2.291152264     0.000000000
     1.120000000     0.000000000     2.295010995     0.000000000
     1.130000000     0.000000000     2.298961952     0.000000000
     1.140000000     0.000000000     2.303008322     0.000000000
     1.150000000     0.000000000     2.307153463     0.000000000
     1.160000000     0.000000000     2.311400912     0.000000000
     1.170000000     0.000000000     2.315754397     0.000000000
     1.180000000     0.000000000     2.320217851     0.000000000
     1.190000000     0.000000000     2.324795427     0.000000000
     1.200000000     0.000000000     2.329491513     0.000000000
     1.210000000     0.000000000     2.334310749     0.000000000
     1.220000000     0.000000000     2.339258047     0.000000000
     1.230000000     0.000000000     2.344338608     0.000000000
     1.240000000     0.000000000     2.349557947     0.000000000
     1.250000000     0.000000000     2.354921917     0.000000000
     1.260000000     0.000000000     2.360436734     0.000000000
     1.270000000     0.000000000     2.366109005     0.000000000
     1.280000000     0.000000000     2.371945763     0.000000000
     1.290000000     0.000000000     2.377954501     0.000000000
     1.300000000     0.000000000     2.384143206     0.000000000
     1.310000000     0.000000000     2.390520409     0.000000000
     1.320000000     0.000000000     2.397095223     0.000000000
     1.330000000     0.000000000     2.403877402     0.000000000
     1.340000000     0.000000000     2.410877394     0.000000000
     1.350000000     0.000000000     2.418106406     0.000000000
     1.360000000     0.000000000     2.425576473     0.000000000
     1.370000000     0.000000000     2.433300536     0.000000000
     1.380000000     0.000000000     2.441292534     0.000000000
     1.390000000     0.000000000     2.449567493     0.000000000
     1.400000000     0.000000000     2.458141642     0.000000000
     1.410000000     0.000000000     2.467032536     0.000000000
     1.420000000     0.000000000     2.476259185     0.000000001
     1.430000000     0.000000001     2.485842219     0.000000002
     1.440000000     0.000000003     2.495804056     0.000000005
     1.450000000     0.000000007     2.506169100     0.000000012
     1.460000000     0.000000017     2.516963967     0.000000029
     1.470000000     0.000000041     2.528217736     0.000000068
     1.480000000     0.000000095     2.539962238     0.000000154
     1.490000000     0.000000211     2.552232384     0.000000336
     1.500000000     0.000000450     2.565066544     0.000000705
     1.510000000     0.000000923     2.578506970     0.000001424
     1.520000000     0.000001828     2.592600293     0.000002767
     1.530000000     0.000003488     2.607398087     0.000005175
     1.540000000     0.000006423     2.622957520     0.000009312
     1.550000000     0.000011420     2.639342097     0.000016128
     1.560000000     0.000019629     2.656622525     0.000026890
     1.570000000     0.000032683     2.674877698     0.000043172
     1.580000000     0.000052902     2.694195834     0.000066756
     1.590000000     0.000083729     2.714675761     0.000099440
     1.600000000     0.000130802     2.736428389     0.000142730
     1.610000000     0.000204538     2.759578339     0.000197454
     1.620000000     0.000325999     2.784265734     0.000263344
     1.630000000     0.000539339     2.810648118     0.000338685
     1.640000000     0.000936427     2.838902476     0.000420141
     1.650000000     0.001702344     2.869227434     0.000502847
     1.660000000     0.003193774     2.901845937     0.000580819
     1.670000000     0.006064480     2.937008636     0.000647672
     1.680000000     0.011450427     2.974996823     0.000697550
     1.690000000     0.021217913     3.016121709     0.000726113
     1.700000000     0.038257291     3.060718922     0.000731391
     1.710000000     0.066770696     3.109139145     0.000714344
     1.720000000     0.112457814     3.161723954     0.000679007
     1.730000000     0.182461085     3.218743543     0.000632193
     1.740000000     0.284911927     3.280280277     0.000582807
     1.750000000     0.427948868     3.346035512     0.000540885
     1.760000000     0.618178003     3.414991571     0.000516527
     1.770000000     0.858716488     3.484804198     0.000518853
     1.780000000     1.147168362     3.550742529     0.000555146
     1.790000000     1.474060626     3.603953520     0.000630270
     1.800000000     1.822329306     3.628969565     0.000746437
     1.810000000     2.168319016     3.601213743     0.000903379
     1.820000000     2.484430805     3.487747447     0.001098889
     1.830000000     2.743090482     3.258466747     0.001329705
     1.840000000     2.921257439     2.912872766     0.001592601
     1.850000000     3.004423840     2.504679510     0.001885557
     1.860000000     2.989093350     2.123513855     0.002208815
     1.870000000     2.883096381     1.837322990     0.002565707
     1.880000000     2.703685690     1.660665141     0.002963119
     1.890000000     2.473961631     1.570723364     0.003411545
     1.900000000     2.218590875     1.533214135     0.003924682
     1.910000000     1.959874797     1.516977121     0.004518527
     1.920000000     1.714991439     1.502168890     0.005209960
     1.930000000     1.494795144     1.484792219     0.006014844
     1.940000000     1.304087176     1.472500352     0.006945762
     1.950000000     1.142925754     1.472403315     0.008009647
     1.960000000     1.008405180     1.483271241     0.009205666
     1.970000000     0.896389165     1.498603991     0.010523715
     1.980000000     0.802857340     1.513435591     0.011943843
     1.990000000     0.724723327     1.527570958     0.013436712
     2.000000000     0.660139369     1.544321062     0.014965099
     2.010000000     0.608390507     1.566985229     0.016486270
     2.020000000     0.569511019     1.596336268     0.017955112
     2.030000000     0.543753879     1.630849635     0.019327901
     2.040000000     0.531033332     1.667953647     0.020566603
     2.050000000     0.530450401     1.704459414     0.021643487
     2.060000000     0.539997401     1.736667215     0.022545518
     2.070000000     0.556511389     1.760945087     0.023277729
     2.080000000     0.575902708     1.774443507     0.023864541
     2.090000000     0.593627080     1.775212647     0.024348106
     2.100000000     0.605311096     1.762208830     0.024783284
     2.110000000     0.607398717     1.737019685     0.025229656
     2.120000000     0.597675942     1.706159889     0.025741923
     2.130000000     0.575558163     1.679333625     0.026360701
     2.140000000     0.542083953     1.663892260     0.027105862
     2.150000000     0.499632462     1.661632872     0.027974122
     2.160000000     0.451446688     1.670185744     0.028941532
     2.170000000     0.401081996     1.685848454     0.029970321
     2.180000000     0.351899548     1.705559942     0.031018441
     2.190000000     0.306692235     1.727746331     0.032049600
     2.200000000     0.267481336     1.752149167     0.033041532
     2.210000000     0.235474148     1.778947345     0.033990892
     2.220000000     0.211140639     1.807908945     0.034914048
     2.230000000     0.194356412     1.838128009     0.035844045
     2.240000000     0.184566387     1.868262175     0.036824772
     2.250000000     0.180939896     1.896981915     0.037903830
     2.260000000     0.182504166     1.923435449     0.039125581
     2.270000000     0.188253959     1.947531401     0.040525597
     2.280000000     0.197239553     1.969820121     0.042127166
     2.290000000     0.208635487     1.990956551     0.043939973
     2.300000000     0.221791949     2.011148187     0.045960568
     2.310000000     0.236271252     2.030122089     0.048173927
     2.320000000     0.251873638     2.047657100     0.050555400
     2.330000000     0.268658199     2.064075447     0.053072466
     2.340000000     0.286963703     2.080077873     0.055686058
     2.350000000     0.307429125     2.096125167     0.058351518
     2.360000000     0.331004655     2.112045666     0.061019471
     2.370000000     0.358933429     2.127179679     0.063636959
     2.380000000     0.392676618     2.140903536     0.066149029
     2.390000000     0.433755737     2.153171198     0.068500789
     2.400000000     0.483500255     2.164691584     0.070639673
     2.410000000     0.542716133     2.176354244     0.072517620
     2.420000000     0.611325686     2.187844860     0.074092915
     2.430000000     0.688059409     2.196525982     0.075331682
     2.440000000     0.770292311     2.197728816     0.076209263
     2.450000000     0.854100720     2.186042556     0.076711821
     2.460000000     0.934570036     2.156742363     0.076838424
     2.470000000     1.006320728     2.107292469     0.076603501
     2.480000000     1.064159350     2.039089532     0.076039173
     2.490000000     1.103724959     1.958641742     0.075196557
     2.500000000     1.122002854     1.875918933     0.074145109
     2.510000000     1.117616267     1.799322442     0.072969269
     2.520000000     1.090867834     1.731793168     0.071762269
     2.530000000     1.043563644     1.672011399     0.070617641
     2.540000000     0.978692977     1.618342306     0.069619563
     2.550000000     0.900046792     1.571214637     0.068833587
     2.560000000     0.811841354     1.532856546     0.068299270
     2.570000000     0.718383823     1.505755453     0.068025931
     2.580000000     0.623789937     1.491341880     0.067992151
     2.590000000     0.531750320     1.489331892     0.068148977
     2.600000000     0.445342516     1.497738145     0.068426149
     2.610000000     0.366894219     1.513651286     0.068740246
     2.620000000     0.297910093     1.534251200     0.069003481
     2.630000000     0.239073792     1.557363773     0.069131958
     2.640000000     0.190327216     1.581497956     0.069052489
     2.650000000     0.151014794     1.605687474     0.068707435
     2.660000000     0.120067778     1.629356119     0.068057347
     2.670000000     0.096197217     1.652210402     0.067081478
     2.680000000     0.078066283     1.674140087     0.065776400
     2.690000000     0.064421433     1.695149988     0.064153101
     2.700000000     0.054173956     1.715327416     0.062233073
     2.710000000     0.046434817     1.734790372     0.060044067
     2.720000000     0.040513626     1.753591522     0.057616216
     2.730000000     0.035895824     1.771670777     0.054979253
     2.740000000     0.032211215     1.788922635     0.052161300
     2.750000000     0.029203233     1.805316782     0.049189421
     2.760000000     0.026703487     1.820956829     0.046091621
     2.770000000     0.024611894     1.836015039     0.042899653
     2.780000000     0.022880018     1.850632161     0.039651671
     2.790000000     0.021494566     1.864903575     0.036393778
     2.800000000     0.020459153     1.878905363     0.033179765
     2.810000000     0.019774637     1.892674818     0.030068726
     2.820000000     0.019420621     1.906183709     0.027120871
     2.830000000     0.019342149     1.919346494     0.024392291
     2.840000000     0.019445553     1.932031946     0.021929776
     2.850000000     0.019605630     1.944069634     0.019766771
     2.860000000     0.019683454     1.955295888     0.017921264
     2.870000000     0.019550936     1.965673311     0.016395858
     2.880000000     0.019116003     1.975422690     0.015179732
     2.890000000     0.018341765     1.984994261     0.014251770
     2.900000000     0.017254600     1.994820574     0.013583981
     2.910000000     0.015939182     2.005086593     0.013144482
     2.920000000     0.014522096     2.015729306     0.012899625
     2.930000000     0.013148545     2.026578475     0.012815235
     2.940000000     0.011957887     2.037470830     0.012857210
     2.950000000     0.011063097     2.048291970     0.012991852
     2.960000000     0.010537287     2.058976336     0.013186262
     2.970000000     0.010407974     2.069497199     0.013408958
     2.980000000     0.010657931     2.079855985     0.013630742
     2.990000000     0.011230587     2.090064449     0.013825692
     3.000000000     0.012038213     2.100119050     0.013972113
     3.010000000     0.012971948     2.109982765     0.014053304
     3.020000000     0.013913508     2.119583830     0.014057998
     3.030000000     0.014748714     2.128842525     0.013980454
     3.040000000     0.015382579     2.137739831     0.013820201
     3.050000000     0.015754871     2.146381278     0.013581524
     3.060000000     0.015854215     2.154970410     0.013272827
     3.070000000     0.015728255     2.163702048     0.012906004
     3.080000000     0.015487396     2.172690538     0.012495934
     3.090000000     0.015300088     2.181985411     0.012060072
     3.100000000     0.015378442     2.191616184     0.011618042
     3.110000000     0.015954013     2.201596142     0.011191057
     3.120000000     0.017244902     2.211892096     0.010800991
     3.130000000     0.019417083     2.222413564     0.010469070
     3.140000000     0.022544893     2.233023486     0.010214315
     3.150000000     0.026577682     2.243541387     0.010051966
     3.160000000     0.031320905     2.253732558     0.009992223
     3.170000000     0.036439405     2.263296618     0.010039564
     3.180000000     0.041487697     2.271869460     0.010192775
     3.190000000     0.045966573     2.279052785     0.010445725
     3.200000000     0.049398559     2.284541346     0.010788815
     3.210000000     0.051408601     2.288461672     0.011210981
     3.220000000     0.051793123     2.291702491     0.011702077
     3.230000000     0.050561834     2.295624242     0.012255343
     3.240000000     0.047942451     2.301232227     0.012869560
     3.250000000     0.044347202     2.308757463     0.013550346
     3.260000000     0.040308882     2.317913058     0.014310071
     3.270000000     0.036400579     2.328280139     0.015166088
     3.280000000     0.033155266     2.339482858     0.016137329
     3.290000000     0.030999267     2.351211580     0.017239841
     3.300000000     0.030208464     2.363216269     0.018482188
     3.310000000     0.030890249     2.375294709     0.019861858
     3.320000000     0.032989296     2.387256006     0.021363618
     3.330000000     0.036312264     2.398870310     0.022960332
     3.340000000     0.040565420     2.409859507     0.024616170
     3.350000000     0.045399193     2.419979594     0.026291590
     3.360000000     0.050454207     2.429175419     0.027949128
     3.370000000     0.055403842     2.437648701     0.029558954
     3.380000000     0.059989028     2.445698319     0.031103364
     3.390000000     0.064041825     2.453544473     0.032579619
     3.400000000     0.067495639     2.461392788     0.034000914
     3.410000000     0.070381541     2.469490205     0.035395439
     3.420000000     0.072811907     2.477959162     0.036803670
     3.430000000     0.074954148     2.486735916     0.038274153
     3.440000000     0.076998517     2.495768529     0.039858146
     3.450000000     0.079124745     2.505147780     0.041603701
     3.460000000     0.081472464     2.514978349     0.043549912
     3.470000000     0.084119947     2.525179575     0.045722106
     3.480000000     0.087074508     2.535440429     0.048128665
     3.490000000     0.090275890     2.545358969     0.050759883
     3.500000000     0.093611612     2.554661242     0.053588890
     3.510000000     0.096940854     2.563380411     0.056574354
     3.520000000     0.100121979     2.571854407     0.059664495
     3.530000000     0.103038427     2.580473841     0.062801925
     3.540000000     0.105618594     2.589410817     0.065928959
     3.550000000     0.107846963     2.598598685     0.068993132
     3.560000000     0.109765595     2.607916841     0.071952598
     3.570000000     0.111466570     2.617354552     0.074780975
     3.580000000     0.113077096     2.627051303     0.077470877
     3.590000000     0.114739832     2.637241760     0.080035306
     3.600000000     0.116591702     2.648108188     0.082506140
     3.610000000     0.118745088     2.659614631     0.084929457
     3.620000000     0.121275336     2.671488342     0.087358203
     3.630000000     0.124217625     2.683366538     0.089843523
     3.640000000     0.127574291     2.694980254     0.092426703
     3.650000000     0.131331015     2.706261725     0.095133775
     3.660000000     0.135477720     2.717345453     0.097974266
     3.670000000     0.140028493     2.728499132     0.100944534
     3.680000000     0.145034923     2.739993569     0.104034738
     3.690000000     0.150588913     2.751936977     0.107237409
     3.700000000     0.156813637     2.764210514     0.110555006
     3.710000000     0.163844054     2.776586116     0.114004086
     3.720000000     0.171800421     2.788903564     0.117614740
     3.730000000     0.180759380     2.801121204     0.121425292
     3.740000000     0.190727269     2.813196592     0.125473662
     3.750000000     0.201619784     2.824962250     0.129787635
     3.760000000     0.213251188     2.836158628     0.134376487
     3.770000000     0.225335307     2.846526032     0.139225853
     3.780000000     0.237499602     2.855809335     0.144296789
     3.790000000     0.249312951     2.863785859     0.149528820
     3.800000000     0.260327062     2.870472361     0.154845945
     3.810000000     0.270130402     2.876306191     0.160164024
     3.820000000     0.278411402     2.881892266     0.165397972
     3.830000000     0.285023995     2.887466758     0.170467485
     3.840000000     0.290043670     2.892759439     0.175300540
     3.850000000     0.293797660     2.897521576     0.179834512
     3.860000000     0.296851598     2.902225369     0.184015310
     3.870000000     0.299939664     2.908177891     0.187795405
     3.880000000     0.303837360     2.916813604     0.191131926
     3.890000000     0.309193563     2.928739705     0.193986007
     3.900000000     0.316356306     2.943270851     0.196324286
     3.910000000     0.325237494     2.958626147     0.198122777
     3.920000000     0.335259427     2.972432646     0.199372495
     3.930000000     0.345408553     2.982322161     0.200085345
     3.940000000     0.354393413     2.986723256     0.200298332
     3.950000000     0.360873427     2.985728884     0.200074241
     3.960000000     0.363703981     2.981447840     0.199497693
     3.970000000     0.362139197     2.977342887     0.198666768
     3.980000000     0.355948364     2.976760678     0.197681638
     3.990000000     0.345429389     2.981406359     0.196632620
     4.000000000     0.331332146     2.990778863     0.195590241
     4.010000000     0.314725435     3.003040792     0.194599317
     4.020000000     0.296847211     3.016608073     0.193677909
     4.030000000     0.278969395     3.031320802     0.192820719
     4.040000000     0.262292318     3.048352535     0.192005503
     4.050000000     0.247868177     3.068912631     0.191200747
     4.060000000     0.236544334     3.093089235     0.190373059
     4.070000000     0.228917619     3.119911008     0.189493448
     4.080000000     0.225297336     3.148070878     0.188542348
     4.090000000     0.225682165     3.176383569     0.187513672
     4.100000000     0.229760206     3.203898420     0.186418208
     4.110000000     0.236940013     3.229966062     0.185286325
     4.120000000     0.246414609     3.254316276     0.184169503
     4.130000000     0.257252990     3.277024761     0.183139944
     4.140000000     0.268507166     3.298325084     0.182287628
     4.150000000     0.279319319     3.318390098     0.181714606
     4.160000000     0.289013382     3.337313656     0.181527045
     4.170000000     0.297157965     3.355414156     0.181826089
     4.180000000     0.303592220     3.373523810     0.182699028
     4.190000000     0.308412163     3.392725805     0.184212140
     4.200000000     0.311921485     3.413740151     0.186406192
     4.210000000     0.314556696     3.436699514     0.189294893
     4.220000000     0.316800566     3.461366482     0.192865841
     4.230000000     0.319098968     3.487316229     0.197082951
     4.240000000     0.321794189     3.514045218     0.201889067
     4.250000000     0.325083179     3.541154206     0.207207575
     4.260000000     0.329003476     3.568489614     0.212942318
     4.270000000     0.333444501     3.596118266     0.218975816
     4.280000000     0.338178651     3.624191462     0.225166478
     4.290000000     0.342905411     3.652823051     0.231346036
     4.300000000     0.347301959     3.681999462     0.237318536
     4.310000000     0.351074444     3.711533065     0.242862104
     4.320000000     0.354004806     3.741247082     0.247734254
     4.330000000     0.355988573     3.771403624     0.251681099
     4.340000000     0.357060015     3.802886313     0.254450364
     4.350000000     0.357402665     3.836718224     0.255807763
     4.360000000     0.357345394     3.873335825     0.255555911
     4.370000000     0.357346150     3.912468074     0.253554381
     4.380000000     0.357966483     3.953645510     0.249738924
     4.390000000     0.359839648     3.996641214     0.244137199
     4.400000000     0.363633945     4.041599590     0.236878088
     4.410000000     0.370011797     4.088964988     0.228191857
     4.420000000     0.379584714     4.139130004     0.218399479
     4.430000000     0.392864916     4.192004526     0.207890994
     4.440000000     0.410215634     4.246876785     0.197094798
     4.450000000     0.431803673     4.302563786     0.186441544
     4.460000000     0.457559700     4.357897300     0.176327506
     4.470000000     0.487154220     4.412480838     0.167082490
     4.480000000     0.520000119     4.466948481     0.158946575
     4.490000000     0.555294402     4.522107237     0.152058450
     4.500000000     0.592109453     4.577764565     0.146456177
     4.510000000     0.629534951     4.632559846     0.142089309
     4.520000000     0.666855107     4.684870998     0.138839705
     4.530000000     0.703726017     4.734033602     0.136547286
     4.540000000     0.740302895     4.781302956     0.135036426
     4.550000000     0.777266127     4.830058385     0.134138807
     4.560000000     0.815714550     4.884589993     0.133709394
     4.570000000     0.856932285     4.947651907     0.133633663
     4.580000000     0.902080906     5.018837482     0.133826275
     4.590000000     0.951904701     5.095089097     0.134223366
     4.600000000     1.006546815     5.172070281     0.134772153
     4.610000000     1.065549959     5.245442048     0.135421949
     4.620000000     1.128061605     5.312356676     0.136119818
     4.630000000     1.193197319     5.372648010     0.136812183
     4.640000000     1.260460864     5.428797996     0.137451425
     4.650000000     1.330096952     5.485332554     0.138004712
     4.660000000     1.403272397     5.548013520     0.138461587
     4.670000000     1.482037931     5.621483631     0.138837509
     4.680000000     1.569096559     5.706197594     0.139172123
     4.690000000     1.667467496     5.798127765     0.139523002
     4.700000000     1.780163169     5.892094365     0.139957024
     4.710000000     1.909977891     5.984926473     0.140542056
     4.720000000     2.059425962     6.074804393     0.141341034
     4.730000000     2.230786741     6.158689311     0.142409260
     4.740000000     2.426147621     6.233078310     0.143794309
     4.750000000     2.647314575     6.297936342     0.145537002
     4.760000000     2.895500735     6.357957063     0.147671720
     4.770000000     3.170798899     6.418613215     0.150224986
     4.780000000     3.471560485     6.480308362     0.153212317
     4.790000000     3.793892762     6.535400425     0.156634379
     4.800000000     4.131503611     6.569235748     0.160474038
     4.810000000     4.476049471     6.563709681     0.164695652
     4.820000000     4.817996104     6.505173741     0.169247160
     4.830000000     5.147835870     6.395237314     0.174064471
     4.840000000     5.457384101     6.252890601     0.179076825
     4.850000000     5.740849523     6.102635017     0.184211671
     4.860000000     5.995448620     5.960754056     0.189398030
     4.870000000     6.221477524     5.830486944     0.194568262
     4.880000000     6.421907557     5.705236096     0.199658966
     4.890000000     6.601675163     5.576103999     0.204612176
     4.900000000     6.766866031     5.439231569     0.209377702
     4.910000000     6.923956350     5.299173467     0.213916741
     4.920000000     7.079207172     5.165515018     0.218205898
     4.930000000     7.238248490     5.043933328     0.222240175
     4.940000000     7.405856835     4.930773062     0.226033462
     4.950000000     7.585916878     4.816772987     0.229615697
     4.960000000     7.781541350     4.694380248     0.233026857
     4.970000000     7.995286615     4.559439649     0.236308997
     4.980000000     8.229346665     4.407785862     0.239498179
     4.990000000     8.485563639     4.236050196     0.242618277
     5.000000000     8.765097098     4.047611399     0.245678164
     5.010000000     9.067674365     3.852248374     0.248672921
     5.020000000     9.390496027     3.655989904     0.251588731
     5.030000000     9.727050932     3.452300950     0.254410161
     5.040000000    10.066234060     3.223774878     0.257127951
     5.050000000    10.392189219     2.950597141     0.259745236
     5.060000000    10.685179027     2.616294799     0.262280504
     5.070000000    10.923533100     2.210015267     0.264766370
     5.080000000    11.086411886     1.731857011     0.267244312
     5.090000000    11.156851219     1.198517657     0.269756531
     5.100000000    11.124418703     0.641974054     0.272336772
     5.110000000    10.986871545     0.102277606     0.275002059
     5.120000000    10.750443416    -0.384015860     0.277746905
     5.130000000    10.428729469    -0.797014523     0.280540786
     5.140000000    10.040473611    -1.137887481     0.283328902
     5.150000000     9.606788687    -1.420410918     0.286035718
     5.160000000     9.148402238    -1.659260370     0.288570572
     5.170000000     8.683423692    -1.863653520     0.290834697
     5.180000000     8.225929969    -2.036346592     0.292729113
     5.190000000     7.785443403    -2.176525438     0.294162840
     5.200000000     7.367193839    -2.285423867     0.295060751
     5.210000000     6.972947485    -2.370374486     0.295370236
     5.220000000     6.602145878    -2.442483726     0.295065855
     5.230000000     6.253107352    -2.509558188     0.294151388
     5.240000000     5.924078713    -2.571380133     0.292659086
     5.250000000     5.613976451    -2.621291759     0.290646385
     5.260000000     5.322724754    -2.651563958     0.288190611
     5.270000000     5.051182125    -2.657652995     0.285382283
     5.280000000     4.800739418    -2.639728405     0.282317602
     5.290000000     4.572747420    -2.602521667     0.279090686
     5.300000000     4.367965644    -2.554566783     0.275786210
     5.310000000     4.186200008    -2.506390776     0.272473278
     5.320000000     4.026220397    -2.466328610     0.269201496
     5.330000000     3.885946789    -2.436355857     0.266000041
     5.340000000     3.762802904    -2.412664199     0.262880078
     5.350000000     3.654092862    -2.389959045     0.259840132
     5.360000000     3.557272608    -2.364186723     0.256873252
     5.370000000     3.470052377    -2.333235407     0.253974272
     5.380000000     3.390348231    -2.298346412     0.251145406
     5.390000000     3.316163879    -2.264886304     0.248398828
     5.400000000     3.245503761    -2.239693299     0.245755758
     5.410000000     3.176390603    -2.226336535     0.243242522
     5.420000000     3.107001714    -2.222601025     0.240884961
     5.430000000     3.035875996    -2.222721169     0.238702979
     5.440000000     2.962104318    -2.221706125     0.236706987
     5.450000000     2.885414085    -2.217336408     0.234897370
     5.460000000     2.806093091    -2.209544280     0.233267129
     5.470000000     2.724754009    -2.198913753     0.231806788
     5.480000000     2.641998886    -2.185460521     0.230509883
     5.490000000     2.558083798    -2.168753957     0.229377077
     5.500000000     2.472694527    -2.149157240     0.228417427
     5.510000000     2.384920483    -2.128781723     0.227646284
     5.520000000     2.293460871    -2.111499137     0.227080568
     5.530000000     2.197027864    -2.101352780     0.226733167
     5.540000000     2.094845889    -2.098762850     0.226608673
     5.550000000     1.987105449    -2.097757404     0.226702340
     5.560000000     1.875230235    -2.088924879     0.227003131
     5.570000000     1.761861546    -2.065159459     0.227500346
     5.580000000     1.650542761    -2.023924447     0.228192040
     5.590000000     1.545174003    -1.966599549     0.229092652
     5.600000000     1.449374070    -1.897707716     0.230237255
     5.610000000     1.365910235    -1.823725341     0.231680566
     5.620000000     1.296329507    -1.751093645     0.233490082
     5.630000000     1.240858373    -1.684403807     0.235734045
     5.640000000     1.198556497    -1.625433475     0.238466056
     5.650000000     1.167641652    -1.573081200     0.241708705
     5.660000000     1.145869352    -1.524525867     0.245438658
     5.670000000     1.130858404    -1.477512841     0.249575251
     5.680000000     1.120295022    -1.431990433     0.253974105
     5.690000000     1.112004868    -1.389473384     0.258426796
     5.700000000     1.103933520    -1.350997203     0.262667221
     5.710000000     1.094104776    -1.316224680     0.266385049
     5.720000000     1.080625705    -1.284782320     0.269246167
     5.730000000     1.061780295    -1.257701401     0.270919313
     5.740000000     1.036211340    -1.236610319     0.271106977
     5.750000000     1.003148128    -1.221249660     0.269577387
     5.760000000     0.962610254    -1.207954754     0.266193324
     5.770000000     0.915514839    -1.190971716     0.260933150
     5.780000000     0.863636490    -1.165526861     0.253900012
     5.790000000     0.809408967    -1.129800096     0.245316868
     5.800000000     0.755601320    -1.084881760     0.235507381
     5.810000000     0.704934980    -1.033653341     0.224865337
     5.820000000     0.659721856    -0.979198731     0.213817387
     5.830000000     0.621594551    -0.923527584     0.202784992
     5.840000000     0.591373206    -0.867577263     0.192151285
     5.850000000     0.569079033    -0.812198129     0.182237143
     5.860000000     0.554072411    -0.758653027     0.173288634
     5.870000000     0.545271116    -0.708113509     0.165475601
     5.880000000     0.541395177    -0.661170184     0.158899289
     5.890000000     0.541188697    -0.617711882     0.153605751
     5.900000000     0.543582859    -0.576642116     0.149601599
     5.910000000     0.547783894    -0.536094696     0.146869188
     5.920000000     0.553289898    -0.494756626     0.145379218
     5.930000000     0.559855930    -0.452801084     0.145099650
     5.940000000     0.567433797    -0.411414569     0.146000559
     5.950000000     0.576109880    -0.371878476     0.148054997
     5.960000000     0.586053589    -0.334904718     0.151236305
     5.970000000     0.597475763    -0.300230378     0.155512612
     5.980000000     0.610587349    -0.266681107     0.160839635
     5.990000000     0.625548419    -0.232801699     0.167153225
     6.000000000     0.642406676    -0.197773874     0.174363215
     6.010000000     0.661038419    -0.162016839     0.182349966
     6.020000000     0.681116273    -0.127075635     0.190964513
     6.030000000     0.702130103    -0.094965988     0.200032532
     6.040000000     0.723477616    -0.067246778     0.209361682
     6.050000000     0.744621820    -0.044158915     0.218751409
     6.060000000     0.765290666    -0.024384466     0.228004094
     6.070000000     0.785677587    -0.005676697     0.236936453
     6.080000000     0.806595946     0.014086698     0.245390192
     6.090000000     0.829546234     0.036187273     0.253241025
     6.100000000     0.856669008     0.060989398     0.260405098
     6.110000000     0.890573500     0.088221206     0.266841889
     6.120000000     0.934047149     0.117177670     0.272552725
     6.130000000     0.989663814     0.146755615     0.277574470
     6.140000000     1.059320174     0.175508690     0.281968670
     6.150000000     1.143744153     0.201518466     0.285807433
     6.160000000     1.242037864     0.222010473     0.289158259
     6.170000000     1.351337594     0.233413292     0.292070596
     6.180000000     1.466686534     0.231978842     0.294566843
     6.190000000     1.581210928     0.214081903     0.296639679
     6.200000000     1.686657024     0.176166063     0.298256266
     6.210000000     1.774282374     0.115324003     0.299368340
     6.220000000     1.836009982     0.030628843     0.299925970
     6.230000000     1.865669158    -0.075119162     0.299892138
     6.240000000     1.860090689    -0.193298291     0.299255327
     6.250000000     1.819820615    -0.309115663     0.298037972
     6.260000000     1.749276451    -0.405661492     0.296299520
     6.270000000     1.656281275    -0.470735984     0.294133848
     6.280000000     1.551044564    -0.501235336     0.291661627
     6.290000000     1.444775103    -0.502142886     0.289018909
     6.300000000     1.348177665    -0.482193871     0.286343758
     6.310000000     1.270086922    -0.450090419     0.283763065
     6.320000000     1.216437352    -0.412990777     0.281381799
     6.330000000     1.189682419    -0.376552756     0.279276631
     6.340000000     1.188689817    -0.345295067     0.277495137
     6.350000000     1.209073943    -0.322890390     0.276060607
     6.360000000     1.243887805    -0.312773027     0.274981174
     6.370000000     1.284576848    -0.318833919     0.274260821
     6.380000000     1.322083826    -0.344848504     0.273909212
     6.390000000     1.347979382    -0.392132886     0.273947461
     6.400000000     1.355480156    -0.457018324     0.274407959
     6.410000000     1.340216680    -0.530251504     0.275327919
     6.420000000     1.300639273    -0.599533211     0.276737996
     6.430000000     1.238005701    -0.654471282     0.278648760
     6.440000000     1.155970285    -0.690403967     0.281038514
     6.450000000     1.059870589    -0.707976472     0.283845782
     6.460000000     0.955861939    -0.709975710     0.286968885
     6.470000000     0.850065955    -0.699191489     0.290273487
     6.480000000     0.747874591    -0.678233168     0.293607253
     6.490000000     0.653496664    -0.649634444     0.296819186
     6.500000000     0.569768682    -0.615623332     0.299779999
     6.510000000     0.498195103    -0.578018489     0.302399434
     6.520000000     0.439147886    -0.538314616     0.304636750
     6.530000000     0.392144949    -0.497777730     0.306501812
     6.540000000     0.356137781    -0.457396178     0.308046182
     6.550000000     0.329761186    -0.417750546     0.309345951
     6.560000000     0.311523682    -0.379032216     0.310480317
     6.570000000     0.299938342    -0.341286237     0.311511290
     6.580000000     0.293606745    -0.304764218     0.312469980
     6.590000000     0.291272579    -0.270106888     0.313353254
     6.600000000     0.291858066    -0.238083102     0.314131687
     6.610000000     0.294489244    -0.208992216     0.314766273
     6.620000000     0.298509382    -0.182257897     0.315228625
     6.630000000     0.303476523    -0.156681790     0.315518280
     6.640000000     0.309142776    -0.131183838     0.315671715
     6.650000000     0.315418346    -0.105366654     0.315760426
     6.660000000     0.322329331    -0.079570762     0.315878956
     6.670000000     0.329981521    -0.054638678     0.316126723
     6.680000000     0.338540287    -0.031454260     0.316588955
     6.690000000     0.348229207    -0.010264516     0.317321560
     6.700000000     0.359339693     0.009538190     0.318342777
     6.710000000     0.372234643     0.028758710     0.319631918
     6.720000000     0.387325142     0.047723053     0.321133466
     6.730000000     0.405003226     0.066317466     0.322763948
     6.740000000     0.425526098     0.084318021     0.324419370
     6.750000000     0.448865720     0.101459300     0.325982198
     6.760000000     0.474557388     0.117339961     0.327328047
     6.770000000     0.501595286     0.131373039     0.328332816
     6.780000000     0.528425171     0.142593199     0.328880702
     6.790000000     0.553069898     0.149270108     0.328872608
     6.800000000     0.573392660     0.148958218     0.328233478
     6.810000000     0.587462280     0.139757054     0.326916704
     6.820000000     0.593946652     0.122522591     0.324904156
     6.830000000     0.592438381     0.102121342     0.322201691
     6.840000000     0.583621123     0.085647065     0.318831445
     6.850000000     0.569218038     0.078509152     0.314823406
     6.860000000     0.551717035     0.082102941     0.310208980
     6.870000000     0.533925416     0.094586712     0.305018503
     6.880000000     0.518451540     0.112838866     0.299283178
     6.890000000     0.507230080     0.133724931     0.293040292
     6.900000000     0.501196007     0.154462181     0.286339506
     6.910000000     0.500175272     0.172718785     0.279247848
     6.920000000     0.503008583     0.186817553     0.271851748
     6.930000000     0.507871798     0.195830827     0.264255723
     6.940000000     0.512714428     0.199307115     0.256578487
     6.950000000     0.515714757     0.197316839     0.248947894
     6.960000000     0.515650412     0.191646280     0.241496027
     6.970000000     0.512106287     0.186573931     0.234355048
     6.980000000     0.505482640     0.186910793     0.227653601
     6.990000000     0.496815277     0.194932009     0.221513000
     7.000000000     0.487465026     0.209654610     0.216042507
     7.010000000     0.478763090     0.228334763     0.211333580
     7.020000000     0.471704581     0.247980981     0.207453814
     7.030000000     0.466763493     0.266185559     0.204441919
     7.040000000     0.463865188     0.281701306     0.202305110
     7.050000000     0.462508728     0.294511474     0.201019660
     7.060000000     0.461993962     0.305148935     0.200534320
     7.070000000     0.461686556     0.314365025     0.200775298
     7.080000000     0.461251877     0.323570225     0.201650985
     7.090000000     0.460803359     0.334622980     0.203054886
     7.100000000     0.460936091     0.348698580     0.204866242
     7.110000000     0.462644282     0.365858723     0.206949128
     7.120000000     0.467145344     0.385717477     0.209151938
     7.130000000     0.475649918     0.407949443     0.211309515
     7.140000000     0.489124917     0.432031795     0.213249643
     7.150000000     0.508096076     0.456833912     0.214804203
     7.160000000     0.532528688     0.480640026     0.215823635
     7.170000000     0.561811557     0.501554353     0.216191919
     7.180000000     0.594851143     0.518031197     0.215838717
     7.190000000     0.630262502     0.529249094     0.214745840
     7.200000000     0.666623996     0.535119995     0.212946565
     7.210000000     0.702747527     0.536215591     0.210518189
     7.220000000     0.737909112     0.533963900     0.207569773
     7.230000000     0.771988656     0.530522914     0.204227891
     7.240000000     0.805483480     0.527842295     0.200623120
     7.250000000     0.839385613     0.526937181     0.196879053
     7.260000000     0.874943134     0.528111391     0.193104425
     7.270000000     0.913354404     0.531207823     0.189387851
     7.280000000     0.955463323     0.535246443     0.185794239
     7.290000000     1.001527757     0.538188489     0.182362166
     7.300000000     1.051119175     0.537309515     0.179102244
     7.310000000     1.103181354     0.529673504     0.175997196
     7.320000000     1.156236964     0.512861344     0.173004777
     7.330000000     1.208693562     0.486517057     0.170064309
     7.340000000     1.259175937     0.453253644     0.167106787
     7.350000000     1.306806915     0.417069711     0.164067347
     7.360000000     1.351373917     0.380794125     0.160897949
     7.370000000     1.393347332     0.345511342     0.157577798
     7.380000000     1.433748393     0.311495775     0.154119353
     7.390000000     1.473889502     0.278155884     0.150568752
     7.400000000     1.515024648     0.243394878     0.147000682
     7.410000000     1.557954858     0.204496446     0.143508864
     7.420000000     1.602639952     0.160453711     0.140194035
     7.430000000     1.647878151     0.113021191     0.137151580
     7.440000000     1.691126541     0.064216155     0.134460795
     7.450000000     1.728537636     0.012534744     0.132177314
     7.460000000     1.755266855    -0.047887731     0.130329686
     7.470000000     1.766055570    -0.124373519     0.128920428
     7.480000000     1.756021351    -0.220738860     0.127931214
     7.490000000     1.721513237    -0.333036377     0.127331167
     7.500000000     1.660844841    -0.449242982     0.127086559
     7.510000000     1.574725534    -0.553919289     0.127169823
     7.520000000     1.466274952    -0.635263296     0.127565675
     7.530000000     1.340610613    -0.689591162     0.128272650
     7.540000000     1.204107780    -0.720351111     0.129299305
     7.550000000     1.063507825    -0.733738980     0.130655597
     7.560000000     0.925072525    -0.734850524     0.132341233
     7.570000000     0.793945222    -0.726558576     0.134333658
     7.580000000     0.673804626    -0.710583154     0.136578636
     7.590000000     0.566812670    -0.688585859     0.138985884
     7.600000000     0.473791504    -0.662245014     0.141431195
     7.610000000     0.394531784    -0.632972164     0.143765115
     7.620000000     0.328135484    -0.601842850     0.145826823
     7.630000000     0.273321306    -0.569641260     0.147460848
     7.640000000     0.228654821    -0.536944080     0.148533709
     7.650000000     0.192696281    -0.504259991     0.148947694
     7.660000000     0.164079637    -0.472096491     0.148649714
     7.670000000     0.141545282    -0.440912246     0.147634303
     7.680000000     0.123948759    -0.411059257     0.145941108
     7.690000000     0.110262017    -0.382776773     0.143648214
     7.700000000     0.099576278    -0.356206116     0.140863163
     7.710000000     0.091108770    -0.331381432     0.137713395
     7.720000000     0.084210865    -0.308187540     0.134337201
     7.730000000     0.078373044    -0.286337837     0.130875510
     7.740000000     0.073222456    -0.265456358     0.127464200
     7.750000000     0.068510846    -0.245243948     0.124226515
     7.760000000     0.064093528    -0.225585717     0.121265438
     7.770000000     0.059902597    -0.206497263     0.118656490
     7.780000000     0.055919065    -0.187996544     0.116441847
     7.790000000     0.052148604    -0.170072216     0.114626863
     7.800000000     0.048604200    -0.152741629     0.113179833
     7.810000000     0.045296902    -0.136047440     0.112035346
     7.820000000     0.042233684    -0.119967367     0.111101047
     7.830000000     0.039419894    -0.104377545     0.110267222
     7.840000000     0.036863261    -0.089143034     0.109418378
     7.850000000     0.034576860    -0.074210304     0.108445779
     7.860000000     0.032579499    -0.059587445     0.107259666
     7.870000000     0.030893288    -0.045281543     0.105799639
     7.880000000     0.029539088    -0.031291668     0.104041486
     7.890000000     0.028531103    -0.017639288     0.101998919
     7.900000000     0.027871831    -0.004366200     0.099719317
     7.910000000     0.027548300     0.008504890     0.097273678
     7.920000000     0.027529977     0.020980593     0.094742334
     7.930000000     0.027768423     0.033054779     0.092199146
     7.940000000     0.028198492     0.044684457     0.089697516
     7.950000000     0.028740924     0.055833431     0.087261283
     7.960000000     0.029306268     0.066527218     0.084882505
     7.970000000     0.029800204     0.076828480     0.082526398
     7.980000000     0.030130272     0.086763604     0.080141974
     7.990000000     0.030213786     0.096319839     0.077675537
     8.000000000     0.029986268     0.105506533     0.075083687
     8.010000000     0.029409239     0.114386391     0.072342877
     8.020000000     0.028475874     0.123067748     0.069453748
     8.030000000     0.027213070     0.131690528     0.066439955
     8.040000000     0.025678973     0.140401023     0.063342593
     8.050000000     0.023955924     0.149305869     0.060212191
     8.060000000     0.022139852     0.158435084     0.057100446
     8.070000000     0.020327978     0.167745846     0.054053520
     8.080000000     0.018607133     0.177153937     0.051107909
     8.090000000     0.017044706     0.186569064     0.048289129
     8.100000000     0.015683530     0.195930732     0.045612701
     8.110000000     0.014540999     0.205228377     0.043086521
     8.120000000     0.013611787     0.214476174     0.040713587
     8.130000000     0.012872922     0.223671215     0.038494179
     8.140000000     0.012289842     0.232791627     0.036426972
     8.150000000     0.011822250     0.241825830     0.034508990
     8.160000000     0.011429038     0.250787975     0.032734711
     8.170000000     0.011072005     0.259706195     0.031094951
     8.180000000     0.010718438     0.268605744     0.029576179
     8.190000000     0.010342782     0.277500710     0.028160795
     8.200000000     0.009927638     0.286397791     0.026828528
     8.210000000     0.009464181     0.295312841     0.025558718
     8.220000000     0.008952025     0.304281033     0.024332898
     8.230000000     0.008398441     0.313349087     0.023136986
     8.240000000     0.007816893     0.322559080     0.021962442
     8.250000000     0.007224949     0.331935554     0.020806080
     8.260000000     0.006641766     0.341486350     0.019668621
     8.270000000     0.006085471     0.351214477     0.018552447
     8.280000000     0.005570812     0.361127700     0.017459221
     8.290000000     0.005107418     0.371239367     0.016388074
     8.300000000     0.004698900     0.381562695     0.015334847
     8.310000000     0.004342874     0.392108964     0.014292584
     8.320000000     0.004031830     0.402895296     0.013253107
     8.330000000     0.003754682     0.413951750     0.012209233
     8.340000000     0.003498731     0.425318217     0.011157087
     8.350000000     0.003251795     0.437037684     0.010097913
     8.360000000     0.003004290     0.449155371     0.009038952
     8.370000000     0.002751191     0.461723113     0.007993143
     8.380000000     0.002494101     0.474806700     0.006977672
     8.390000000     0.002244171     0.488490124     0.006011615
     8.400000000     0.002027478     0.502865948     0.005113170
     8.410000000     0.001895721     0.518020955     0.004297024
     8.420000000     0.001946764     0.534035949     0.003572440
     8.430000000     0.002361305     0.550997150     0.002942433
     8.440000000     0.003463209     0.569006675     0.002404136
     8.450000000     0.005810406     0.588187346     0.001950192
     8.460000000     0.010318889     0.608681281     0.001570696
     8.470000000     0.018412155     0.630642481     0.001255193
     8.480000000     0.032171125     0.654226096     0.000994249
     8.490000000     0.054436502     0.679574286     0.000780339
     8.500000000     0.088792279     0.706791149     0.000607998
     8.510000000     0.139346358     0.735893950     0.000473427
     8.520000000     0.210235905     0.766721820     0.000373774
     8.530000000     0.304833357     0.798769814     0.000306373
     8.540000000     0.424716146     0.830893020     0.000268111
     8.550000000     0.568574612     0.860792281     0.000255018
     8.560000000     0.731333949     0.884164932     0.000262114
     8.570000000     0.903811043     0.893453054     0.000283502
     8.580000000     1.073174621     0.876480289     0.000312677
     8.590000000     1.224313521     0.816422931     0.000343027
     8.600000000     1.341972914     0.696662821     0.000368457
     8.610000000     1.413264304     0.514019979     0.000384036
     8.620000000     1.429984754     0.293603498     0.000386540
     8.630000000     1.390169398     0.083667399     0.000374777
     8.640000000     1.298471140    -0.074423372     0.000349583
     8.650000000     1.165266119    -0.168264596     0.000313506
     8.660000000     1.004722593    -0.208650565     0.000270219
     8.670000000     0.832329798    -0.213381917     0.000223815
     8.680000000     0.662480259    -0.197571997     0.000178126
     8.690000000     0.506615720    -0.171361283     0.000136212
     8.700000000     0.372231055    -0.140793802     0.000100078
     8.710000000     0.262769386    -0.109218611     0.000070647
     8.720000000     0.178223574    -0.078378974     0.000047916
     8.730000000     0.116140517    -0.049109184     0.000031225
     8.740000000     0.072716100    -0.021745669     0.000019550
     8.750000000     0.043742704     0.003639489     0.000011760
     8.760000000     0.025281852     0.027108526     0.000006797
     8.770000000     0.014039136     0.048786565     0.000003774
     8.780000000     0.007490315     0.068822983     0.000002014
     8.790000000     0.003839618     0.087371022     0.000001032
     8.800000000     0.001891055     0.104577511     0.000000508
     8.810000000     0.000894846     0.120578152     0.000000241
     8.820000000     0.000406838     0.135495821     0.000000109
     8.830000000     0.000177714     0.149440458     0.000000048
     8.840000000     0.000074585     0.162509761     0.000000020
     8.850000000     0.000030075     0.174790225     0.000000008
     8.860000000     0.000011652     0.186358305     0.000000003
     8.870000000     0.000004337     0.197281558     0.000000001
     8.880000000     0.000001551     0.207619721     0.000000000
     8.890000000     0.000000533     0.217425678     0.000000000
     8.900000000     0.000000176     0.226746330     0.000000000
     8.910000000     0.000000056     0.235623346     0.000000000
     8.920000000     0.000000017     0.244093831     0.000000000
     8.930000000     0.000000005     0.252190899     0.000000000
     8.940000000     0.000000001     0.259944166     0.000000000
     8.950000000     0.000000000     0.267380188     0.000000000
     8.960000000     0.000000000     0.274522827     0.000000000
     8.970000000     0.000000000     0.281393575     0.000000000
     8.980000000     0.000000000     0.288011836     0.000000000
     8.990000000     0.000000000     0.294395164     0.000000000
     9.000000000     0.000000000     0.300559475     0.000000000
     9.010000000     0.000000000     0.306519233     0.000000000
     9.020000000     0.000000000     0.312287608     0.000000000
     9.030000000     0.000000000     0.317876614     0.000000000
     9.040000000     0.000000000     0.323297235     0.000000000
     9.050000000     0.000000000     0.328559530     0.000000000
     9.060000000     0.000000000     0.333672729     0.000000000
     9.070000000     0.000000000     0.338645318     0.000000000
     9.080000000     0.000000000     0.343485109     0.000000000
     9.090000000     0.000000000     0.348199307     0.000000000
     9.100000000     0.000000000     0.352794570     0.000000000
     9.110000000     0.000000000     0.357277057     0.000000000
     9.120000000     0.000000000     0.361652476     0.000000000
     9.130000000     0.000000000     0.365926127     0.000000000
     9.140000000     0.000000000     0.370102931     0.000000000
     9.150000000     0.000000000     0.374187472     0.000000000
     9.160000000     0.000000000     0.378184022     0.000000000
     9.170000000     0.000000000     0.382096565     0.000000000
     9.180000000     0.000000000     0.385928827     0.000000000
     9.190000000     0.000000000     0.389684290     0.000000000
     9.200000000     0.000000000     0.393366220     0.000000000
     9.210000000     0.000000000     0.396977676     0.000000000
     9.220000000     0.000000000     0.400521532     0.000000000
     9.230000000     0.000000000     0.404000489     0.000000000
     9.240000000     0.000000000     0.407417087     0.000000000
     9.250000000     0.000000000     0.410773720     0.000000000
     9.260000000     0.000000000     0.414072644     0.000000000
     9.270000000     0.000000000     0.417315990     0.000000000
     9.280000000     0.000000000     0.420505769     0.000000000
     9.290000000     0.000000000     0.423643883     0.000000000
     9.300000000     0.000000000     0.426732133     0.000000000
     9.310000000     0.000000000     0.429772226     0.000000000
     9.320000000     0.000000000     0.432765777     0.000000000
     9.330000000     0.000000000     0.435714321     0.000000000
     9.340000000     0.000000000     0.438619317     0.000000000
     9.350000000     0.000000000     0.441482149     0.000000000
     9.360000000     0.000000000     0.444304136     0.000000000
     9.370000000     0.000000000     0.447086532     0.000000000
     9.380000000     0.000000000     0.449830532     0.000000000
     9.390000000     0.000000000     0.452537276     0.000000000
     9.400000000     0.000000000     0.455207852     0.000000000
     9.410000000     0.000000000     0.457843299     0.000000000
     9.420000000     0.000000000     0.460444607     0.000000000
     9.430000000     0.000000000     0.463012727     0.000000000
     9.440000000     0.000000000     0.465548566     0.000000000
     9.450000000     0.000000000     0.468052994     0.000000000
     9.460000000     0.000000000     0.470526844     0.000000000
     9.470000000     0.000000000     0.472970914     0.000000000
     9.480000000     0.000000000     0.475385972     0.000000001
     9.490000000     0.000000001     0.477772753     0.000000002
     9.500000000     0.000000002     0.480131966     0.000000005
     9.510000000     0.000000004     0.482464289     0.000000014
     9.520000000     0.000000010     0.484770378     0.000000033
     9.530000000     0.000000023     0.487050863     0.000000077
     9.540000000     0.000000051     0.489306353     0.000000172
     9.550000000     0.000000110     0.491537432     0.000000369
     9.560000000     0.000000226     0.493744668     0.000000763
     9.570000000     0.000000449     0.495928606     0.000001515
     9.580000000     0.000000857     0.498089775     0.000002889
     9.590000000     0.000001570     0.500228686     0.000005293
     9.600000000     0.000002764     0.502345831     0.000009318
     9.610000000     0.000004674     0.504441686     0.000015760
     9.620000000     0.000007597     0.506516708     0.000025612
     9.630000000     0.000011861     0.508571329     0.000039991
     9.640000000     0.000017794     0.510605953     0.000059994
     9.650000000     0.000025647     0.512620937     0.000086472
     9.660000000     0.000035517     0.514616572     0.000119750
     9.670000000     0.000047257     0.516593034     0.000159333
     9.680000000     0.000060412     0.518550314     0.000203686
     9.690000000     0.000074201     0.520488114     0.000250175
     9.700000000     0.000087563     0.522405744     0.000295227
     9.710000000     0.000099280     0.524302161     0.000334731
     9.720000000     0.000108151     0.526176442     0.000364641
     9.730000000     0.000113195     0.528028936     0.000381647
     9.740000000     0.000113829     0.529862324     0.000383784
     9.750000000     0.000109978     0.531680844     0.000370800
     9.760000000     0.000102091     0.533487785     0.000344208
     9.770000000     0.000091053     0.535284053     0.000306995
     9.780000000     0.000078025     0.537068893     0.000263069
     9.790000000     0.000064239     0.538841149     0.000216588
     9.800000000     0.000050815     0.540599933     0.000171328
     9.810000000     0.000038620     0.542344742     0.000130212
     9.820000000     0.000028201     0.544075377     0.000095083
     9.830000000     0.000019785     0.545791830     0.000066709
     9.840000000     0.000013337     0.547494207     0.000044966
     9.850000000     0.000008638     0.549182672     0.000029122
     9.860000000     0.000005375     0.550857419     0.000018121
     9.870000000     0.000003213     0.552518658     0.000010834
     9.880000000     0.000001846     0.554166600     0.000006223
     9.890000000     0.000001019     0.555801458     0.000003434
     9.900000000     0.000000540     0.557423440     0.000001821
     9.910000000     0.000000275     0.559032749     0.000000928
     9.920000000     0.000000135     0.560629583     0.000000454
     9.930000000     0.000000063     0.562214137     0.000000214
     9.940000000     0.000000029     0.563786595     0.000000096
     9.950000000     0.000000012     0.565347142     0.000000042
     9.960000000     0.000000005     0.566895955     0.000000017
     9.970000000     0.000000002     0.568433204     0.000000007
     9.980000000     0.000000001     0.569959058     0.000000003
     9.990000000     0.000000000     0.571473681     0.000000001
    10.000000000     0.000000000     0.572977231     0.000000000
    10.010000000     0.000000000     0.574469863     0.000000000
    10.020000000     0.000000000     0.575951728     0.000000000
    10.030000000     0.000000000     0.577422975     0.000000000
    10.040000000     0.000000000     0.578883747     0.000000000
    10.050000000     0.000000000     0.580334184     0.000000000
    10.060000000     0.000000000     0.581774424     0.000000000
    10.070000000     0.000000000     0.583204602     0.000000000
    10.080000000     0.000000000     0.584624848     0.000000000
    10.090000000     0.000000000     0.586035291     0.000000000
    10.100000000     0.000000000     0.587436057     0.000000000
    10.110000000     0.000000000     0.588827268     0.000000000
    10.120000000     0.000000000     0.590209045     0.000000000
    10.130000000     0.000000000     0.591581506     0.000000000
    10.140000000     0.000000000     0.592944765     0.000000000
    10.150000000     0.000000000     0.594298937     0.000000000
    10.160000000     0.000000000     0.595644131     0.000000000
    10.170000000     0.000000000     0.596980456     0.000000000
    10.180000000     0.000000000     0.598308018     0.000000000
    10.190000000     0.000000000     0.599626922     0.000000000
    10.200000000     0.000000000     0.600937269     0.000000000
    10.210000000     0.000000000     0.602239161     0.000000000
    10.220000000     0.000000000     0.603532695     0.000000000
    10.230000000     0.000000000     0.604817967     0.000000000
    10.240000000     0.000000000     0.606095073     0.000000000
    10.250000000     0.000000000     0.607364106     0.000000000
    10.260000000     0.000000000     0.608625155     0.000000000
    10.270000000     0.000000000     0.609878312     0.000000000
    10.280000000     0.000000000     0.611123664     0.000000000
    10.290000000     0.000000000     0.612361296     0.000000000
    10.300000000     0.000000000     0.613591295     0.000000000
    10.310000000     0.000000000     0.614813743     0.000000000
    10.320000000     0.000000000     0.616028722     0.000000000
    10.330000000     0.000000000     0.617236312     0.000000000
    10.340000000     0.000000000     0.618436593     0.000000000
    10.350000000     0.000000000     0.619629642     0.000000000
    10.360000000     0.000000000     0.620815536     0.000000000
    10.370000000     0.000000000     0.621994349     0.000000000
    10.380000000     0.000000000     0.623166155     0.000000000
    10.390000000     0.000000000     0.624331027     0.000000000
    10.400000000     0.000000000     0.625489037     0.000000000
    10.410000000     0.000000000     0.626640254     0.000000000
    10.420000000     0.000000000     0.627784748     0.000000000
    10.430000000     0.000000000     0.628922586     0.000000000
    10.440000000     0.000000000     0.630053835     0.000000000
    10.450000000     0.000000000     0.631178562     0.000000000
    10.460000000     0.000000000     0.632296831     0.000000000
    10.470000000     0.000000000     0.633408705     0.000000000
    10.480000000     0.000000000     0.634514248     0.000000000
    10.490000000     0.000000000     0.635613522     0.000000000
    10.500000000     0.000000000     0.636706586     0.000000000
    10.510000000     0.000000000     0.637793501     0.000000000
    10.520000000     0.000000000     0.638874327     0.000000000
    10.530000000     0.000000000     0.639949120     0.000000000
    10.540000000     0.000000000     0.641017939     0.000000000
    10.550000000     0.000000000     0.642080840     0.000000000
    10.560000000     0.000000000     0.643137878     0.000000000
    10.570000000     0.000000000     0.644189108     0.000000000
    10.580000000     0.000000000     0.645234585     0.000000000
    10.590000000     0.000000000     0.646274360     0.000000000
    10.600000000     0.000000000     0.647308487     0.000000000
    10.610000000     0.000000000     0.648337018     0.000000000
    10.620000000     0.000000000     0.649360002     0.000000000
    10.630000000     0.000000000     0.650377491     0.000000000
    10.640000000     0.000000000     0.651389534     0.000000000
    10.650000000     0.000000000     0.652396179     0.000000000
    10.660000000     0.000000000     0.653397475     0.000000000
    10.670000000     0.000000000     0.654393470     0.000000000
    10.680000000     0.000000000     0.655384209     0.000000000
    10.690000000     0.000000000     0.656369740     0.000000000
    10.700000000     0.000000000     0.657350108     0.000000000
    10.710000000     0.000000000     0.658325357     0.000000000
    10.720000000     0.000000000     0.659295532     0.000000000
    10.730000000     0.000000000     0.660260677     0.000000000
    10.740000000     0.000000000     0.661220835     0.000000000
    10.750000000     0.000000000     0.662176049     0.000000000
    10.760000000     0.000000000     0.663126360     0.000000000
    10.770000000     0.000000000     0.664071810     0.000000000
    10.780000000     0.000000000     0.665012440     0.000000000
    10.790000000     0.000000000     0.665948290     0.000000000
    10.800000000     0.000000000     0.666879401     0.000000000
    10.810000000     0.000000000     0.667805811     0.000000000
    10.820000000     0.000000000     0.668727560     0.000000000
    10.830000000     0.000000000     0.669644686     0.000000000
    10.840000000     0.000000000     0.670557227     0.000000000
    10.850000000     0.000000000     0.671465220     0.000000000
    10.860000000     0.000000000     0.672368702     0.000000000
    10.870000000     0.000000000     0.673267711     0.000000000
    10.880000000     0.000000000     0.674162281     0.000000000
    10.890000000     0.000000000     0.675052448     0.000000000
    10.900000000     0.000000000     0.675938248     0.000000000
    10.910000000     0.000000000     0.676819716     0.000000000
    10.920000000     0.000000000     0.677696886     0.000000000
    10.930000000     0.000000000     0.678569791     0.000000000
    10.940000000     0.000000000     0.679438466     0.000000000
    10.950000000     0.000000000     0.680302943     0.000000000
    10.960000000     0.000000000     0.681163255     0.000000000
    10.970000000     0.000000000     0.682019435     0.000000000
    10.980000000     0.000000000     0.682871515     0.000000000
    10.990000000     0.000000000     0.683719525     0.000000000
    11.000000000     0.000000000     0.684563498     0.000000000
