 # Column 1: omega
 # Column 2: eps2(omega)
 # Column 3: eps1(omega)
 # Column 4: JDOS(omega)
     0.000000000     0.000000000     2.398396350     0.000000000
     0.010000000     0.000000000     2.398413082     0.000000000
     0.020000000     0.000000000     2.398463284     0.000000000
     0.030000000     0.000000000     2.398546969     0.000000000
     0.040000000     0.000000000     2.398664160     0.000000000
     0.050000000     0.000000000     2.398814891     0.000000000
     0.060000000     0.000000000     2.398999202     0.000000000
     0.070000000     0.000000000     2.399217147     0.000000000
     0.080000000     0.000000000     2.399468785     0.000000000
     0.090000000     0.000000000     2.399754187     0.000000000
     0.100000000     0.000000000     2.400073433     0.000000000
     0.110000000     0.000000000     2.400426612     0.000000000
     0.120000000     0.000000000     2.400813824     0.000000000
     0.130000000     0.000000000     2.401235178     0.000000000
     0.140000000     0.000000000     2.401690792     0.000000000
     0.150000000     0.000000000     2.402180796     0.000000000
     0.160000000     0.000000000     2.402705329     0.000000000
     0.170000000     0.000000000     2.403264540     0.000000000
     0.180000000     0.000000000     2.403858589     0.000000000
     0.190000000     0.000000000     2.404487645     0.000000000
     0.200000000     0.000000000     2.405151889     0.000000000
     0.210000000     0.000000000     2.405851513     0.000000000
     0.220000000     0.000000000     2.406586719     0.000000000
     0.230000000     0.000000000     2.407357721     0.000000000
     0.240000000     0.000000000     2.408164743     0.000000000
     0.250000000     0.000000000     2.409008022     0.000000000
     0.260000000     0.000000000     2.409887806     0.000000000
     0.270000000     0.000000000     2.410804355     0.000000000
     0.280000000     0.000000000     2.411757941     0.000000000
     0.290000000     0.000000000     2.412748850     0.000000000
     0.300000000     0.000000000     2.413777377     0.000000000
     0.310000000     0.000000000     2.414843834     0.000000000
     0.320000000     0.000000000     2.415948544     0.000000000
     0.330000000     0.000000000     2.417091845     0.000000000
     0.340000000     0.000000000     2.418274087     0.000000000
     0.350000000     0.000000000     2.419495636     0.000000000
     0.360000000     0.000000000     2.420756871     0.000000000
     0.370000000     0.000000000     2.422058187     0.000000000
     0.380000000     0.000000000     2.423399995     0.000000000
     0.390000000     0.000000000     2.424782721     0.000000000
     0.400000000     0.000000000     2.426206806     0.000000000
     0.410000000     0.000000000     2.427672708     0.000000000
     0.420000000     0.000000000     2.429180905     0.000000000
     0.430000000     0.000000000     2.430731889     0.000000000
     0.440000000     0.000000000     2.432326171     0.000000000
     0.450000000     0.000000000     2.433964281     0.000000000
     0.460000000     0.000000000     2.435646770     0.000000000
     0.470000000     0.000000000     2.437374205     0.000000000
     0.480000000     0.000000000     2.439147176     0.000000000
     0.490000000     0.000000000     2.440966294     0.000000000
     0.500000000     0.000000000     2.442832191     0.000000000
     0.510000000     0.000000000     2.444745521     0.000000000
     0.520000000     0.000000000     2.446706963     0.000000000
     0.530000000     0.000000000     2.448717218     0.000000000
     0.540000000     0.000000000     2.450777012     0.000000000
     0.550000000     0.000000000     2.452887100     0.000000000
     0.560000000     0.000000000     2.455048258     0.000000000
     0.570000000     0.000000000     2.457261294     0.000000000
     0.580000000     0.000000000     2.459527044     0.000000000
     0.590000000     0.000000000     2.461846370     0.000000000
     0.600000000     0.000000000     2.464220170     0.000000000
     0.610000000     0.000000000     2.466649370     0.000000000
     0.620000000     0.000000000     2.469134930     0.000000000
     0.630000000     0.000000000     2.471677846     0.000000000
     0.640000000     0.000000000     2.474279147     0.000000000
     0.650000000     0.000000000     2.476939901     0.000000000
     0.660000000     0.000000000     2.479661215     0.000000000
     0.670000000     0.000000000     2.482444235     0.000000000
     0.680000000     0.000000000     2.485290148     0.000000000
     0.690000000     0.000000000     2.488200188     0.000000000
     0.700000000     0.000000000     2.491175631     0.000000000
     0.710000000     0.000000000     2.494217803     0.000000000
     0.720000000     0.000000000     2.497328077     0.000000000
     0.730000000     0.000000000     2.500507879     0.000000000
     0.740000000     0.000000000     2.503758689     0.000000000
     0.750000000     0.000000000     2.507082044     0.000000000
     0.760000000     0.000000000     2.510479539     0.000000000
     0.770000000     0.000000000     2.513952829     0.000000000
     0.780000000     0.000000000     2.517503637     0.000000000
     0.790000000     0.000000000     2.521133751     0.000000000
     0.800000000     0.000000000     2.524845030     0.000000000
     0.810000000     0.000000000     2.528639409     0.000000000
     0.820000000     0.000000000     2.532518897     0.000000000
     0.830000000     0.000000000     2.536485589     0.000000000
     0.840000000     0.000000000     2.540541663     0.000000000
     0.850000000     0.000000000     2.544689387     0.000000000
     0.860000000     0.000000000     2.548931125     0.000000000
     0.870000000     0.000000000     2.553269339     0.000000000
     0.880000000     0.000000000     2.557706597     0.000000000
     0.890000000     0.000000000     2.562245578     0.000000000
     0.900000000     0.000000000     2.566889074     0.000000000
     0.910000000     0.000000000     2.571640004     0.000000000
     0.920000000     0.000000000     2.576501414     0.000000000
     0.930000000     0.000000000     2.581476486     0.000000000
     0.940000000     0.000000000     2.586568547     0.000000000
     0.950000000     0.000000000     2.591781079     0.000000000
     0.960000000     0.000000000     2.597117723     0.000000000
     0.970000000     0.000000000     2.602582292     0.000000000
     0.980000000     0.000000000     2.608178780     0.000000000
     0.990000000     0.000000000     2.613911375     0.000000000
     1.000000000     0.000000000     2.619784467     0.000000000
     1.010000000     0.000000000     2.625802666     0.000000000
     1.020000000     0.000000000     2.631970809     0.000000000
     1.030000000     0.000000000     2.638293982     0.000000000
     1.040000000     0.000000000     2.644777531     0.000000000
     1.050000000     0.000000000     2.651427081     0.000000000
     1.060000000     0.000000000     2.658248556     0.000000000
     1.070000000     0.000000000     2.665248195     0.000000000
     1.080000000     0.000000000     2.672432581     0.000000000
     1.090000000     0.000000000     2.679808658     0.000000000
     1.100000000     0.000000000     2.687383760     0.000000000
     1.110000000     0.000000000     2.695165640     0.000000000
     1.120000000     0.000000000     2.703162501     0.000000000
     1.130000000     0.000000000     2.711383025     0.000000000
     1.140000000     0.000000000     2.719836417     0.000000000
     1.150000000     0.000000000     2.728532440     0.000000000
     1.160000000     0.000000000     2.737481461     0.000000000
     1.170000000     0.000000000     2.746694498     0.000000000
     1.180000000     0.000000000     2.756183277     0.000000000
     1.190000000     0.000000000     2.765960286     0.000000000
     1.200000000     0.000000000     2.776038840     0.000000000
     1.210000000     0.000000000     2.786433158     0.000000000
     1.220000000     0.000000000     2.797158434     0.000000000
     1.230000000     0.000000000     2.808230930     0.000000000
     1.240000000     0.000000000     2.819668071     0.000000000
     1.250000000     0.000000000     2.831488555     0.000000000
     1.260000000     0.000000000     2.843712469     0.000000000
     1.270000000     0.000000000     2.856361430     0.000000000
     1.280000000     0.000000000     2.869458730     0.000000000
     1.290000000     0.000000000     2.883029507     0.000000000
     1.300000000     0.000000000     2.897100934     0.000000000
     1.310000000     0.000000000     2.911702433     0.000000000
     1.320000000     0.000000000     2.926865915     0.000000000
     1.330000000     0.000000000     2.942626054     0.000000000
     1.340000000     0.000000000     2.959020592     0.000000000
     1.350000000     0.000000000     2.976090692     0.000000000
     1.360000000     0.000000000     2.993881336     0.000000000
     1.370000000     0.000000000     3.012441778     0.000000000
     1.380000000     0.000000001     3.031826067     0.000000000
     1.390000000     0.000000005     3.052093636     0.000000000
     1.400000000     0.000000017     3.073309993     0.000000000
     1.410000000     0.000000056     3.095547496     0.000000000
     1.420000000     0.000000176     3.118886261     0.000000001
     1.430000000     0.000000530     3.143415200     0.000000002
     1.440000000     0.000001541     3.169233215     0.000000005
     1.450000000     0.000004325     3.196450575     0.000000012
     1.460000000     0.000011706     3.225190501     0.000000030
     1.470000000     0.000030539     3.255590969     0.000000071
     1.480000000     0.000076784     3.287806765     0.000000161
     1.490000000     0.000186017     3.322011800     0.000000350
     1.500000000     0.000434097     3.358401651     0.000000733
     1.510000000     0.000975603     3.397196295     0.000001478
     1.520000000     0.002111135     3.438642881     0.000002866
     1.530000000     0.004397684     3.483018258     0.000005348
     1.540000000     0.008816821     3.530630729     0.000009602
     1.550000000     0.017009886     3.581820022     0.000016595
     1.560000000     0.031573289     3.636953699     0.000027612
     1.570000000     0.056376916     3.696416748     0.000044238
     1.580000000     0.096824694     3.760588617     0.000068263
     1.590000000     0.159926527     3.829797344     0.000101474
     1.600000000     0.254013267     3.904232415     0.000145353
     1.610000000     0.387928217     3.983783702     0.000200676
     1.620000000     0.569598088     4.067749591     0.000267105
     1.630000000     0.804038334     4.154318707     0.000342841
     1.640000000     1.091067127     4.239677281     0.000424465
     1.650000000     1.423233445     4.316551307     0.000507040
     1.660000000     1.784618181     4.372045851     0.000584542
     1.670000000     2.151147396     4.385026043     0.000650594
     1.680000000     2.492806135     4.324598655     0.000699395
     1.690000000     2.777681416     4.154647720     0.000726706
     1.700000000     2.977210327     3.853262425     0.000730690
     1.710000000     3.071546275     3.446296744     0.000712453
     1.720000000     3.053765373     3.020319671     0.000676168
     1.730000000     2.931817384     2.677202444     0.000628753
     1.740000000     2.727650128     2.470632943     0.000579183
     1.750000000     2.473641594     2.394385080     0.000537518
     1.760000000     2.207132256     2.413232235     0.000513842
     1.770000000     1.964259046     2.490791500     0.000517233
     1.780000000     1.774353472     2.599495893     0.000554910
     1.790000000     1.655910691     2.719854903     0.000631668
     1.800000000     1.614692023     2.836469852     0.000749651
     1.810000000     1.644047394     2.934103176     0.000908527
     1.820000000     1.727155851     2.995503390     0.001106032
     1.830000000     1.840632622     3.003370405     0.001338859
     1.840000000     1.958831082     2.948273611     0.001603759
     1.850000000     2.058143664     2.837108404     0.001898708
     1.860000000     2.120652398     2.690088583     0.002223989
     1.870000000     2.136594163     2.530082491     0.002583012
     1.880000000     2.105295840     2.382408093     0.002982791
     1.890000000     2.034495426     2.276591341     0.003433979
     1.900000000     1.938261802     2.232790154     0.003950439
     1.910000000     1.833994160     2.249590747     0.004548308
     1.920000000     1.739149255     2.309310597     0.005244530
     1.930000000     1.668359720     2.389519570     0.006054918
     1.940000000     1.631463819     2.469445465     0.006991864
     1.950000000     1.632710759     2.532646187     0.008061970
     1.960000000     1.671114618     2.570116255     0.009263942
     1.970000000     1.741685858     2.583180747     0.010587135
     1.980000000     1.837128340     2.580798571     0.012011022
     1.990000000     1.949566255     2.570094375     0.013505721
     2.000000000     2.071937107     2.549680538     0.015033546
     2.010000000     2.198813696     2.512494817     0.016551448
     2.020000000     2.326563388     2.454679394     0.018014207
     2.030000000     2.452894948     2.383267145     0.019378260
     2.040000000     2.575971411     2.313157527     0.020606063
     2.050000000     2.693370226     2.253512922     0.021670712
     2.060000000     2.801227292     2.198860146     0.022560305
     2.070000000     2.893880615     2.133049624     0.023281208
     2.080000000     2.964213519     2.038314302     0.023859175
     2.090000000     3.004698699     1.902747008     0.024337474
     2.100000000     3.008914243     1.726715053     0.024771616
     2.110000000     2.973119974     1.527181029     0.025221209
     2.120000000     2.897421527     1.333708482     0.025740296
     2.130000000     2.786146028     1.175444948     0.026368225
     2.140000000     2.647282204     1.068031006     0.027123205
     2.150000000     2.491120478     1.009315062     0.028000187
     2.160000000     2.328463847     0.984712942     0.028973664
     2.170000000     2.168886302     0.976019107     0.030004778
     2.180000000     2.019462849     0.968809952     0.031051030
     2.190000000     1.884215196     0.956550882     0.032076345
     2.200000000     1.764284380     0.940223104     0.033059267
     2.210000000     1.658640173     0.923625193     0.033997687
     2.220000000     1.565027828     0.908837898     0.034909429
     2.230000000     1.480854435     0.896780171     0.035828993
     2.240000000     1.403807681     0.889556922     0.036801541
     2.250000000     1.332131903     0.889264780     0.037875613
     2.260000000     1.264609292     0.895354384     0.039096084
     2.270000000     1.200371478     0.904841799     0.040498557
     2.280000000     1.138684668     0.914678231     0.042105877
     2.290000000     1.078817881     0.923191271     0.043926869
     2.300000000     1.020040995     0.929572566     0.045956908
     2.310000000     0.961734005     0.933344442     0.048179654
     2.320000000     0.903543843     0.935787744     0.050569185
     2.330000000     0.845512184     0.941013084     0.053091952
     2.340000000     0.788116392     0.953366772     0.055708254
     2.350000000     0.732204457     0.973926916     0.058373265
     2.360000000     0.678846243     1.000582943     0.061037874
     2.370000000     0.629151404     1.030443064     0.063649690
     2.380000000     0.584109907     1.061235795     0.066154460
     2.390000000     0.544495126     1.091443941     0.068497937
     2.400000000     0.510841277     1.120568600     0.070628041
     2.410000000     0.483479500     1.149523522     0.072497007
     2.420000000     0.462600622     1.179923376     0.074063307
     2.430000000     0.448311568     1.212460665     0.075293266
     2.440000000     0.440663267     1.246126426     0.076162583
     2.450000000     0.439643275     1.278868007     0.076658015
     2.460000000     0.445138727     1.308854510     0.076779448
     2.470000000     0.456880977     1.335428902     0.076542250
     2.480000000     0.474383251     1.358999221     0.075979402
     2.490000000     0.496880724     1.379950786     0.075142571
     2.500000000     0.523282354     1.397811680     0.074101219
     2.510000000     0.552146597     1.411544981     0.072939098
     2.520000000     0.581696413     1.420328522     0.071748023
     2.530000000     0.609888710     1.423643927     0.070619485
     2.540000000     0.634546182     1.420792630     0.069635262
     2.550000000     0.653545334     1.411062083     0.068858506
     2.560000000     0.665037087     1.394700720     0.068326787
     2.570000000     0.667662111     1.373640912     0.068048205
     2.580000000     0.660718107     1.351201515     0.068001127
     2.590000000     0.644243785     1.330896777     0.068137427
     2.600000000     0.619002649     1.315150659     0.068388540
     2.610000000     0.586373168     1.304826140     0.068673281
     2.620000000     0.548172542     1.299780134     0.068906224
     2.630000000     0.506452582     1.299523007     0.069005577
     2.640000000     0.463305261     1.303437826     0.068899757
     2.650000000     0.420704166     1.310995914     0.068532167
     2.660000000     0.380391668     1.321982011     0.067863966
     2.670000000     0.343806793     1.336333491     0.066874813
     2.680000000     0.312040421     1.353778012     0.065561712
     2.690000000     0.285804615     1.373685609     0.063936233
     2.700000000     0.265409944     1.395175820     0.062020563
     2.710000000     0.250754579     1.417292530     0.059843049
     2.720000000     0.241336995     1.439046820     0.057434037
     2.730000000     0.236306232     1.459320296     0.054822838
     2.740000000     0.234558321     1.476950192     0.052036398
     2.750000000     0.234875416     1.491184704     0.049099920
     2.760000000     0.236089052     1.502040148     0.046039103
     2.770000000     0.237236001     1.509991741     0.042883273
     2.780000000     0.237669866     1.515646403     0.039668351
     2.790000000     0.237097579     1.520307197     0.036438625
     2.800000000     0.235527677     1.526223543     0.033246586
     2.810000000     0.233142350     1.535205383     0.030150562
     2.820000000     0.230130041     1.547156340     0.027210503
     2.830000000     0.226530679     1.560239671     0.024482728
     2.840000000     0.222144633     1.572046126     0.022014744
     2.850000000     0.216537853     1.580605145     0.019841193
     2.860000000     0.209144771     1.584917526     0.017981674
     2.870000000     0.199437911     1.585383242     0.016440660
     2.880000000     0.187110603     1.584274370     0.015209222
     2.890000000     0.172214911     1.585087382     0.014267899
     2.900000000     0.155212153     1.590479555     0.013589888
     2.910000000     0.136922070     1.600947936     0.013143905
     2.920000000     0.118387891     1.615379403     0.012896314
     2.930000000     0.100697356     1.632234452     0.012812479
     2.940000000     0.084807354     1.650235708     0.012857557
     2.950000000     0.071411945     1.668532060     0.012997022
     2.960000000     0.060875385     1.686642653     0.013197210
     2.970000000     0.053231282     1.704335622     0.013426033
     2.980000000     0.048233286     1.721518031     0.013653864
     2.990000000     0.045435443     1.738146251     0.013854503
     3.000000000     0.044281154     1.754123744     0.014006088
     3.010000000     0.044185625     1.769256655     0.014091800
     3.020000000     0.044603862     1.783340283     0.014100277
     3.030000000     0.045081820     1.796334877     0.014025689
     3.040000000     0.045291186     1.808520366     0.013867481
     3.050000000     0.045048934     1.820451861     0.013629872
     3.060000000     0.044322355     1.832654560     0.013321232
     3.070000000     0.043219816     1.845327498     0.012953481
     3.080000000     0.041967612     1.858369382     0.012541583
     3.090000000     0.040873972     1.871668029     0.012103145
     3.100000000     0.040282468     1.885307713     0.011658003
     3.110000000     0.040518650     1.899467284     0.011227612
     3.120000000     0.041835520     1.914176792     0.010834084
     3.130000000     0.044365144     1.929222083     0.010498852
     3.140000000     0.048084651     1.944196572     0.010241077
     3.150000000     0.052804338     1.958570518     0.010076069
     3.160000000     0.058183015     1.971779005     0.010014045
     3.170000000     0.063771126     1.983409829     0.010059470
     3.180000000     0.069076462     1.993441495     0.010211138
     3.190000000     0.073641841     2.002246376     0.010462985
     3.200000000     0.077120680     2.010277877     0.010805560
     3.210000000     0.079336070     2.017945037     0.011228028
     3.220000000     0.080312070     2.025844871     0.011720520
     3.230000000     0.080271747     2.034705860     0.012276556
     3.240000000     0.079603387     2.044948524     0.012895140
     3.250000000     0.078802411     2.056543750     0.013582001
     3.260000000     0.078400355     2.069241654     0.014349475
     3.270000000     0.078893033     2.082716638     0.015214708
     3.280000000     0.080678061     2.096563016     0.016196262
     3.290000000     0.084008458     2.110381727     0.017309657
     3.300000000     0.088965432     2.123951962     0.018562828
     3.310000000     0.095450995     2.137227884     0.019952584
     3.320000000     0.103200083     2.150074256     0.021463037
     3.330000000     0.111811833     2.162105315     0.023066506
     3.340000000     0.120799601     2.172903034     0.024726808
     3.350000000     0.129657878     2.182311488     0.026404297
     3.360000000     0.137941033     2.190473659     0.028061678
     3.370000000     0.145344165     2.197663592     0.029669563
     3.380000000     0.151771733     2.204140991     0.031210898
     3.390000000     0.157377263     2.210274143     0.032683729
     3.400000000     0.162559160     2.216849858     0.034102066
     3.410000000     0.167904618     2.224933573     0.035494843
     3.420000000     0.174085087     2.235159970     0.036903126
     3.430000000     0.181720306     2.247307519     0.038375837
     3.440000000     0.191239532     2.260535791     0.039964369
     3.450000000     0.202774070     2.273781241     0.041716684
     3.460000000     0.216111352     2.285925751     0.043671576
     3.470000000     0.230727016     2.295800477     0.045853905
     3.480000000     0.245890643     2.302264167     0.048271433
     3.490000000     0.260818909     2.304621918     0.050913681
     3.500000000     0.274834314     2.303340050     0.053752834
     3.510000000     0.287484621     2.300364116     0.056746427
     3.520000000     0.298590004     2.298368145     0.059841375
     3.530000000     0.308208476     2.299309058     0.062978891
     3.540000000     0.316537499     2.303390970     0.066099956
     3.550000000     0.323790637     2.309105609     0.069151056
     3.560000000     0.330094589     2.314153602     0.072089842
     3.570000000     0.335441388     2.316615948     0.074890185
     3.580000000     0.339707317     2.315850916     0.077545842
     3.590000000     0.342723706     2.312755994     0.080071800
     3.600000000     0.344365841     2.309202899     0.082502537
     3.610000000     0.344621944     2.307051734     0.084886966
     3.620000000     0.343615282     2.307441163     0.087280610
     3.630000000     0.341573347     2.310557610     0.089736463
     3.640000000     0.338759412     2.315670999     0.092296586
     3.650000000     0.335395127     2.321402820     0.094986575
     3.660000000     0.331603794     2.326385811     0.097814453
     3.670000000     0.327393669     2.330089442     0.100774387
     3.680000000     0.322684589     2.333111947     0.103854230
     3.690000000     0.317366196     2.336567016     0.107044720
     3.700000000     0.311367254     2.341201622     0.110347586
     3.710000000     0.304714808     2.347087884     0.113780066
     3.720000000     0.297567838     2.353980243     0.117374376
     3.730000000     0.290219156     2.361854534     0.121172122
     3.740000000     0.283068198     2.371080985     0.125215059
     3.750000000     0.276573834     2.382095218     0.129534593
     3.760000000     0.271199356     2.394963130     0.134142590
     3.770000000     0.267361946     2.409264674     0.139025626
     3.780000000     0.265396624     2.424323492     0.144143714
     3.790000000     0.265540934     2.439510155     0.149433432
     3.800000000     0.267942032     2.454446444     0.154814373
     3.810000000     0.272682981     2.469093862     0.160197248
     3.820000000     0.279820536     2.483598333     0.165491910
     3.830000000     0.289423045     2.497973610     0.170613837
     3.840000000     0.301594930     2.511968750     0.175488198
     3.850000000     0.316474369     2.525222386     0.180051231
     3.860000000     0.334194247     2.537531609     0.184249343
     3.870000000     0.354803951     2.548995801     0.188036824
     3.880000000     0.378160850     2.559854466     0.191373413
     3.890000000     0.403813344     2.570082985     0.194223006
     3.900000000     0.430908151     2.579074213     0.196554501
     3.910000000     0.458158120     2.585620522     0.198345121
     3.920000000     0.483899150     2.588077254     0.199585692
     3.930000000     0.506245414     2.584685454     0.200286496
     3.940000000     0.523324986     2.574366205     0.200481795
     3.950000000     0.533551859     2.557859539     0.200231145
     3.960000000     0.535874750     2.538205258     0.199616338
     3.970000000     0.529945059     2.519828935     0.198733941
     3.980000000     0.516166347     2.506783775     0.197684674
     3.990000000     0.495619258     2.501152978     0.196561806
     4.000000000     0.469887681     2.502417961     0.195441028
     4.010000000     0.440833014     2.508337465     0.194373824
     4.020000000     0.410367537     2.516811336     0.193385324
     4.030000000     0.380266249     2.527353554     0.192476494
     4.040000000     0.352036288     2.541003422     0.191629537
     4.050000000     0.326843679     2.558803121     0.190814966
     4.060000000     0.305485581     2.580597899     0.189998937
     4.070000000     0.288394237     2.605233391     0.189149949
     4.080000000     0.275663309     2.631250903     0.188244591
     4.090000000     0.267092776     2.657265819     0.187272406
     4.100000000     0.262250808     2.682255790     0.186239975
     4.110000000     0.260548939     2.705880351     0.185174065
     4.120000000     0.261322536     2.728525420     0.184123331
     4.130000000     0.263905502     2.750932476     0.183157884
     4.140000000     0.267688737     2.773660481     0.182366163
     4.150000000     0.272156291     2.796774501     0.181849012
     4.160000000     0.276899346     2.819972225     0.181711509
     4.170000000     0.281613198     2.842961478     0.182053694
     4.180000000     0.286084476     2.865688948     0.182961649
     4.190000000     0.290174681     2.888284063     0.184500344
     4.200000000     0.293803264     2.911010761     0.186709196
     4.210000000     0.296930999     2.934350357     0.189600603
     4.220000000     0.299543641     2.958875005     0.193161003
     4.230000000     0.301636833     2.984846724     0.197353384
     4.240000000     0.303204838     3.012001001     0.202119953
     4.250000000     0.304236348     3.039812978     0.207383792
     4.260000000     0.304719699     3.067999167     0.213048811
     4.270000000     0.304657364     3.096834994     0.218998032
     4.280000000     0.304086849     3.127050691     0.225090916
     4.290000000     0.303103355     3.159388256     0.231160941
     4.300000000     0.301879462     3.194177337     0.237014774
     4.310000000     0.300678864     3.231276298     0.242434184
     4.320000000     0.299864010     3.270447424     0.247181450
     4.330000000     0.299900910     3.311847130     0.251008541
     4.340000000     0.301367627     3.356101690     0.253669958
     4.350000000     0.304975771     3.403810600     0.254938760
     4.360000000     0.311615954     3.455051533     0.254624918
     4.370000000     0.322437696     3.509442848     0.252594675
     4.380000000     0.338969829     3.566547534     0.248788953
     4.390000000     0.363277239     3.626136394     0.243238299
     4.400000000     0.398132287     3.688264641     0.236071548
     4.410000000     0.447154734     3.753243336     0.227515671
     4.420000000     0.514846309     3.821358019     0.217885166
     4.430000000     0.606423857     3.892410753     0.207560966
     4.440000000     0.727352103     3.965392421     0.196960673
     4.450000000     0.882509502     4.038404484     0.186503658
     4.460000000     1.074999617     4.108942511     0.176575675
     4.470000000     1.304743151     4.174277569     0.167497841
     4.480000000     1.567126859     4.230797530     0.159504087
     4.490000000     1.852097187     4.271642954     0.152729743
     4.500000000     2.144109909     4.284117875     0.147212071
     4.510000000     2.423236332     4.249450899     0.142901774
     4.520000000     2.667476195     4.146673872     0.139682975
     4.530000000     2.855988476     3.962034918     0.137398122
     4.540000000     2.972626338     3.703202739     0.135873731
     4.550000000     3.008971865     3.408890952     0.134942946
     4.560000000     2.966100071     3.138188352     0.134461626
     4.570000000     2.854576176     2.940799507     0.134316085
     4.580000000     2.692632275     2.834778637     0.134422446
     4.590000000     2.502940351     2.808850597     0.134719560
     4.600000000     2.308745773     2.838281900     0.135158936
     4.610000000     2.130243340     2.898018996     0.135695620
     4.620000000     1.981945394     2.968334875     0.136283242
     4.630000000     1.871473237     3.035542582     0.136874703
     4.640000000     1.799816146     3.091436489     0.137427795
     4.650000000     1.762766414     3.133473728     0.137913259
     4.660000000     1.753034846     3.164022432     0.138322010
     4.670000000     1.762502302     3.186339341     0.138668764
     4.680000000     1.784143185     3.200935361     0.138990779
     4.690000000     1.813313911     3.208516229     0.139342270
     4.700000000     1.848279638     3.216120540     0.139786482
     4.710000000     1.890015517     3.235291547     0.140387929
     4.720000000     1.941441572     3.272124995     0.141206819
     4.730000000     2.006323058     3.322129820     0.142296472
     4.740000000     2.088089788     3.375015760     0.143703167
     4.750000000     2.188803582     3.421848841     0.145466954
     4.760000000     2.308443812     3.457386952     0.147621762
     4.770000000     2.444603085     3.478166333     0.150193801
     4.780000000     2.592606045     3.481446310     0.153198275
     4.790000000     2.745998112     3.466407695     0.156635467
     4.800000000     2.897305014     3.433342558     0.160487760
     4.810000000     3.038938432     3.380629756     0.164718964
     4.820000000     3.164114891     3.306442605     0.169276465
     4.830000000     3.267661498     3.214537644     0.174095711
     4.840000000     3.346602603     3.114584143     0.179105695
     4.850000000     3.400455720     3.016884412     0.184233956
     4.860000000     3.431209769     2.929128138     0.189410045
     4.870000000     3.443006471     2.855424850     0.194567352
     4.880000000     3.441586294     2.795056198     0.199644005
     4.890000000     3.433585900     2.743902607     0.204583987
     4.900000000     3.425782417     2.699450769     0.209339340
     4.910000000     3.424375309     2.663848468     0.213873565
     4.920000000     3.434385704     2.640337925     0.218165379
     4.930000000     3.459239492     2.627001963     0.222211374
     4.940000000     3.500582400     2.615660757     0.226026145
     4.950000000     3.558347182     2.596791646     0.229639065
     4.960000000     3.631051692     2.564916635     0.233087985
     4.970000000     3.716256736     2.519157441     0.236411136
     4.980000000     3.811068459     2.459951669     0.239639209
     4.990000000     3.912550571     2.388059194     0.242789620
     5.000000000     4.017931555     2.306983581     0.245864451
     5.010000000     4.124552871     2.222687145     0.248852627
     5.020000000     4.229590884     2.138545936     0.251735795
     5.030000000     4.329669955     2.051551347     0.254496421
     5.040000000     4.420536114     1.954231594     0.257126078
     5.050000000     4.496958608     1.839721682     0.259631742
     5.060000000     4.552967458     1.705007104     0.262038408
     5.070000000     4.582435994     1.550954712     0.264387188
     5.080000000     4.579909682     1.381504330     0.266729184
     5.090000000     4.541500920     1.203376406     0.269116436
     5.100000000     4.465639328     1.025753586     0.271591916
     5.110000000     4.353496625     0.859501295     0.274180571
     5.120000000     4.208983502     0.714812715     0.276882995
     5.130000000     4.038317789     0.597608036     0.279672477
     5.140000000     3.849258855     0.508185326     0.282495438
     5.150000000     3.650167754     0.443628375     0.285274745
     5.160000000     3.449073756     0.400691253     0.287915231
     5.170000000     3.252907011     0.376502417     0.290310881
     5.180000000     3.067006525     0.368106303     0.292353195
     5.190000000     2.894949129     0.372234552     0.293940238
     5.200000000     2.738683868     0.385445034     0.294985644
     5.210000000     2.598907183     0.404468836     0.295426598
     5.220000000     2.475581752     0.426889160     0.295229752
     5.230000000     2.368486793     0.451810770     0.294394226
     5.240000000     2.277689746     0.479887120     0.292951311
     5.250000000     2.203847993     0.512705761     0.290960998
     5.260000000     2.148283086     0.551859858     0.288505878
     5.270000000     2.112814648     0.598108619     0.285683186
     5.280000000     2.099388455     0.650809713     0.282595822
     5.290000000     2.109572912     0.707578376     0.279343221
     5.300000000     2.144020238     0.763997569     0.276013047
     5.310000000     2.201988443     0.813778137     0.272674756
     5.320000000     2.281000381     0.850293933     0.269376083
     5.330000000     2.376686423     0.868835112     0.266143164
     5.340000000     2.482830168     0.867447141     0.262984381
     5.350000000     2.591620606     0.846107782     0.259897155
     5.360000000     2.694109256     0.805905047     0.256876125
     5.370000000     2.780867537     0.748233240     0.253920692
     5.380000000     2.842824464     0.673199065     0.251040038
     5.390000000     2.872228940     0.579115371     0.248254391
     5.400000000     2.863628392     0.465603527     0.245592350
     5.410000000     2.814704712     0.338825339     0.243085227
     5.420000000     2.726785925     0.213511564     0.240760186
     5.430000000     2.604879374     0.108316681     0.238634296
     5.440000000     2.457154196     0.037444720     0.236711323
     5.450000000     2.293919663     0.005043797     0.234982254
     5.460000000     2.126266357     0.006092287     0.233429422
     5.470000000     1.964620499     0.031352352     0.232032963
     5.480000000     1.817481093     0.071905986     0.230777656
     5.490000000     1.690560517     0.120969608     0.229658036
     5.500000000     1.586449403     0.173197455     0.228680255
     5.510000000     1.504808065     0.223539326     0.227860247
     5.520000000     1.442982280     0.267380422     0.227218978
     5.530000000     1.396874472     0.302002159     0.226776587
     5.540000000     1.361880876     0.328117297     0.226547587
     5.550000000     1.333726110     0.349583396     0.226538964
     5.560000000     1.309074805     0.370661469     0.226752020
     5.570000000     1.285859384     0.393331490     0.227187495
     5.580000000     1.263320052     0.417370700     0.227852358
     5.590000000     1.241798989     0.442558985     0.228765941
     5.600000000     1.222362288     0.470177892     0.229963173
     5.610000000     1.206339946     0.501993518     0.231493331
     5.620000000     1.194876977     0.538079171     0.233413823
     5.630000000     1.188577702     0.576022053     0.235779692
     5.640000000     1.187301063     0.611888388     0.238630369
     5.650000000     1.190129976     0.641767527     0.241975654
     5.660000000     1.195498846     0.663206900     0.245782859
     5.670000000     1.201430317     0.676088795     0.249966733
     5.680000000     1.205815186     0.682708791     0.254383437
     5.690000000     1.206673816     0.687054274     0.258829544
     5.700000000     1.202360254     0.693039419     0.263046937
     5.710000000     1.191700505     0.702329531     0.266734316
     5.720000000     1.174079313     0.713384366     0.269565685
     5.730000000     1.149494693     0.722827314     0.271215416
     5.740000000     1.118585693     0.728504589     0.271388244
     5.750000000     1.082616937     0.732182886     0.269851164
     5.760000000     1.043389569     0.739734926     0.266462933
     5.770000000     1.003055215     0.757758704     0.261196332
     5.780000000     0.963839163     0.788977955     0.254148878
     5.790000000     0.927719538     0.830750183     0.245539245
     5.800000000     0.896141062     0.877375529     0.235689175
     5.810000000     0.869847184     0.923373987     0.224993333
     5.820000000     0.848886233     0.965351800     0.213881894
     5.830000000     0.832794510     1.002076506     0.202781851
     5.840000000     0.820902024     1.034109720     0.192082980
     5.850000000     0.812667306     1.064212550     0.182112962
     5.860000000     0.807941136     1.097089247     0.173123976
     5.870000000     0.807085954     1.136529941     0.165290628
     5.880000000     0.810926048     1.182574532     0.158717106
     5.890000000     0.820554610     1.232059545     0.153450283
     5.900000000     0.837060636     1.281290100     0.149495340
     5.910000000     0.861252396     1.328249161     0.146831006
     5.920000000     0.893445596     1.373127524     0.145422425
     5.930000000     0.933360568     1.416800312     0.145230600
     5.940000000     0.980143010     1.458535522     0.146217968
     5.950000000     1.032494318     1.495376425     0.148350136
     5.960000000     1.088875150     1.523988578     0.151594053
     5.970000000     1.147732272     1.543521569     0.155913251
     5.980000000     1.207696394     1.556684826     0.161261142
     5.990000000     1.267708921     1.567421811     0.167573725
     6.000000000     1.327057256     1.577821260     0.174763267
     6.010000000     1.385326430     1.587766849     0.182714372
     6.020000000     1.442300482     1.596627458     0.191283419
     6.030000000     1.497860700     1.603917550     0.200301698
     6.040000000     1.551923599     1.608240692     0.209581916
     6.050000000     1.604440738     1.607178355     0.218927253
     6.060000000     1.655453740     1.599488134     0.228141984
     6.070000000     1.705173747     1.587085045     0.237042621
     6.080000000     1.754045304     1.574181891     0.245468668
     6.090000000     1.802763438     1.564405515     0.253292082
     6.100000000     1.852233674     1.558425574     0.260424489
     6.110000000     1.903486513     1.553707657     0.266821106
     6.120000000     1.957569615     1.546216828     0.272480371
     6.130000000     2.015438346     1.532889808     0.277438591
     6.140000000     2.077852837     1.513559490     0.281759680
     6.150000000     2.145277530     1.490601142     0.285521025
     6.160000000     2.217776657     1.466440356     0.288797624
     6.170000000     2.294909089     1.441564730     0.291647325
     6.180000000     2.375642079     1.414099966     0.294100137
     6.190000000     2.458314405     1.380123572     0.296153891
     6.200000000     2.540675429     1.334870298     0.297777226
     6.210000000     2.620006235     1.275129323     0.298919297
     6.220000000     2.693300922     1.201404547     0.299524127
     6.230000000     2.757464840     1.117769377     0.299546654
     6.240000000     2.809484541     1.029124480     0.298967304
     6.250000000     2.846544559     0.938400210     0.297802377
     6.260000000     2.866099655     0.846455083     0.296108448
     6.270000000     2.865940732     0.753400496     0.293980114
     6.280000000     2.844301772     0.658415708     0.291541599
     6.290000000     2.800036535     0.559184949     0.288933721
     6.300000000     2.732854136     0.455037778     0.286298570
     6.310000000     2.643559248     0.351462386     0.283764668
     6.320000000     2.534216187     0.258063550     0.281435397
     6.330000000     2.408159828     0.181937245     0.279382872
     6.340000000     2.269810743     0.125310062     0.277648356
     6.350000000     2.124304440     0.087714662     0.276248844
     6.360000000     1.976995623     0.067840036     0.275187922
     6.370000000     1.832930096     0.063454621     0.274467946
     6.380000000     1.696380292     0.071253830     0.274100141
     6.390000000     1.570517675     0.087940200     0.274109698
     6.400000000     1.457257558     0.111147216     0.274534235
     6.410000000     1.357273059     0.139106929     0.275415705
     6.420000000     1.270146300     0.170030499     0.276787593
     6.430000000     1.194611404     0.202254832     0.278660576
     6.440000000     1.128843697     0.234805617     0.281010341
     6.450000000     1.070757356     0.267332425     0.283770886
     6.460000000     1.018283145     0.299521048     0.286835503
     6.470000000     0.969605184     0.330904054     0.290065955
     6.480000000     0.923340098     0.361346844     0.293308595
     6.490000000     0.878645571     0.391898128     0.296414615
     6.500000000     0.835250890     0.424824884     0.299260623
     6.510000000     0.793410792     0.462258036     0.301765399
     6.520000000     0.753794895     0.504787347     0.303899248
     6.530000000     0.717335229     0.551359404     0.305683615
     6.540000000     0.685060694     0.600367008     0.307180660
     6.550000000     0.657947561     0.650792762     0.308474738
     6.560000000     0.636809497     0.702464552     0.309649913
     6.570000000     0.622240825     0.755529727     0.310768964
     6.580000000     0.614614998     0.809730538     0.311859320
     6.590000000     0.614128753     0.863994303     0.312909809
     6.600000000     0.620872234     0.916862071     0.313879170
     6.610000000     0.634898156     0.967462440     0.314713855
     6.620000000     0.656260853     1.015856286     0.315369806
     6.630000000     0.685001353     1.062463537     0.315831636
     6.640000000     0.721069085     1.107644611     0.316123500
     6.650000000     0.764193010     1.151820220     0.316308629
     6.660000000     0.813739245     1.195160904     0.316478071
     6.670000000     0.868609768     1.236551676     0.316732343
     6.680000000     0.927238115     1.273009589     0.317161409
     6.690000000     0.987718102     1.300616379     0.317828117
     6.700000000     1.048062734     1.316541666     0.318758408
     6.710000000     1.106543186     1.320917153     0.319939012
     6.720000000     1.162018093     1.317386547     0.321321136
     6.730000000     1.214147118     1.311403458     0.322827518
     6.740000000     1.263399619     1.307196862     0.324360371
     6.750000000     1.310818533     1.306290292     0.325808811
     6.760000000     1.357569792     1.308566840     0.327055568
     6.770000000     1.404378846     1.313413168     0.327983549
     6.780000000     1.451005957     1.319223996     0.328482783
     6.790000000     1.495922305     1.322431996     0.328457572
     6.800000000     1.536311282     1.317585351     0.327832840
     6.810000000     1.568439201     1.299083630     0.326558168
     6.820000000     1.588336777     1.264039860     0.324608307
     6.830000000     1.592637346     1.214524497     0.321979901
     6.840000000     1.579361059     1.158032240     0.318685469
     6.850000000     1.548438318     1.105828382     0.314746682
     6.860000000     1.501833566     1.069085918     0.310189275
     6.870000000     1.443243252     1.054492419     0.305041279
     6.880000000     1.377463370     1.062220677     0.299334980
     6.890000000     1.309611489     1.087079110     0.293111567
     6.900000000     1.244415389     1.121325492     0.286426458
     6.910000000     1.185736816     1.157830753     0.279353116
     6.920000000     1.136401844     1.192792011     0.271983890
     6.930000000     1.098295201     1.226617357     0.264427577
     6.940000000     1.072586745     1.261829520     0.256804606
     6.950000000     1.059926269     1.300199860     0.249241354
     6.960000000     1.060478899     1.342790449     0.241865060
     6.970000000     1.073762844     1.391379062     0.234800064
     6.980000000     1.098359586     1.446903665     0.228165218
     6.990000000     1.131650544     1.506039194     0.222071603
     7.000000000     1.169758472     1.560502142     0.216619596
     7.010000000     1.207822197     1.600123930     0.211894818
     7.020000000     1.240623709     1.617706116     0.207963283
     7.030000000     1.263455995     1.613519521     0.204866805
     7.040000000     1.273017884     1.596994925     0.202619927
     7.050000000     1.268089980     1.583455197     0.201209259
     7.060000000     1.249798743     1.587073956     0.200595217
     7.070000000     1.221396508     1.615071636     0.200715260
     7.080000000     1.187629352     1.666703752     0.201487158
     7.090000000     1.153879512     1.735633413     0.202810988
     7.100000000     1.125314924     1.813325418     0.204569404
     7.110000000     1.106244637     1.892765049     0.206626884
     7.120000000     1.099785866     1.971128825     0.208829685
     7.130000000     1.107837764     2.049536428     0.211008625
     7.140000000     1.131271853     2.130456762     0.212986243
     7.150000000     1.170216951     2.215543251     0.214588617
     7.160000000     1.224339453     2.305210547     0.215660439
     7.170000000     1.293077127     2.398770710     0.216080557
     7.180000000     1.375843739     2.494188910     0.215774611
     7.190000000     1.472254539     2.587986559     0.214721845
     7.200000000     1.582416242     2.676095005     0.212954598
     7.210000000     1.707286968     2.755850937     0.210550785
     7.220000000     1.849063264     2.828384547     0.207621336
     7.230000000     2.011516996     2.899189285     0.204295485
     7.240000000     2.200198928     2.974981987     0.200706679
     7.250000000     2.422445503     3.058989639     0.196981048
     7.260000000     2.687152967     3.148699000     0.193229056
     7.270000000     3.004296672     3.236959950     0.189539922
     7.280000000     3.384161925     3.314831303     0.185977899
     7.290000000     3.836226146     3.374050357     0.182579719
     7.300000000     4.367622263     3.407815812     0.179353213
     7.310000000     4.981160131     3.410482829     0.176277820
     7.320000000     5.673012580     3.376820467     0.173308021
     7.330000000     6.430375178     3.299465130     0.170380412
     7.340000000     7.229627509     3.164094658     0.167424235
     7.350000000     8.035666739     2.946285355     0.164374068
     7.360000000     8.803055208     2.614573314     0.161182504
     7.370000000     9.479365338     2.139628045     0.157830322
     7.380000000    10.010635063     1.505390721     0.154332111
     7.390000000    10.348270731     0.719470760     0.150736258
     7.400000000    10.456222019    -0.178362581     0.147119457
     7.410000000    10.316985361    -1.115938157     0.143576961
     7.420000000     9.935091509    -2.004887086     0.140210489
     7.430000000     9.337210470    -2.765527375     0.137115912
     7.440000000     8.568747389    -3.343222893     0.134372647
     7.450000000     7.687596072    -3.717467270     0.132036250
     7.460000000     6.756330225    -3.906195496     0.130135183
     7.470000000     5.834373280    -3.954899386     0.128672056
     7.480000000     4.971542683    -3.914691570     0.127629027
     7.490000000     4.203893057    -3.825311451     0.126976289
     7.500000000     3.552159238    -3.710226461     0.126681925
     7.510000000     3.022523561    -3.581238146     0.126720944
     7.520000000     2.609052571    -3.445720280     0.127081259
     7.530000000     2.297023699    -3.311342703     0.127764874
     7.540000000     2.066453886    -3.187312359     0.128783573
     7.550000000     1.895350439    -3.082941549     0.130149715
     7.560000000     1.762422228    -3.005221751     0.131864062
     7.570000000     1.649145246    -2.956646770     0.133903442
     7.580000000     1.541153762    -2.932479619     0.136211276
     7.590000000     1.428954437    -2.918815164     0.138693442
     7.600000000     1.307979658    -2.897229617     0.141220879
     7.610000000     1.178038661    -2.854970556     0.143638830
     7.620000000     1.042292719    -2.790096794     0.145781321
     7.630000000     0.905950233    -2.707919155     0.147488363
     7.640000000     0.774916729    -2.615321978     0.148622941
     7.650000000     0.654622300    -2.517814297     0.149084998
     7.660000000     0.549185667    -2.419005139     0.148820373
     7.670000000     0.460981493    -2.321018267     0.147823799
     7.680000000     0.390586377    -2.225159596     0.146136306
     7.690000000     0.337014781    -2.132539693     0.143838378
     7.700000000     0.298129678    -2.044371872     0.141040697
     7.710000000     0.271119332    -1.961979591     0.137874207
     7.720000000     0.252956858    -1.886678384     0.134480628
     7.730000000     0.240788268    -1.819321449     0.131003788
     7.740000000     0.232218266    -1.759388733     0.127581549
     7.750000000     0.225479663    -1.704481954     0.124337983
     7.760000000     0.219484836    -1.651419912     0.121375692
     7.770000000     0.213770056    -1.598247589     0.118768746
     7.780000000     0.208356323    -1.544992957     0.116557123
     7.790000000     0.203561502    -1.492732912     0.114743662
     7.800000000     0.199804089    -1.442446682     0.113294313
     7.810000000     0.197436335    -1.394608856     0.112141936
     7.820000000     0.196633889    -1.349290273     0.111193407
     7.830000000     0.197353329    -1.306450074     0.110339375
     7.840000000     0.199352444    -1.266295018     0.109465792
     7.850000000     0.202254729    -1.229306129     0.108466194
     7.860000000     0.205632278    -1.195780890     0.107253513
     7.870000000     0.209080899    -1.165383604     0.105769963
     7.880000000     0.212267589    -1.137162100     0.103993426
     7.890000000     0.214941364    -1.109986655     0.101938866
     7.900000000     0.216911097    -1.083132787     0.099653956
     7.910000000     0.218004735    -1.056674255     0.097209098
     7.920000000     0.218029820    -1.031394687     0.094683367
     7.930000000     0.216753750    -1.008275531     0.092148999
     7.940000000     0.213914206    -0.987867290     0.089657698
     7.950000000     0.209258554    -0.969920143     0.087231788
     7.960000000     0.202600239    -0.953512963     0.084862167
     7.970000000     0.193874137    -0.937488094     0.082513370
     7.980000000     0.183173516    -0.920839708     0.080134281
     7.990000000     0.170757878    -0.902973907     0.077671665
     8.000000000     0.157030431    -0.883835253     0.075083122
     8.010000000     0.142492494    -0.863775834     0.072346518
     8.020000000     0.127686868    -0.843183366     0.069464059
     8.030000000     0.113142395    -0.822157412     0.066460777
     8.040000000     0.099328491    -0.800537206     0.063378583
     8.050000000     0.086623753    -0.778211322     0.060267950
     8.060000000     0.075298720    -0.755319032     0.057179508
     8.070000000     0.065510689    -0.732196023     0.054157407
     8.080000000     0.057308031    -0.709221838     0.051235503
     8.090000000     0.050641922    -0.686699500     0.048436509
     8.100000000     0.045383869    -0.664798312     0.045773511
     8.110000000     0.041347436    -0.643568964     0.043252810
     8.120000000     0.038312137    -0.623022378     0.040876943
     8.130000000     0.036046990    -0.603187268     0.038646937
     8.140000000     0.034331126    -0.584076673     0.036563258
     8.150000000     0.032969327    -0.565628825     0.034625421
     8.160000000     0.031801337    -0.547734659     0.032830650
     8.170000000     0.030705022    -0.530313383     0.031172304
     8.180000000     0.029594532    -0.513313710     0.029638829
     8.190000000     0.028415331    -0.496681049     0.028213794
     8.200000000     0.027138090    -0.480377597     0.026877229
     8.210000000     0.025753059    -0.464407063     0.025607985
     8.220000000     0.024265779    -0.448788294     0.024386540
     8.230000000     0.022694111    -0.433504520     0.023197437
     8.240000000     0.021065937    -0.418476965     0.022030716
     8.250000000     0.019416592    -0.403597536     0.020881936
     8.260000000     0.017785370    -0.388789091     0.019750873
     8.270000000     0.016210976    -0.374035751     0.018639315
     8.280000000     0.014726508    -0.359374681     0.017548662
     8.290000000     0.013354977    -0.344863788     0.016478046
     8.300000000     0.012106502    -0.330549654     0.015423481
     8.310000000     0.010977911    -0.316452831     0.014378265
     8.320000000     0.009954897    -0.302567554     0.013334498
     8.330000000     0.009016184    -0.288869298     0.012285263
     8.340000000     0.008138663    -0.275327757     0.011226932
     8.350000000     0.007302312    -0.261912701     0.010160979
     8.360000000     0.006493878    -0.248587080     0.009094874
     8.370000000     0.005708725    -0.235308934     0.008041784
     8.380000000     0.004950864    -0.222041450     0.007019116
     8.390000000     0.004231691    -0.208753209     0.006046150
     8.400000000     0.003568527    -0.195419451     0.005141247
     8.410000000     0.002984405    -0.182028215     0.004319215
     8.420000000     0.002510872    -0.168576908     0.003589389
     8.430000000     0.002195782    -0.155060363     0.002954813
     8.440000000     0.002118087    -0.141460613     0.002412627
     8.450000000     0.002411226    -0.127743042     0.001955454
     8.460000000     0.003295521    -0.113860862     0.001573363
     8.470000000     0.005117389    -0.099764814     0.001255857
     8.480000000     0.008388989    -0.085409816     0.000993444
     8.490000000     0.013816170    -0.070756965     0.000778522
     8.500000000     0.022296819    -0.055777095     0.000605535
     8.510000000     0.034868275    -0.040461583     0.000470584
     8.520000000     0.052585165    -0.024844786     0.000370723
     8.530000000     0.076320692    -0.009045305     0.000303212
     8.540000000     0.106506160     0.006660584     0.000264893
     8.550000000     0.142851696     0.021711372     0.000251789
     8.560000000     0.184117330     0.035049063     0.000258943
     8.570000000     0.228016168     0.044805107     0.000280497
     8.580000000     0.271319463     0.047948939     0.000309989
     8.590000000     0.310193220     0.040244419     0.000340831
     8.600000000     0.340734183     0.017389751     0.000366925
     8.610000000     0.359607890    -0.021719633     0.000383296
     8.620000000     0.364646351    -0.071105332     0.000386651
     8.630000000     0.355257467    -0.118618621     0.000375708
     8.640000000     0.332539322    -0.153413683     0.000351215
     8.650000000     0.299068818    -0.171911688     0.000315654
     8.660000000     0.258420844    -0.176651692     0.000272659
     8.670000000     0.214541936    -0.172156573     0.000226324
     8.680000000     0.171129580    -0.162340155     0.000180512
     8.690000000     0.131149368    -0.149850767     0.000138334
     8.700000000     0.096568513    -0.136273705     0.000101856
     8.710000000     0.068317680    -0.122489514     0.000072058
     8.720000000     0.046436438    -0.108957262     0.000048978
     8.730000000     0.030325844    -0.095896966     0.000031986
     8.740000000     0.019028087    -0.083397526     0.000020070
     8.750000000     0.011471114    -0.071478126     0.000012099
     8.760000000     0.006644224    -0.060122447     0.000007008
     8.770000000     0.003697525    -0.049297477     0.000003900
     8.780000000     0.001976998    -0.038963690     0.000002085
     8.790000000     0.001015616    -0.029080429     0.000001071
     8.800000000     0.000501281    -0.019608624     0.000000529
     8.810000000     0.000237717    -0.010512052     0.000000251
     8.820000000     0.000108310    -0.001757794     0.000000114
     8.830000000     0.000047414     0.006683722     0.000000050
     8.840000000     0.000019942     0.014838891     0.000000021
     8.850000000     0.000008059     0.022731198     0.000000008
     8.860000000     0.000003129     0.030381511     0.000000003
     8.870000000     0.000001167     0.037808380     0.000000001
     8.880000000     0.000000418     0.045028309     0.000000000
     8.890000000     0.000000144     0.052056011     0.000000000
     8.900000000     0.000000048     0.058904627     0.000000000
     8.910000000     0.000000015     0.065585924     0.000000000
     8.920000000     0.000000005     0.072110466     0.000000000
     8.930000000     0.000000001     0.078487764     0.000000000
     8.940000000     0.000000000     0.084726403     0.000000000
     8.950000000     0.000000000     0.090834154     0.000000000
     8.960000000     0.000000000     0.096818070     0.000000000
     8.970000000     0.000000000     0.102684573     0.000000000
     8.980000000     0.000000000     0.108439523     0.000000000
     8.990000000     0.000000000     0.114088282     0.000000000
     9.000000000     0.000000000     0.119635770     0.000000000
     9.010000000     0.000000000     0.125086512     0.000000000
     9.020000000     0.000000000     0.130444680     0.000000000
     9.030000000     0.000000000     0.135714130     0.000000000
     9.040000000     0.000000000     0.140898433     0.000000000
     9.050000000     0.000000000     0.146000906     0.000000000
     9.060000000     0.000000000     0.151024633     0.000000000
     9.070000000     0.000000000     0.155972490     0.000000000
     9.080000000     0.000000000     0.160847164     0.000000000
     9.090000000     0.000000000     0.165651169     0.000000000
     9.100000000     0.000000000     0.170386862     0.000000000
     9.110000000     0.000000000     0.175056460     0.000000000
     9.120000000     0.000000000     0.179662045     0.000000000
     9.130000000     0.000000000     0.184205583     0.000000000
     9.140000000     0.000000000     0.188688926     0.000000000
     9.150000000     0.000000000     0.193113830     0.000000000
     9.160000000     0.000000000     0.197481954     0.000000000
     9.170000000     0.000000000     0.201794872     0.000000000
     9.180000000     0.000000000     0.206054079     0.000000000
     9.190000000     0.000000000     0.210260997     0.000000000
     9.200000000     0.000000000     0.214416979     0.000000000
     9.210000000     0.000000000     0.218523314     0.000000000
     9.220000000     0.000000000     0.222581233     0.000000000
     9.230000000     0.000000000     0.226591913     0.000000000
     9.240000000     0.000000000     0.230556478     0.000000000
     9.250000000     0.000000000     0.234476004     0.000000000
     9.260000000     0.000000000     0.238351523     0.000000000
     9.270000000     0.000000000     0.242184026     0.000000000
     9.280000000     0.000000000     0.245974463     0.000000000
     9.290000000     0.000000000     0.249723749     0.000000000
     9.300000000     0.000000000     0.253432761     0.000000000
     9.310000000     0.000000000     0.257102346     0.000000000
     9.320000000     0.000000000     0.260733320     0.000000000
     9.330000000     0.000000000     0.264326470     0.000000000
     9.340000000     0.000000000     0.267882554     0.000000000
     9.350000000     0.000000000     0.271402305     0.000000000
     9.360000000     0.000000000     0.274886434     0.000000000
     9.370000000     0.000000000     0.278335625     0.000000000
     9.380000000     0.000000000     0.281750542     0.000000000
     9.390000000     0.000000000     0.285131829     0.000000000
     9.400000000     0.000000000     0.288480110     0.000000000
     9.410000000     0.000000000     0.291795990     0.000000000
     9.420000000     0.000000000     0.295080058     0.000000000
     9.430000000     0.000000000     0.298332883     0.000000000
     9.440000000     0.000000000     0.301555024     0.000000000
     9.450000000     0.000000000     0.304747020     0.000000000
     9.460000000     0.000000000     0.307909399     0.000000000
     9.470000000     0.000000000     0.311042677     0.000000000
     9.480000000     0.000000001     0.314147355     0.000000001
     9.490000000     0.000000003     0.317223925     0.000000002
     9.500000000     0.000000007     0.320272868     0.000000005
     9.510000000     0.000000017     0.323294656     0.000000012
     9.520000000     0.000000042     0.326289752     0.000000029
     9.530000000     0.000000098     0.329258611     0.000000068
     9.540000000     0.000000221     0.332201683     0.000000152
     9.550000000     0.000000478     0.335119410     0.000000329
     9.560000000     0.000000994     0.338012231     0.000000684
     9.570000000     0.000001985     0.340880577     0.000001366
     9.580000000     0.000003809     0.343724879     0.000002621
     9.590000000     0.000007023     0.346545559     0.000004832
     9.600000000     0.000012440     0.349343033     0.000008560
     9.610000000     0.000021172     0.352117706     0.000014568
     9.620000000     0.000034621     0.354869957     0.000023822
     9.630000000     0.000054393     0.357600127     0.000037427
     9.640000000     0.000082105     0.360308477     0.000056495
     9.650000000     0.000119076     0.362995126     0.000081934
     9.660000000     0.000165924     0.365659937     0.000114170
     9.670000000     0.000222138     0.368302315     0.000152850
     9.680000000     0.000285736     0.370920875     0.000196610
     9.690000000     0.000353130     0.373512956     0.000242983
     9.700000000     0.000419307     0.376074083     0.000288518
     9.710000000     0.000478364     0.378597960     0.000329154
     9.720000000     0.000524340     0.381078368     0.000360789
     9.730000000     0.000552199     0.383514329     0.000379959
     9.740000000     0.000558736     0.385915912     0.000384456
     9.750000000     0.000543182     0.388302228     0.000373754
     9.760000000     0.000507356     0.390689691     0.000349103
     9.770000000     0.000455311     0.393083396     0.000313292
     9.780000000     0.000392583     0.395479366     0.000270130
     9.790000000     0.000325225     0.397870884     0.000223782
     9.800000000     0.000258859     0.400252274     0.000178117
     9.810000000     0.000197958     0.402619803     0.000136211
     9.820000000     0.000145448     0.404971332     0.000100080
     9.830000000     0.000102677     0.407305770     0.000070650
     9.840000000     0.000069641     0.409622651     0.000047919
     9.850000000     0.000045382     0.411921861     0.000031227
     9.860000000     0.000028414     0.414203474     0.000019551
     9.870000000     0.000017093     0.416467666     0.000011761
     9.880000000     0.000009879     0.418714660     0.000006798
     9.890000000     0.000005486     0.420944702     0.000003775
     9.900000000     0.000002927     0.423158042     0.000002014
     9.910000000     0.000001500     0.425354928     0.000001032
     9.920000000     0.000000739     0.427535605     0.000000508
     9.930000000     0.000000350     0.429700308     0.000000241
     9.940000000     0.000000159     0.431849264     0.000000109
     9.950000000     0.000000069     0.433982692     0.000000048
     9.960000000     0.000000029     0.436100803     0.000000020
     9.970000000     0.000000012     0.438203803     0.000000008
     9.980000000     0.000000005     0.440291888     0.000000003
     9.990000000     0.000000002     0.442365249     0.000000001
    10.000000000     0.000000001     0.444424072     0.000000000
    10.010000000     0.000000000     0.446468536     0.000000000
    10.020000000     0.000000000     0.448498818     0.000000000
    10.030000000     0.000000000     0.450515086     0.000000000
    10.040000000     0.000000000     0.452517507     0.000000000
    10.050000000     0.000000000     0.454506244     0.000000000
    10.060000000     0.000000000     0.456481454     0.000000000
    10.070000000     0.000000000     0.458443294     0.000000000
    10.080000000     0.000000000     0.460391913     0.000000000
    10.090000000     0.000000000     0.462327461     0.000000000
    10.100000000     0.000000000     0.464250083     0.000000000
    10.110000000     0.000000000     0.466159922     0.000000000
    10.120000000     0.000000000     0.468057117     0.000000000
    10.130000000     0.000000000     0.469941806     0.000000000
    10.140000000     0.000000000     0.471814123     0.000000000
    10.150000000     0.000000000     0.473674201     0.000000000
    10.160000000     0.000000000     0.475522170     0.000000000
    10.170000000     0.000000000     0.477358157     0.000000000
    10.180000000     0.000000000     0.479182288     0.000000000
    10.190000000     0.000000000     0.480994687     0.000000000
    10.200000000     0.000000000     0.482795475     0.000000000
    10.210000000     0.000000000     0.484584771     0.000000000
    10.220000000     0.000000000     0.486362693     0.000000000
    10.230000000     0.000000000     0.488129357     0.000000000
    10.240000000     0.000000000     0.489884877     0.000000000
    10.250000000     0.000000000     0.491629364     0.000000000
    10.260000000     0.000000000     0.493362930     0.000000000
    10.270000000     0.000000000     0.495085683     0.000000000
    10.280000000     0.000000000     0.496797731     0.000000000
    10.290000000     0.000000000     0.498499178     0.000000000
    10.300000000     0.000000000     0.500190128     0.000000000
    10.310000000     0.000000000     0.501870686     0.000000000
    10.320000000     0.000000000     0.503540950     0.000000000
    10.330000000     0.000000000     0.505201021     0.000000000
    10.340000000     0.000000000     0.506850997     0.000000000
    10.350000000     0.000000000     0.508490975     0.000000000
    10.360000000     0.000000000     0.510121050     0.000000000
    10.370000000     0.000000000     0.511741316     0.000000000
    10.380000000     0.000000000     0.513351866     0.000000000
    10.390000000     0.000000000     0.514952792     0.000000000
    10.400000000     0.000000000     0.516544183     0.000000000
    10.410000000     0.000000000     0.518126128     0.000000000
    10.420000000     0.000000000     0.519698716     0.000000000
    10.430000000     0.000000000     0.521262033     0.000000000
    10.440000000     0.000000000     0.522816165     0.000000000
    10.450000000     0.000000000     0.524361195     0.000000000
    10.460000000     0.000000000     0.525897207     0.000000000
    10.470000000     0.000000000     0.527424283     0.000000000
    10.480000000     0.000000000     0.528942505     0.000000000
    10.490000000     0.000000000     0.530451951     0.000000000
    10.500000000     0.000000000     0.531952702     0.000000000
    10.510000000     0.000000000     0.533444834     0.000000000
    10.520000000     0.000000000     0.534928426     0.000000000
    10.530000000     0.000000000     0.536403552     0.000000000
    10.540000000     0.000000000     0.537870289     0.000000000
    10.550000000     0.000000000     0.539328709     0.000000000
    10.560000000     0.000000000     0.540778886     0.000000000
    10.570000000     0.000000000     0.542220893     0.000000000
    10.580000000     0.000000000     0.543654800     0.000000000
    10.590000000     0.000000000     0.545080678     0.000000000
    10.600000000     0.000000000     0.546498596     0.000000000
    10.610000000     0.000000000     0.547908624     0.000000000
    10.620000000     0.000000000     0.549310829     0.000000000
    10.630000000     0.000000000     0.550705278     0.000000000
    10.640000000     0.000000000     0.552092037     0.000000000
    10.650000000     0.000000000     0.553471173     0.000000000
    10.660000000     0.000000000     0.554842748     0.000000000
    10.670000000     0.000000000     0.556206828     0.000000000
    10.680000000     0.000000000     0.557563475     0.000000000
    10.690000000     0.000000000     0.558912752     0.000000000
    10.700000000     0.000000000     0.560254721     0.000000000
    10.710000000     0.000000000     0.561589441     0.000000000
    10.720000000     0.000000000     0.562916974     0.000000000
    10.730000000     0.000000000     0.564237379     0.000000000
    10.740000000     0.000000000     0.565550715     0.000000000
    10.750000000     0.000000000     0.566857039     0.000000000
    10.760000000     0.000000000     0.568156410     0.000000000
    10.770000000     0.000000000     0.569448884     0.000000000
    10.780000000     0.000000000     0.570734516     0.000000000
    10.790000000     0.000000000     0.572013364     0.000000000
    10.800000000     0.000000000     0.573285481     0.000000000
    10.810000000     0.000000000     0.574550921     0.000000000
    10.820000000     0.000000000     0.575809739     0.000000000
    10.830000000     0.000000000     0.577061987     0.000000000
    10.840000000     0.000000000     0.578307718     0.000000000
    10.850000000     0.000000000     0.579546984     0.000000000
    10.860000000     0.000000000     0.580779835     0.000000000
    10.870000000     0.000000000     0.582006323     0.000000000
    10.880000000     0.000000000     0.583226497     0.000000000
    10.890000000     0.000000000     0.584440408     0.000000000
    10.900000000     0.000000000     0.585648104     0.000000000
    10.910000000     0.000000000     0.586849634     0.000000000
    10.920000000     0.000000000     0.588045046     0.000000000
    10.930000000     0.000000000     0.589234387     0.000000000
    10.940000000     0.000000000     0.590417704     0.000000000
    10.950000000     0.000000000     0.591595044     0.000000000
    10.960000000     0.000000000     0.592766453     0.000000000
    10.970000000     0.000000000     0.593931975     0.000000000
    10.980000000     0.000000000     0.595091657     0.000000000
    10.990000000     0.000000000     0.596245542     0.000000000
    11.000000000     0.000000000     0.597393674     0.000000000
