 # Column 1: omega
 # Column 2: eps2(omega)
 # Column 3: eps1(omega)
 # Column 4: JDOS(omega)
     0.000000000     0.000000000     3.939182354     0.000000000
     0.010000000     0.000000000     3.939194549     0.000000000
     0.020000000     0.000000000     3.939231137     0.000000000
     0.030000000     0.000000000     3.939292119     0.000000000
     0.040000000     0.000000000     3.939377501     0.000000000
     0.050000000     0.000000000     3.939487287     0.000000000
     0.060000000     0.000000000     3.939621485     0.000000000
     0.070000000     0.000000000     3.939780105     0.000000000
     0.080000000     0.000000000     3.939963158     0.000000000
     0.090000000     0.000000000     3.940170657     0.000000000
     0.100000000     0.000000000     3.940402615     0.000000000
     0.110000000     0.000000000     3.940659050     0.000000000
     0.120000000     0.000000000     3.940939979     0.000000000
     0.130000000     0.000000000     3.941245422     0.000000000
     0.140000000     0.000000000     3.941575400     0.000000000
     0.150000000     0.000000000     3.941929936     0.000000000
     0.160000000     0.000000000     3.942309056     0.000000000
     0.170000000     0.000000000     3.942712785     0.000000000
     0.180000000     0.000000000     3.943141152     0.000000000
     0.190000000     0.000000000     3.943594188     0.000000000
     0.200000000     0.000000000     3.944071924     0.000000000
     0.210000000     0.000000000     3.944574394     0.000000000
     0.220000000     0.000000000     3.945101633     0.000000000
     0.230000000     0.000000000     3.945653680     0.000000000
     0.240000000     0.000000000     3.946230574     0.000000000
     0.250000000     0.000000000     3.946832354     0.000000000
     0.260000000     0.000000000     3.947459065     0.000000000
     0.270000000     0.000000000     3.948110751     0.000000000
     0.280000000     0.000000000     3.948787460     0.000000000
     0.290000000     0.000000000     3.949489239     0.000000000
     0.300000000     0.000000000     3.950216139     0.000000000
     0.310000000     0.000000000     3.950968213     0.000000000
     0.320000000     0.000000000     3.951745515     0.000000000
     0.330000000     0.000000000     3.952548102     0.000000000
     0.340000000     0.000000000     3.953376032     0.000000000
     0.350000000     0.000000000     3.954229366     0.000000000
     0.360000000     0.000000000     3.955108167     0.000000000
     0.370000000     0.000000000     3.956012499     0.000000000
     0.380000000     0.000000000     3.956942429     0.000000000
     0.390000000     0.000000000     3.957898026     0.000000000
     0.400000000     0.000000000     3.958879361     0.000000000
     0.410000000     0.000000000     3.959886507     0.000000000
     0.420000000     0.000000000     3.960919540     0.000000000
     0.430000000     0.000000000     3.961978538     0.000000000
     0.440000000     0.000000000     3.963063580     0.000000000
     0.450000000     0.000000000     3.964174749     0.000000000
     0.460000000     0.000000000     3.965312130     0.000000000
     0.470000000     0.000000000     3.966475810     0.000000000
     0.480000000     0.000000000     3.967665878     0.000000000
     0.490000000     0.000000000     3.968882426     0.000000000
     0.500000000     0.000000000     3.970125549     0.000000000
     0.510000000     0.000000000     3.971395343     0.000000000
     0.520000000     0.000000000     3.972691909     0.000000000
     0.530000000     0.000000000     3.974015349     0.000000000
     0.540000000     0.000000000     3.975365767     0.000000000
     0.550000000     0.000000000     3.976743271     0.000000000
     0.560000000     0.000000000     3.978147972     0.000000000
     0.570000000     0.000000000     3.979579982     0.000000000
     0.580000000     0.000000000     3.981039419     0.000000000
     0.590000000     0.000000000     3.982526400     0.000000000
     0.600000000     0.000000000     3.984041049     0.000000000
     0.610000000     0.000000000     3.985583490     0.000000000
     0.620000000     0.000000000     3.987153852     0.000000000
     0.630000000     0.000000000     3.988752266     0.000000000
     0.640000000     0.000000000     3.990378867     0.000000000
     0.650000000     0.000000000     3.992033793     0.000000000
     0.660000000     0.000000000     3.993717186     0.000000000
     0.670000000     0.000000000     3.995429190     0.000000000
     0.680000000     0.000000000     3.997169955     0.000000000
     0.690000000     0.000000000     3.998939632     0.000000000
     0.700000000     0.000000000     4.000738378     0.000000000
     0.710000000     0.000000000     4.002566353     0.000000000
     0.720000000     0.000000000     4.004423719     0.000000000
     0.730000000     0.000000000     4.006310646     0.000000000
     0.740000000     0.000000000     4.008227306     0.000000000
     0.750000000     0.000000000     4.010173874     0.000000000
     0.760000000     0.000000000     4.012150531     0.000000000
     0.770000000     0.000000000     4.014157463     0.000000000
     0.780000000     0.000000000     4.016194859     0.000000000
     0.790000000     0.000000000     4.018262914     0.000000000
     0.800000000     0.000000000     4.020361828     0.000000000
     0.810000000     0.000000000     4.022491804     0.000000000
     0.820000000     0.000000000     4.024653054     0.000000000
     0.830000000     0.000000000     4.026845791     0.000000000
     0.840000000     0.000000000     4.029070237     0.000000000
     0.850000000     0.000000000     4.031326617     0.000000000
     0.860000000     0.000000000     4.033615165     0.000000000
     0.870000000     0.000000000     4.035936118     0.000000000
     0.880000000     0.000000000     4.038289720     0.000000000
     0.890000000     0.000000000     4.040676224     0.000000000
     0.900000000     0.000000000     4.043095886     0.000000000
     0.910000000     0.000000000     4.045548971     0.000000000
     0.920000000     0.000000000     4.048035751     0.000000000
     0.930000000     0.000000000     4.050556506     0.000000000
     0.940000000     0.000000000     4.053111523     0.000000000
     0.950000000     0.000000000     4.055701095     0.000000000
     0.960000000     0.000000000     4.058325528     0.000000000
     0.970000000     0.000000000     4.060985132     0.000000000
     0.980000000     0.000000000     4.063680229     0.000000000
     0.990000000     0.000000000     4.066411149     0.000000000
     1.000000000     0.000000000     4.069178232     0.000000000
     1.010000000     0.000000000     4.071981828     0.000000000
     1.020000000     0.000000000     4.074822297     0.000000000
     1.030000000     0.000000000     4.077700011     0.000000000
     1.040000000     0.000000000     4.080615353     0.000000000
     1.050000000     0.000000000     4.083568717     0.000000000
     1.060000000     0.000000000     4.086560512     0.000000000
     1.070000000     0.000000000     4.089591156     0.000000000
     1.080000000     0.000000000     4.092661085     0.000000000
     1.090000000     0.000000000     4.095770746     0.000000000
     1.100000000     0.000000000     4.098920602     0.000000000
     1.110000000     0.000000000     4.102111132     0.000000000
     1.120000000     0.000000000     4.105342832     0.000000000
     1.130000000     0.000000000     4.108616213     0.000000000
     1.140000000     0.000000000     4.111931806     0.000000000
     1.150000000     0.000000000     4.115290160     0.000000000
     1.160000000     0.000000000     4.118691845     0.000000000
     1.170000000     0.000000000     4.122137452     0.000000000
     1.180000000     0.000000000     4.125627594     0.000000000
     1.190000000     0.000000000     4.129162906     0.000000000
     1.200000000     0.000000000     4.132744049     0.000000000
     1.210000000     0.000000000     4.136371712     0.000000000
     1.220000000     0.000000000     4.140046609     0.000000000
     1.230000000     0.000000000     4.143769485     0.000000000
     1.240000000     0.000000000     4.147541114     0.000000000
     1.250000000     0.000000000     4.151362305     0.000000000
     1.260000000     0.000000000     4.155233903     0.000000000
     1.270000000     0.000000000     4.159156787     0.000000000
     1.280000000     0.000000000     4.163131879     0.000000000
     1.290000000     0.000000000     4.167160141     0.000000000
     1.300000000     0.000000000     4.171242581     0.000000000
     1.310000000     0.000000000     4.175380256     0.000000000
     1.320000000     0.000000000     4.179574274     0.000000000
     1.330000000     0.000000000     4.183825797     0.000000000
     1.340000000     0.000000000     4.188136049     0.000000000
     1.350000000     0.000000000     4.192506314     0.000000000
     1.360000000     0.000000000     4.196937948     0.000000000
     1.370000000     0.000000000     4.201432379     0.000000000
     1.380000000     0.000000000     4.205991113     0.000000000
     1.390000000     0.000000000     4.210615744     0.000000000
     1.400000000     0.000000000     4.215307957     0.000000000
     1.410000000     0.000000000     4.220069539     0.000000000
     1.420000000     0.000000001     4.224902383     0.000000001
     1.430000000     0.000000002     4.229808504     0.000000002
     1.440000000     0.000000005     4.234790042     0.000000005
     1.450000000     0.000000012     4.239849279     0.000000012
     1.460000000     0.000000029     4.244988651     0.000000029
     1.470000000     0.000000068     4.250210759     0.000000069
     1.480000000     0.000000153     4.255518388     0.000000156
     1.490000000     0.000000331     4.260914527     0.000000341
     1.500000000     0.000000688     4.266402383     0.000000715
     1.510000000     0.000001377     4.271985408     0.000001444
     1.520000000     0.000002646     4.277667321     0.000002803
     1.530000000     0.000004886     4.283452138     0.000005238
     1.540000000     0.000008668     4.289344200     0.000009418
     1.550000000     0.000014777     4.295348205     0.000016299
     1.560000000     0.000024204     4.301469244     0.000027155
     1.570000000     0.000038094     4.307712832     0.000043564
     1.580000000     0.000057608     4.314084936     0.000067311
     1.590000000     0.000083711     4.320591992     0.000100190
     1.600000000     0.000116887     4.327240893     0.000143698
     1.610000000     0.000156837     4.334038930     0.000198646
     1.620000000     0.000202238     4.340993648     0.000264738
     1.630000000     0.000250656     4.348112613     0.000340230
     1.640000000     0.000298699     4.355403143     0.000421753
     1.650000000     0.000342481     4.362872421     0.000504415
     1.660000000     0.000378408     4.370528916     0.000582218
     1.670000000     0.000404299     4.378386147     0.000648776
     1.680000000     0.000420852     4.386467042     0.000698254
     1.690000000     0.000433609     4.394803004     0.000726348
     1.700000000     0.000455725     4.403426030     0.000731136
     1.710000000     0.000512094     4.412362764     0.000713631
     1.720000000     0.000645610     4.421636181     0.000677919
     1.730000000     0.000926355     4.431270120     0.000630852
     1.740000000     0.001464290     4.441291911     0.000581361
     1.750000000     0.002425289     4.451732819     0.000539492
     1.760000000     0.004049115     4.462627217     0.000515340
     1.770000000     0.006666160     4.474010650     0.000518015
     1.780000000     0.010707717     4.485916198     0.000554780
     1.790000000     0.016702784     4.498367790     0.000630478
     1.800000000     0.025253623     4.511368030     0.000747303
     1.810000000     0.036983543     4.524876495     0.000904966
     1.820000000     0.052454290     4.538772455     0.001101242
     1.830000000     0.072057310     4.552795210     0.001332850
     1.840000000     0.095892062     4.566461538     0.001596549
     1.850000000     0.123653530     4.578986005     0.001890309
     1.860000000     0.154557068     4.589282761     0.002214377
     1.870000000     0.187328486     4.596138445     0.002572103
     1.880000000     0.220278801     4.598438441     0.002970413
     1.890000000     0.251466595     4.595103065     0.003419858
     1.900000000     0.278929750     4.585064408     0.003934199
     1.910000000     0.300948213     4.568384198     0.004529487
     1.920000000     0.316286988     4.547721792     0.005222636
     1.930000000     0.324368565     4.527334228     0.006029495
     1.940000000     0.325337700     4.510124121     0.006962580
     1.950000000     0.320005567     4.496763673     0.008028703
     1.960000000     0.309687991     4.487283600     0.009226857
     1.970000000     0.295975896     4.482015641     0.010546731
     1.980000000     0.280488769     4.481059321     0.011968150
     1.990000000     0.264661214     4.483603362     0.013461564
     2.000000000     0.249599619     4.488016301     0.014989568
     2.010000000     0.236025603     4.492747014     0.016509301
     2.020000000     0.224301117     4.497167834     0.017975605
     2.030000000     0.214512936     4.501525749     0.019344817
     2.040000000     0.206585277     4.506309723     0.020579092
     2.050000000     0.200389344     4.511890391     0.021651021
     2.060000000     0.195825902     4.518489846     0.022548015
     2.070000000     0.192868159     4.526079714     0.023275633
     2.080000000     0.191563519     4.534322499     0.023858825
     2.090000000     0.192001690     4.542815613     0.024340188
     2.100000000     0.194261916     4.551399464     0.024774849
     2.110000000     0.198354146     4.560145896     0.025222413
     2.120000000     0.204168572     4.569030297     0.025737333
     2.130000000     0.211445781     4.577662411     0.026359736
     2.140000000     0.219776177     4.585334402     0.027108841
     2.150000000     0.228632033     4.591283814     0.027980662
     2.160000000     0.237429006     4.595055528     0.028950615
     2.170000000     0.245607025     4.596824914     0.029980466
     2.180000000     0.252714970     4.597315052     0.031027954
     2.190000000     0.258481448     4.597298694     0.032056829
     2.200000000     0.262856370     4.597254438     0.033045118
     2.210000000     0.266014802     4.597578893     0.033989953
     2.220000000     0.268323666     4.598971724     0.034908293
     2.230000000     0.270280321     4.602148938     0.035833805
     2.240000000     0.272436744     4.607024428     0.036810955
     2.250000000     0.275322557     4.612466176     0.037887803
     2.260000000     0.279375147     4.617061984     0.039109008
     2.270000000     0.284878822     4.620193038     0.040510228
     2.280000000     0.291911108     4.622395227     0.042114622
     2.290000000     0.300295793     4.624684732     0.043931529
     2.300000000     0.309568772     4.627555072     0.045956981
     2.310000000     0.318970728     4.630476776     0.048175335
     2.320000000     0.327484552     4.632002572     0.050561308
     2.330000000     0.333930841     4.630262842     0.053081839
     2.340000000     0.337120809     4.623888353     0.055697499
     2.350000000     0.336046533     4.613121070     0.058363498
     2.360000000     0.330071029     4.600174443     0.061030558
     2.370000000     0.319072899     4.588268001     0.063645994
     2.380000000     0.303506545     4.580119781     0.066155226
     2.390000000     0.284358204     4.577070221     0.068503726
     2.400000000     0.263004101     4.579198212     0.070639221
     2.410000000     0.241001353     4.585888857     0.072513829
     2.420000000     0.219857213     4.596206660     0.074085912
     2.430000000     0.200824198     4.609049789     0.075321624
     2.440000000     0.184758390     4.623283081     0.076196352
     2.450000000     0.172060299     4.637868214     0.076696382
     2.460000000     0.162698037     4.651994228     0.076821003
     2.470000000     0.156296285     4.665164785     0.076584957
     2.480000000     0.152264649     4.677191239     0.076020699
     2.490000000     0.149936165     4.688128024     0.075179621
     2.500000000     0.148689820     4.698196418     0.074131279
     2.510000000     0.148038108     4.707747310     0.072959964
     2.520000000     0.147669807     4.717238457     0.071758456
     2.530000000     0.147447577     4.727107636     0.070619547
     2.540000000     0.147368257     4.737566222     0.069626476
     2.550000000     0.147499748     4.748551768     0.068843795
     2.560000000     0.147911326     4.759836083     0.068310181
     2.570000000     0.148613716     4.771071354     0.068034356
     2.580000000     0.149521427     4.781847924     0.067994716
     2.590000000     0.150443679     4.791842310     0.068142572
     2.600000000     0.151103121     4.800853765     0.068408326
     2.610000000     0.151175325     4.808784410     0.068709490
     2.620000000     0.150338273     4.815818366     0.068959305
     2.630000000     0.148320513     4.822546331     0.069074830
     2.640000000     0.144939117     4.829665437     0.068983637
     2.650000000     0.140122719     4.837549521     0.068628612
     2.660000000     0.133919136     4.846165487     0.067970632
     2.670000000     0.126489817     4.855321973     0.066989171
     2.680000000     0.118094147     4.864959321     0.065681002
     2.690000000     0.109065962     4.875296982     0.064057349
     2.700000000     0.099783654     4.886762544     0.062139971
     2.710000000     0.090635190     4.899723722     0.059956831
     2.720000000     0.081980680     4.914242832     0.057538110
     2.730000000     0.074117200     4.930043301     0.054913314
     2.740000000     0.067252149     4.946644719     0.052110026
     2.750000000     0.061491122     4.963551333     0.049154474
     2.760000000     0.056843539     4.980386646     0.046073634
     2.770000000     0.053244620     4.996917531     0.042898171
     2.780000000     0.050587382     5.013055738     0.039665217
     2.790000000     0.048755007     5.028932327     0.036420033
     2.800000000     0.047643839     5.044896045     0.033215785
     2.810000000     0.047170593     5.061285755     0.030111191
     2.820000000     0.047263223     5.078204516     0.027166335
     2.830000000     0.047841061     5.095528768     0.024437434
     2.840000000     0.048794025     5.113011735     0.021971659
     2.850000000     0.049971230     5.130293673     0.019803080
     2.860000000     0.051185803     5.146906743     0.017950502
     2.870000000     0.052236583     5.162470702     0.016417450
     2.880000000     0.052940855     5.177048918     0.015194005
     2.890000000     0.053168092     5.191295230     0.014259807
     2.900000000     0.052864236     5.206069406     0.013587371
     2.910000000     0.052059573     5.221866660     0.013145030
     2.920000000     0.050858929     5.238664354     0.012899070
     2.930000000     0.049418480     5.256152936     0.012815044
     2.940000000     0.047916632     5.273989193     0.012858462
     2.950000000     0.046526377     5.291934379     0.012995226
     2.960000000     0.045393835     5.309921258     0.013192085
     2.970000000     0.044624115     5.328073346     0.013417298
     2.980000000     0.044273080     5.346615922     0.013641502
     2.990000000     0.044343138     5.365694924     0.013838687
     3.000000000     0.044782653     5.385251582     0.013987121
     3.010000000     0.045490638     5.405052515     0.014070081
     3.020000000     0.046329539     5.424790395     0.014076281
     3.030000000     0.047148035     5.444160365     0.013999949
     3.040000000     0.047812903     5.462993405     0.013840574
     3.050000000     0.048245153     5.481471129     0.013602395
     3.060000000     0.048452451     5.500148922     0.013293781
     3.070000000     0.048548721     5.519596606     0.012926611
     3.080000000     0.048753382     5.540036475     0.012515779
     3.090000000     0.049366739     5.561409033     0.012078790
     3.100000000     0.050723656     5.583647009     0.011635357
     3.110000000     0.053133311     5.606726223     0.011206797
     3.120000000     0.056817179     5.630529998     0.010815102
     3.130000000     0.061859038     5.654787038     0.010481605
     3.140000000     0.068178962     5.679068399     0.010225404
     3.150000000     0.075537873     5.702755246     0.010061786
     3.160000000     0.083571485     5.725100531     0.010000971
     3.170000000     0.091844583     5.745537061     0.010047439
     3.180000000     0.099911372     5.764155200     0.010199979
     3.190000000     0.107367329     5.781937019     0.010452486
     3.200000000     0.113883057     5.800300592     0.010795415
     3.210000000     0.119219106     5.820179794     0.011217789
     3.220000000     0.123228843     5.841415422     0.011709564
     3.230000000     0.125860296     5.862912512     0.012264085
     3.240000000     0.127165477     5.883423871     0.012880210
     3.250000000     0.127318074     5.902580141     0.013563584
     3.260000000     0.126631459     5.921510517     0.014326549
     3.270000000     0.125563465     5.942194446     0.015186356
     3.280000000     0.124695532     5.965947725     0.016161773
     3.290000000     0.124681478     5.992709667     0.017268622
     3.300000000     0.126171979     6.021556777     0.018515205
     3.310000000     0.129729965     6.051459050     0.019898731
     3.320000000     0.135755468     6.081601441     0.021403704
     3.330000000     0.144434921     6.111355837     0.023002771
     3.340000000     0.155721531     6.140222928     0.024659970
     3.350000000     0.169344177     6.167855944     0.026335729
     3.360000000     0.184836476     6.194178737     0.027992667
     3.370000000     0.201577035     6.219456864     0.029601148
     3.380000000     0.218835843     6.244020616     0.031143742
     3.390000000     0.235826977     6.267781770     0.032618038
     3.400000000     0.251770710     6.290167988     0.034037559
     3.410000000     0.265966293     6.310599388     0.035430791
     3.420000000     0.277870489     6.328944687     0.036838444
     3.430000000     0.287169166     6.345685513     0.038309209
     3.440000000     0.293824267     6.362036747     0.039894403
     3.450000000     0.298079736     6.379801711     0.041642061
     3.460000000     0.300418322     6.400535218     0.043591191
     3.470000000     0.301474485     6.424661729     0.045766985
     3.480000000     0.301921978     6.451471063     0.048177643
     3.490000000     0.302363138     6.479800873     0.050813216
     3.500000000     0.303247021     6.508629801     0.053646509
     3.510000000     0.304835084     6.537347277     0.056635766
     3.520000000     0.307219080     6.565842331     0.059728667
     3.530000000     0.310380763     6.594324657     0.062867201
     3.540000000     0.314271829     6.622986341     0.065993032
     3.550000000     0.318888131     6.651983365     0.069053115
     3.560000000     0.324315589     6.681688365     0.072005222
     3.570000000     0.330734787     6.712674918     0.074822890
     3.580000000     0.338384018     6.745333256     0.077499044
     3.590000000     0.347493012     6.779556633     0.080047389
     3.600000000     0.358208282     6.814777398     0.082500825
     3.610000000     0.370533797     6.850230862     0.084906620
     3.620000000     0.384306542     6.885187341     0.087318867
     3.630000000     0.399216553     6.918984039     0.089789602
     3.640000000     0.414867739     6.951098374     0.092360576
     3.650000000     0.430863119     6.981463815     0.095057779
     3.660000000     0.446889849     7.010658052     0.097890237
     3.670000000     0.462778483     7.039658166     0.100853506
     3.680000000     0.478517957     7.069453555     0.103936895
     3.690000000     0.494220858     7.100753158     0.107132329
     3.700000000     0.510048640     7.133679468     0.110442151
     3.710000000     0.526118561     7.167684384     0.113883450
     3.720000000     0.542419404     7.201834879     0.117487485
     3.730000000     0.558759750     7.235107519     0.121294218
     3.740000000     0.574762311     7.266690174     0.125343347
     3.750000000     0.589904345     7.296419380     0.129664178
     3.760000000     0.603592466     7.324895029     0.134266847
     3.770000000     0.615253928     7.353099564     0.139136919
     3.780000000     0.624427194     7.381971773     0.144234346
     3.790000000     0.630840739     7.412107648     0.149496657
     3.800000000     0.634476967     7.443643855     0.154845272
     3.810000000     0.635623624     7.476541346     0.160193331
     3.820000000     0.634915223     7.511053165     0.165453340
     3.830000000     0.633361144     7.547871591     0.170543269
     3.840000000     0.632347511     7.587710708     0.175390261
     3.850000000     0.633591261     7.630817392     0.179931784
     3.860000000     0.639022437     7.677151111     0.184114632
     3.870000000     0.650578937     7.726969904     0.187892704
     3.880000000     0.669918152     7.780804008     0.191224786
     3.890000000     0.698078626     7.838557648     0.194073575
     3.900000000     0.735154070     7.898620010     0.196406907
     3.910000000     0.780060575     7.957823742     0.198201423
     3.920000000     0.830475481     8.012131442     0.199448090
     3.930000000     0.882998195     8.057432166     0.200158097
     3.940000000     0.933533543     8.090233922     0.200367187
     3.950000000     0.977840557     8.108816367     0.200136572
     3.960000000     1.012142684     8.115111037     0.199549313
     3.970000000     1.033676400     8.115843640     0.198702308
     3.980000000     1.041071489     8.120495412     0.197695255
     3.990000000     1.034502240     8.136211232     0.196618935
     4.000000000     1.015607439     8.164188702     0.195545336
     4.010000000     0.987227369     8.201041698     0.194521595
     4.020000000     0.953032497     8.243186516     0.193568633
     4.030000000     0.917117154     8.290353075     0.192684108
     4.040000000     0.883610442     8.345654249     0.191848381
     4.050000000     0.856330158     8.412168898     0.191031803
     4.060000000     0.838486867     8.489624614     0.190201892
     4.070000000     0.832439942     8.574518047     0.189329572
     4.080000000     0.839512532     8.662351640     0.188394324
     4.090000000     0.859880658     8.749275583     0.187388486
     4.100000000     0.892555296     8.832710690     0.186320946
     4.110000000     0.935472291     8.911357545     0.185220116
     4.120000000     0.985693817     8.984625601     0.184135677
     4.130000000     1.039710091     9.052008916     0.183138311
     4.140000000     1.093814151     9.112949889     0.182316794
     4.150000000     1.144507950     9.166917965     0.181772263
     4.160000000     1.188887035     9.213816617     0.181610166
     4.170000000     1.224946719     9.255281791     0.181931045
     4.180000000     1.251758701     9.295654991     0.182821616
     4.190000000     1.269485951     9.340488555     0.184347562
     4.200000000     1.279233867     9.393563517     0.186549034
     4.210000000     1.282770560     9.455699074     0.189439133
     4.220000000     1.282178388     9.525789711     0.193004902
     4.230000000     1.279512458     9.601913068     0.197209817
     4.240000000     1.276534216     9.681883775     0.201996436
     4.250000000     1.274561793     9.763900841     0.207288049
     4.260000000     1.274442312     9.847222278     0.212988629
     4.270000000     1.276617740     9.932344186     0.218981091
     4.280000000     1.281235911    10.020517961     0.225124574
     4.290000000     1.288257503    10.113039075     0.231251935
     4.300000000     1.297525920    10.210589798     0.237168817
     4.310000000     1.308792458    10.312711869     0.242655441
     4.320000000     1.321713551    10.418051569     0.247471905
     4.330000000     1.335851719    10.525539994     0.251367300
     4.340000000     1.350712519    10.635184983     0.254092562
     4.350000000     1.365837035    10.747444036     0.255416612
     4.360000000     1.380948132    10.862262620     0.255144985
     4.370000000     1.396126022    10.979472670     0.253139581
     4.380000000     1.411972180    11.099954285     0.249337593
     4.390000000     1.429715397    11.225674433     0.243767006
     4.400000000     1.451221630    11.358871233     0.236555766
     4.410000000     1.478887422    11.501543898     0.227931938
     4.420000000     1.515419093    11.654737974     0.218213170
     4.430000000     1.563519434    11.817648103     0.207785335
     4.440000000     1.625515864    11.987477405     0.197072231
     4.450000000     1.702969117    12.160027033     0.186499949
     4.460000000     1.796304655    12.331234096     0.176460701
     4.470000000     1.904515932    12.499451087     0.167281125
     4.480000000     2.025000643    12.666084437     0.159199282
     4.490000000     2.153600860    12.832702828     0.152353072
     4.500000000     2.284910805    12.997052531     0.146780894
     4.510000000     2.412878003    13.152475660     0.142433472
     4.520000000     2.531651819    13.291464435     0.139194264
     4.530000000     2.636544184    13.411049358     0.136904763
     4.540000000     2.724894060    13.517529502     0.135390485
     4.550000000     2.796607864    13.627321781     0.134483588
     4.560000000     2.854206191    13.760767654     0.134038823
     4.570000000     2.902336631    13.930961898     0.133941007
     4.580000000     2.946874240    14.137589671     0.134104125
     4.590000000     2.993867154    14.370792050     0.134464119
     4.600000000     3.048640977    14.618115629     0.134968913
     4.610000000     3.115326228    14.869125131     0.135569628
     4.620000000     3.196932659    15.118559873     0.136216122
     4.630000000     3.295911507    15.367540863     0.136858216
     4.640000000     3.414985743    15.621450605     0.137451721
     4.650000000     3.557943343    15.887311718     0.137966675
     4.660000000     3.730105239    16.172793625     0.138394484
     4.670000000     3.938288238    16.483671828     0.138751245
     4.680000000     4.190245230    16.819537466     0.139076077
     4.690000000     4.493727174    17.173315197     0.139425134
     4.700000000     4.855422631    17.536145489     0.139863366
     4.710000000     5.280056507    17.901210911     0.140456604
     4.720000000     5.769862039    18.261019116     0.141265952
     4.730000000     6.324501036    18.601991721     0.142345271
     4.740000000     6.941345528    18.906392415     0.143741147
     4.750000000     7.615911240    19.163245273     0.145493812
     4.760000000     8.342203036    19.377562518     0.147637362
     4.770000000     9.112815155    19.567825031     0.150198219
     4.780000000     9.918797223    19.750802546     0.153191870
     4.790000000    10.749479642    19.926093937     0.156618966
     4.800000000    11.592562675    20.072245804     0.160462329
     4.810000000    12.434750629    20.154161315     0.164686244
     4.820000000    13.263052250    20.144511785     0.169238580
     4.830000000    14.066630215    20.051223409     0.174055207
     4.840000000    14.838862532    19.918279316     0.179065417
     4.850000000    15.579162627    19.792030357     0.184196839
     4.860000000    16.294128863    19.692200820     0.189378839
     4.870000000    16.997733143    19.612933901     0.194544286
     4.880000000    17.710448543    19.540962986     0.199630446
     4.890000000    18.457395473    19.471790627     0.204580119
     4.900000000    19.265725232    19.412274246     0.209343935
     4.910000000    20.161565308    19.371553868     0.213883875
     4.920000000    21.166940296    19.349080971     0.218177210
     4.930000000    22.297152578    19.325851647     0.222219378
     4.940000000    23.559117479    19.265462963     0.226024353
     4.950000000    24.951036453    19.126503788     0.229621667
     4.960000000    26.463517306    18.876602253     0.233050294
     4.970000000    28.081837698    18.491871103     0.236350634
     4.980000000    29.788609378    17.948390413     0.239556491
     4.990000000    31.565811941    17.234087388     0.242689061
     5.000000000    33.395198927    16.375166332     0.245754406
     5.010000000    35.256519476    15.430780864     0.248745060
     5.020000000    37.123774994    14.445678794     0.251645322
     5.030000000    38.960610362    13.407052867     0.254438899
     5.040000000    40.716595168    12.247174490     0.257116909
     5.050000000    42.326280935    10.882581138     0.259684169
     5.060000000    43.712381997     9.248186377     0.262162031
     5.070000000    44.793318310     7.313250167     0.264586888
     5.080000000    45.494007175     5.099745264     0.267004547
     5.090000000    45.757650199     2.694206846     0.269461679
     5.100000000    45.555740154     0.233432339     0.271996246
     5.110000000    44.893813791    -2.123210654     0.274628892
     5.120000000    43.811517095    -4.233053448     0.277356863
     5.130000000    42.376988108    -6.019711170     0.280151253
     5.140000000    40.676933791    -7.491968686     0.282957604
     5.150000000    38.804670373    -8.710652692     0.285699357
     5.160000000    36.848599937    -9.740799654     0.288283467
     5.170000000    34.883152880   -10.624439075     0.290607560
     5.180000000    32.963379624   -11.376167052     0.292568110
     5.190000000    31.123443271   -11.996892531     0.294069092
     5.200000000    29.378506971   -12.497674571     0.295030381
     5.210000000    27.729048713   -12.913500746     0.295395009
     5.220000000    26.166460700   -13.289197506     0.295134344
     5.230000000    24.678816936   -13.648794997     0.294250509
     5.240000000    23.255839621   -13.980519798     0.292775769
     5.250000000    21.892325116   -14.250459609     0.290769121
     5.260000000    20.589602414   -14.426575123     0.288310614
     5.270000000    19.354985406   -14.491223866     0.285494098
     5.280000000    18.199596491   -14.442818703     0.282419077
     5.290000000    17.135286737   -14.296034950     0.279182339
     5.300000000    16.171547054   -14.082734591     0.275870147
     5.310000000    15.313226152   -13.847241458     0.272551905
     5.320000000    14.559558642   -13.629239575     0.269276316
     5.330000000    13.904563465   -13.445166195     0.266070818
     5.340000000    13.338454037   -13.287821233     0.262944590
     5.350000000    12.849451142   -13.141200067     0.259894585
     5.360000000    12.425381918   -12.990910745     0.256913286
     5.370000000    12.054659521   -12.827210285     0.253996314
     5.380000000    11.726561573   -12.650479895     0.251148024
     5.390000000    11.431021184   -12.475942469     0.248383714
     5.400000000    11.158299101   -12.327430093     0.245728029
     5.410000000    10.898877060   -12.222023689     0.243210230
     5.420000000    10.643738584   -12.158412892     0.240857852
     5.430000000    10.384977095   -12.120044573     0.238690785
     5.440000000    10.116494550   -12.088348041     0.236717598
     5.450000000     9.834495377   -12.051666423     0.234935281
     5.460000000     9.537552867   -12.006348732     0.233332449
     5.470000000     9.226187997   -11.952884576     0.231894979
     5.480000000     8.902084473   -11.890573191     0.230612212
     5.490000000     8.567198958   -11.816860991     0.229481693
     5.500000000     8.223065972   -11.731588027     0.228510862
     5.510000000     7.870531995   -11.639821238     0.227715196
     5.520000000     7.510006281   -11.550704392     0.227113519
     5.530000000     7.142135790   -11.472669899     0.226722262
     5.540000000     6.768657565   -11.404359862     0.226550879
     5.550000000     6.393105785   -11.328807755     0.226600288
     5.560000000     6.021080611   -11.223374082     0.226865247
     5.570000000     5.659915188   -11.076912646     0.227340196
     5.580000000     5.317765011   -10.893642816     0.228026872
     5.590000000     5.002328350   -10.684462124     0.228941273
     5.600000000     4.719526333   -10.460294881     0.230117526
     5.610000000     4.472488003   -10.232012894     0.231606912
     5.620000000     4.261096304   -10.010893759     0.233471459
     5.630000000     4.082188205    -9.806392255     0.235772770
     5.640000000     3.930320144    -9.623665836     0.238557729
     5.650000000     3.798865510    -9.462219896     0.241843259
     5.660000000     3.681144218    -9.315870244     0.245602327
     5.670000000     3.571309293    -9.176024078     0.249753068
     5.680000000     3.464816794    -9.036778955     0.254152434
     5.690000000     3.358447627    -8.896319745     0.258595417
     5.700000000     3.249987527    -8.754634658     0.262820617
     5.710000000     3.137764088    -8.612289393     0.266522697
     5.720000000     3.020261626    -8.471625219     0.269371854
     5.730000000     2.895982962    -8.337303238     0.271039667
     5.740000000     2.763621457    -8.213984570     0.271229550
     5.750000000     2.622483089    -8.102443783     0.269708651
     5.760000000     2.472998816    -7.997031276     0.266336988
     5.770000000     2.317124806    -7.887013215     0.261089092
     5.780000000     2.158455991    -7.761521987     0.254064019
     5.790000000     2.001965362    -7.614264185     0.245481204
     5.800000000     1.853396368    -7.445383857     0.235662051
     5.810000000     1.718439061    -7.260724520     0.224999769
     5.820000000     1.601879465    -7.068850872     0.213922195
     5.830000000     1.506911264    -6.877324679     0.202853494
     5.840000000     1.434746060    -6.690825881     0.192180543
     5.850000000     1.384575902    -6.511665951     0.182228412
     5.860000000     1.353857565    -6.341030304     0.173247209
     5.870000000     1.338825042    -6.180055388     0.165410181
     5.880000000     1.335105975    -6.030482709     0.158820960
     5.890000000     1.338319248    -5.893770647     0.153526754
     5.900000000     1.344556810    -5.768649228     0.149534004
     5.910000000     1.350692468    -5.650588401     0.146823612
     5.920000000     1.354504025    -5.535137478     0.145363717
     5.930000000     1.354634110    -5.420698316     0.145118922
     5.940000000     1.350442634    -5.307706988     0.146055562
     5.950000000     1.341815023    -5.196937334     0.148143051
     5.960000000     1.328983841    -5.088833203     0.151351659
     5.970000000     1.312400298    -4.983424943     0.155647385
     5.980000000     1.292664132    -4.880345889     0.160984982
     5.990000000     1.270495589    -4.778532650     0.167300517
     6.000000000     1.246720428    -4.676050672     0.174505054
     6.010000000     1.222241824    -4.570790810     0.182480871
     6.020000000     1.197989135    -4.461608309     0.191081205
     6.030000000     1.174854489    -4.348872013     0.200133802
     6.040000000     1.153644052    -4.234117115     0.209447911
     6.050000000     1.135073901    -4.119124704     0.218823851
     6.060000000     1.119828435    -4.004932476     0.228064067
     6.070000000     1.108676306    -3.891440453     0.236984563
     6.080000000     1.102613869    -3.777742604     0.245425724
     6.090000000     1.102988891    -3.662631698     0.253261588
     6.100000000     1.111555408    -3.544886522     0.260406605
     6.110000000     1.130426058    -3.423423855     0.266818919
     6.120000000     1.161917106    -3.297624282     0.272499267
     6.130000000     1.208314589    -3.167996138     0.277485001
     6.140000000     1.271616086    -3.036682001     0.281839424
     6.150000000     1.353311374    -2.907058724     0.285637646
     6.160000000     1.454251262    -2.782725870     0.288951113
     6.170000000     1.574619640    -2.666894054     0.291833590
     6.180000000     1.713980372    -2.562389877     0.294311410
     6.190000000     1.871335692    -2.471521463     0.296380003
     6.200000000     2.045125214    -2.395099683     0.298007465
     6.210000000     2.233126081    -2.331350752     0.299144353
     6.220000000     2.432281919    -2.276952925     0.299737603
     6.230000000     2.638568903    -2.230403804     0.299745701
     6.240000000     2.847064329    -2.194489500     0.299152197
     6.250000000     3.052377579    -2.176127545     0.297975155
     6.260000000     3.249512752    -2.184437374     0.296271045
     6.270000000     3.435066591    -2.227093700     0.294132585
     6.280000000     3.608473134    -2.304880616     0.291681018
     6.290000000     3.772862907    -2.406610859     0.289054160
     6.300000000     3.935085001    -2.509527888     0.286392203
     6.310000000     4.104587991    -2.588790552     0.283823695
     6.320000000     4.291155445    -2.630834408     0.281454216
     6.330000000     4.501866467    -2.640782810     0.279359840
     6.340000000     4.737981479    -2.640497048     0.277586619
     6.350000000     4.992615997    -2.661340864     0.276155981
     6.360000000     5.249980951    -2.736224900     0.275074551
     6.370000000     5.486633642    -2.892246610     0.274345701
     6.380000000     5.674679482    -3.143924566     0.273979619
     6.390000000     5.786335001    -3.487952599     0.273998951
     6.400000000     5.798868257    -3.900281022     0.274438199
     6.410000000     5.698799289    -4.336138004     0.275336655
     6.420000000     5.484416063    -4.738845767     0.276726443
     6.430000000     5.166089587    -5.060509712     0.278618583
     6.440000000     4.764423935    -5.279820619     0.280990676
     6.450000000     4.306786582    -5.401848169     0.283779580
     6.460000000     3.823087220    -5.445505292     0.286881447
     6.470000000     3.341734508    -5.432276821     0.290159883
     6.480000000     2.886514372    -5.380560782     0.293461251
     6.490000000     2.474790022    -5.303279288     0.296634515
     6.500000000     2.117047281    -5.208050866     0.299551879
     6.510000000     1.817511509    -5.099421899     0.302126069
     6.520000000     1.575409505    -4.981194751     0.304320485
     6.530000000     1.386447064    -4.857865052     0.306149745
     6.540000000     1.244179228    -4.734576268     0.307670107
     6.550000000     1.141102370    -4.615701685     0.308961646
     6.560000000     1.069436629    -4.503711324     0.310106261
     6.570000000     1.021657104    -4.399624928     0.311166976
     6.580000000     0.990862764    -4.304417645     0.312173986
     6.590000000     0.971054781    -4.219573233     0.313121302
     6.600000000     0.957354419    -4.145967316     0.313974902
     6.610000000     0.946149271    -4.082329534     0.314689892
     6.620000000     0.935134123    -4.024856768     0.315231372
     6.630000000     0.923216846    -3.968395800     0.315592557
     6.640000000     0.910286835    -3.908773997     0.315804626
     6.650000000     0.896881090    -3.844880910     0.315935484
     6.660000000     0.883814521    -3.778914176     0.316078156
     6.670000000     0.871852898    -3.714890020     0.316332580
     6.680000000     0.861493480    -3.656428826     0.316786123
     6.690000000     0.852884540    -3.604711150     0.317497787
     6.700000000     0.845873289    -3.558095273     0.318489133
     6.710000000     0.840136818    -3.513993853     0.319742476
     6.720000000     0.835333640    -3.470901910     0.321204733
     6.730000000     0.831217292    -3.428632980     0.322794387
     6.740000000     0.827674125    -3.387537535     0.324409236
     6.750000000     0.824676205    -3.348017805     0.325933739
     6.760000000     0.822167940    -3.310270818     0.327245913
     6.770000000     0.819925258    -3.274005458     0.328224366
     6.780000000     0.817435037    -3.238674167     0.328755907
     6.790000000     0.813839120    -3.204444117     0.328743330
     6.800000000     0.807972263    -3.172957073     0.328112153
     6.810000000     0.798499392    -3.146697760     0.326814641
     6.820000000     0.784129733    -3.127054729     0.324829876
     6.830000000     0.763861107    -3.112644965     0.322159710
     6.840000000     0.737194926    -3.099544532     0.318821846
     6.850000000     0.704266657    -3.083385354     0.314842292
     6.860000000     0.665857826    -3.061417137     0.310249685
     6.870000000     0.623287788    -3.032986802     0.305073265
     6.880000000     0.578215976    -2.998785864     0.299344878
     6.890000000     0.532407098    -2.959998665     0.293103923
     6.900000000     0.487516014    -2.917895829     0.286403129
     6.910000000     0.444935506    -2.873705078     0.279312926
     6.920000000     0.405725171    -2.828418761     0.271922874
     6.930000000     0.370612984    -2.782454900     0.264339813
     6.940000000     0.340042096    -2.735546286     0.256683552
     6.950000000     0.314229656    -2.687151191     0.249081537
     6.960000000     0.293211814    -2.637036275     0.241663838
     6.970000000     0.276864776    -2.585557275     0.234559121
     6.980000000     0.264908501    -2.533583059     0.227891413
     6.990000000     0.256910480    -2.482236352     0.221776914
     7.000000000     0.252308101    -2.432570032     0.216320058
     7.010000000     0.250459580    -2.385284139     0.211608610
     7.020000000     0.250719400    -2.340632994     0.207708323
     7.030000000     0.252520645    -2.298404233     0.204658352
     7.040000000     0.255439522    -2.257774686     0.202468670
     7.050000000     0.259219949    -2.217423093     0.201120234
     7.060000000     0.263748036    -2.176216358     0.200567678
     7.070000000     0.268983330    -2.133863439     0.200743389
     7.080000000     0.274869676    -2.090906554     0.201561340
     7.090000000     0.281257171    -2.048338254     0.202919330
     7.100000000     0.287864490    -2.007303512     0.204699199
     7.110000000     0.294298192    -1.968766500     0.206765836
     7.120000000     0.300126897    -1.933008705     0.208966842
     7.130000000     0.304990035    -1.899307441     0.211135010
     7.140000000     0.308709804    -1.866169969     0.213095251
     7.150000000     0.311374636    -1.831993050     0.214676190
     7.160000000     0.313372730    -1.795642018     0.215725041
     7.170000000     0.315370886    -1.756625284     0.216122933
     7.180000000     0.318250665    -1.714981528     0.215797321
     7.190000000     0.323025148    -1.671168344     0.214728624
     7.200000000     0.330761794    -1.625966241     0.212949592
     7.210000000     0.342530709    -1.580218964     0.210537785
     7.220000000     0.359386611    -1.534470041     0.207603131
     7.230000000     0.382381782    -1.488773825     0.204273416
     7.240000000     0.412600356    -1.442853660     0.200680479
     7.250000000     0.451202270    -1.396478839     0.196948968
     7.260000000     0.499465768    -1.349848281     0.193188269
     7.270000000     0.558816462    -1.303870408     0.189487131
     7.280000000     0.630825250    -1.260138236     0.185910063
     7.290000000     0.717147648    -1.220519813     0.182494776
     7.300000000     0.819368764    -1.186648264     0.179250675
     7.310000000     0.938720556    -1.159485796     0.176159128
     7.320000000     1.075659337    -1.139052940     0.173176584
     7.330000000     1.229334182    -1.125025605     0.170241311
     7.340000000     1.397032971    -1.118623195     0.167283656
     7.350000000     1.573744450    -1.124280186     0.164238581
     7.360000000     1.751998986    -1.149339709     0.161058337
     7.370000000     1.922128710    -1.202021252     0.157722776
     7.380000000     2.073013621    -1.288844753     0.154245213
     7.390000000     2.193266813    -1.411937194     0.150672680
     7.400000000     2.272689063    -1.566726996     0.147080663
     7.410000000     2.303728867    -1.741895705     0.143563512
     7.420000000     2.282651669    -1.922420208     0.140222407
     7.430000000     2.210167128    -2.092738421     0.137153026
     7.440000000     2.091376830    -2.238098469     0.134434860
     7.450000000     1.935055527    -2.347659101     0.132123708
     7.460000000     1.752423466    -2.418800923     0.130248314
     7.470000000     1.555665363    -2.456443418     0.128811469
     7.480000000     1.356479348    -2.468309366     0.127795265
     7.490000000     1.164896478    -2.461245091     0.127169435
     7.500000000     0.988519323    -2.440047607     0.126901102
     7.510000000     0.832219424    -2.408123084     0.126963791
     7.520000000     0.698239910    -2.368575080     0.127343494
     7.530000000     0.586591460    -2.324508714     0.128040078
     7.540000000     0.495611818    -2.278682562     0.129063290
     7.550000000     0.422572363    -2.233285252     0.130423916
     7.560000000     0.364245055    -2.189984442     0.132121937
     7.570000000     0.317375219    -2.149804141     0.134134397
     7.580000000     0.279032203    -2.112711576     0.136405975
     7.590000000     0.246829076    -2.077437391     0.138844718
     7.600000000     0.219016584    -2.042138977     0.141324374
     7.610000000     0.194468138    -2.005572934     0.143693290
     7.620000000     0.172582520    -1.967661737     0.145788539
     7.630000000     0.153137690    -1.929115598     0.147452820
     7.640000000     0.136130498    -1.890781916     0.148551235
     7.650000000     0.121632135    -1.853274340     0.148985145
     7.660000000     0.109679131    -1.816880390     0.148701049
     7.670000000     0.100207608    -1.781611936     0.147693595
     7.680000000     0.093028199    -1.747375722     0.146003035
     7.690000000     0.087832693    -1.714161282     0.143708486
     7.700000000     0.084221826    -1.682096259     0.140918828
     7.710000000     0.081744971    -1.651393026     0.137762982
     7.720000000     0.079944864    -1.622284881     0.134380668
     7.730000000     0.078402031    -1.594932955     0.130913987
     7.740000000     0.076773953    -1.569249742     0.127499583
     7.750000000     0.074823852    -1.544756317     0.124260957
     7.760000000     0.072434582    -1.520721107     0.121300859
     7.770000000     0.069605119    -1.496565377     0.118694156
     7.780000000     0.066430481    -1.472135031     0.116482110
     7.790000000     0.063069477    -1.447603069     0.114669082
     7.800000000     0.059707152    -1.423219336     0.113222486
     7.810000000     0.056519327    -1.399156904     0.112076298
     7.820000000     0.053645188    -1.375466376     0.111137928
     7.830000000     0.051171119    -1.352089387     0.110297849
     7.840000000     0.049126111    -1.328952278     0.109441132
     7.850000000     0.047486860    -1.306079602     0.108459869
     7.860000000     0.046189523    -1.283602088     0.107265244
     7.870000000     0.045144921    -1.261659879     0.105797735
     7.880000000     0.044254318    -1.240297587     0.104033798
     7.890000000     0.043423512    -1.219424625     0.101987522
     7.900000000     0.042573597    -1.198864707     0.099706361
     7.910000000     0.041647489    -1.178451499     0.097261140
     7.920000000     0.040612039    -1.158101200     0.094731860
     7.930000000     0.039456288    -1.137833482     0.092191988
     7.940000000     0.038186954    -1.117718047     0.089694531
     7.950000000     0.036822493    -1.097770839     0.087262977
     7.960000000     0.035387013    -1.077913272     0.084889079
     7.970000000     0.033905032    -1.058047246     0.082537812
     7.980000000     0.032397758    -1.038129062     0.080158031
     7.990000000     0.030881221    -1.018164311     0.077696011
     8.000000000     0.029366321    -0.998189940     0.075108492
     8.010000000     0.027860511    -0.978260604     0.072372244
     8.020000000     0.026370500    -0.958401102     0.069488344
     8.030000000     0.024905062    -0.938560085     0.066480897
     8.040000000     0.023476938    -0.918633430     0.063391294
     8.050000000     0.022103025    -0.898533545     0.060270045
     8.060000000     0.020802624    -0.878224203     0.057168424
     8.070000000     0.019594143    -0.857712727     0.054131749
     8.080000000     0.018491282    -0.837036116     0.051195374
     8.090000000     0.017499941    -0.816243232     0.048383574
     8.100000000     0.016616866    -0.795368104     0.045710777
     8.110000000     0.015830492    -0.774412540     0.043184175
     8.120000000     0.015123684    -0.753347343     0.040806602
     8.130000000     0.014477519    -0.732120273     0.038578763
     8.140000000     0.013874969    -0.710671557     0.036500287
     8.150000000     0.013303502    -0.688956459     0.034569507
     8.160000000     0.012756049    -0.666948720     0.032782347
     8.170000000     0.012230380    -0.644621465     0.031130977
     8.180000000     0.011727464    -0.621934031     0.029602925
     8.190000000     0.011249649    -0.598842348     0.028181230
     8.200000000     0.010799517    -0.575318767     0.026845793
     8.210000000     0.010379937    -0.551357613     0.025575692
     8.220000000     0.009995335    -0.526954633     0.024351883
     8.230000000     0.009653697    -0.502071471     0.023159519
     8.240000000     0.009368369    -0.476619911     0.021989263
     8.250000000     0.009158635    -0.450488342     0.020837224
     8.260000000     0.009048243    -0.423581429     0.019703595
     8.270000000     0.009061581    -0.395833141     0.018590435
     8.280000000     0.009217866    -0.367196719     0.017499277
     8.290000000     0.009524403    -0.337631217     0.016429271
     8.300000000     0.009970446    -0.307092417     0.015376367
     8.310000000     0.010523338    -0.275528738     0.014333746
     8.320000000     0.011128359    -0.242878795     0.013293353
     8.330000000     0.011713069    -0.209063336     0.012248096
     8.340000000     0.012195993    -0.173974379     0.011194149
     8.350000000     0.012498557    -0.137467870     0.010132785
     8.360000000     0.012558454    -0.099350050     0.009071269
     8.370000000     0.012342650    -0.059351387     0.008022585
     8.380000000     0.011859277    -0.017108126     0.007003992
     8.390000000     0.011170189     0.027808885     0.006034676
     8.400000000     0.010410145     0.075811109     0.005132962
     8.410000000     0.009824465     0.127231182     0.004313677
     8.420000000     0.009844233     0.182348395     0.003586207
     8.430000000     0.011225504     0.241461659     0.002953656
     8.440000000     0.015283755     0.304947927     0.002413208
     8.450000000     0.024252129     0.373286681     0.001957504
     8.460000000     0.041774429     0.447047055     0.001576601
     8.470000000     0.073503132     0.526844967     0.001259978
     8.480000000     0.127703925     0.613294673     0.000998126
     8.490000000     0.215676237     0.706956322     0.000783444
     8.500000000     0.351705837     0.808241700     0.000610415
     8.510000000     0.552212906     0.917223896     0.000475201
     8.520000000     0.833802732     1.033277210     0.000374937
     8.530000000     1.210115299     1.154422017     0.000306961
     8.540000000     1.687715713     1.276156465     0.000268178
     8.550000000     2.261712523     1.389424606     0.000254645
     8.560000000     2.912200453     1.477254968     0.000261411
     8.570000000     3.602812813     1.509784079     0.000282602
     8.580000000     4.282470489     1.438762048     0.000311728
     8.590000000     4.890770009     1.197151047     0.000342180
     8.600000000     5.366477158     0.717809952     0.000367843
     8.610000000     5.657571175    -0.014333487     0.000383754
     8.620000000     5.730588507    -0.901968373     0.000386643
     8.630000000     5.576950132    -1.752908347     0.000375263
     8.640000000     5.214618937    -2.399067922     0.000350403
     8.650000000     4.684644549    -2.787549559     0.000314573
     8.660000000     4.043513954    -2.960003295     0.000271426
     8.670000000     3.353277359    -2.987672421     0.000225053
     8.680000000     2.671826368    -2.931609580     0.000179302
     8.690000000     2.045385670    -2.832954025     0.000137256
     8.700000000     1.504424537    -2.716284676     0.000100953
     8.710000000     1.063148250    -2.595244546     0.000071340
     8.720000000     0.721847522    -2.476948546     0.000048438
     8.730000000     0.470896359    -2.364812444     0.000031598
     8.740000000     0.295143630    -2.260224302     0.000019805
     8.750000000     0.177733674    -2.163494517     0.000011926
     8.760000000     0.102833411    -2.074385079     0.000006900
     8.770000000     0.057164576    -1.992400396     0.000003836
     8.780000000     0.030531487    -1.916944681     0.000002049
     8.790000000     0.015667408    -1.847405076     0.000001051
     8.800000000     0.007724574    -1.783193625     0.000000518
     8.810000000     0.003659150    -1.723766607     0.000000246
     8.820000000     0.001665383    -1.668631571     0.000000112
     8.830000000     0.000728243    -1.617347891     0.000000049
     8.840000000     0.000305961    -1.569524062     0.000000021
     8.850000000     0.000123505    -1.524813543     0.000000008
     8.860000000     0.000047900    -1.482910119     0.000000003
     8.870000000     0.000017849    -1.443543302     0.000000001
     8.880000000     0.000006390    -1.406474023     0.000000000
     8.890000000     0.000002198    -1.371490732     0.000000000
     8.900000000     0.000000726    -1.338405921     0.000000000
     8.910000000     0.000000231    -1.307053076     0.000000000
     8.920000000     0.000000070    -1.277284020     0.000000000
     8.930000000     0.000000021    -1.248966599     0.000000000
     8.940000000     0.000000006    -1.221982685     0.000000000
     8.950000000     0.000000002    -1.196226448     0.000000000
     8.960000000     0.000000000    -1.171602855     0.000000000
     8.970000000     0.000000000    -1.148026377     0.000000000
     8.980000000     0.000000000    -1.125419867     0.000000000
     8.990000000     0.000000000    -1.103713584     0.000000000
     9.000000000     0.000000000    -1.082844352     0.000000000
     9.010000000     0.000000000    -1.062754817     0.000000000
     9.020000000     0.000000000    -1.043392808     0.000000000
     9.030000000     0.000000000    -1.024710773     0.000000000
     9.040000000     0.000000000    -1.006665289     0.000000000
     9.050000000     0.000000000    -0.989216628     0.000000000
     9.060000000     0.000000000    -0.972328379     0.000000000
     9.070000000     0.000000000    -0.955967110     0.000000000
     9.080000000     0.000000000    -0.940102074     0.000000000
     9.090000000     0.000000000    -0.924704948     0.000000000
     9.100000000     0.000000000    -0.909749598     0.000000000
     9.110000000     0.000000000    -0.895211873     0.000000000
     9.120000000     0.000000000    -0.881069424     0.000000000
     9.130000000     0.000000000    -0.867301537     0.000000000
     9.140000000     0.000000000    -0.853888987     0.000000000
     9.150000000     0.000000000    -0.840813906     0.000000000
     9.160000000     0.000000000    -0.828059668     0.000000000
     9.170000000     0.000000000    -0.815610779     0.000000000
     9.180000000     0.000000000    -0.803452785     0.000000000
     9.190000000     0.000000000    -0.791572184     0.000000000
     9.200000000     0.000000000    -0.779956352     0.000000000
     9.210000000     0.000000000    -0.768593466     0.000000000
     9.220000000     0.000000000    -0.757472448     0.000000000
     9.230000000     0.000000000    -0.746582903     0.000000000
     9.240000000     0.000000000    -0.735915065     0.000000000
     9.250000000     0.000000000    -0.725459756     0.000000000
     9.260000000     0.000000000    -0.715208334     0.000000000
     9.270000000     0.000000000    -0.705152661     0.000000000
     9.280000000     0.000000000    -0.695285062     0.000000000
     9.290000000     0.000000000    -0.685598293     0.000000000
     9.300000000     0.000000000    -0.676085510     0.000000000
     9.310000000     0.000000000    -0.666740245     0.000000000
     9.320000000     0.000000000    -0.657556376     0.000000000
     9.330000000     0.000000000    -0.648528104     0.000000000
     9.340000000     0.000000000    -0.639649933     0.000000000
     9.350000000     0.000000000    -0.630916650     0.000000000
     9.360000000     0.000000000    -0.622323307     0.000000000
     9.370000000     0.000000000    -0.613865202     0.000000000
     9.380000000     0.000000000    -0.605537863     0.000000000
     9.390000000     0.000000000    -0.597337038     0.000000000
     9.400000000     0.000000000    -0.589258676     0.000000000
     9.410000000     0.000000000    -0.581298919     0.000000000
     9.420000000     0.000000000    -0.573454086     0.000000000
     9.430000000     0.000000000    -0.565720668     0.000000000
     9.440000000     0.000000000    -0.558095310     0.000000000
     9.450000000     0.000000000    -0.550574811     0.000000000
     9.460000000     0.000000000    -0.543156106     0.000000000
     9.470000000     0.000000000    -0.535836266     0.000000000
     9.480000000     0.000000001    -0.528612485     0.000000001
     9.490000000     0.000000002    -0.521482073     0.000000002
     9.500000000     0.000000006    -0.514442453     0.000000005
     9.510000000     0.000000015    -0.507491151     0.000000013
     9.520000000     0.000000036    -0.500625792     0.000000031
     9.530000000     0.000000084    -0.493844092     0.000000072
     9.540000000     0.000000189    -0.487143856     0.000000163
     9.550000000     0.000000408    -0.480522970     0.000000350
     9.560000000     0.000000845    -0.473979398     0.000000726
     9.570000000     0.000001682    -0.467511177     0.000001445
     9.580000000     0.000003217    -0.461116414     0.000002764
     9.590000000     0.000005911    -0.454793282     0.000005079
     9.600000000     0.000010436    -0.448540021     0.000008966
     9.610000000     0.000017702    -0.442354937     0.000015208
     9.620000000     0.000028849    -0.436236409     0.000024784
     9.630000000     0.000045172    -0.430182904     0.000038807
     9.640000000     0.000067957    -0.424192999     0.000058382
     9.650000000     0.000098226    -0.418265441     0.000084387
     9.660000000     0.000136410    -0.412399235     0.000117191
     9.670000000     0.000182011    -0.406593812     0.000156367
     9.680000000     0.000233332    -0.400849307     0.000200458
     9.690000000     0.000287396    -0.395166949     0.000246905
     9.700000000     0.000340107    -0.389549485     0.000292189
     9.710000000     0.000386704    -0.384001107     0.000332221
     9.720000000     0.000422444    -0.378525735     0.000362926
     9.730000000     0.000443393    -0.373122680     0.000380923
     9.740000000     0.000447132    -0.367782226     0.000384135
     9.750000000     0.000433223    -0.362488021     0.000372186
     9.760000000     0.000403288    -0.357226751     0.000346469
     9.770000000     0.000360701    -0.351994359     0.000309882
     9.780000000     0.000309961    -0.346793666     0.000266291
     9.790000000     0.000255915    -0.341629352     0.000219859
     9.800000000     0.000203008    -0.336505150     0.000174406
     9.810000000     0.000154724    -0.331423262     0.000132925
     9.820000000     0.000113300    -0.326384674     0.000097337
     9.830000000     0.000079714    -0.321389584     0.000068483
     9.840000000     0.000053884    -0.316437731     0.000046292
     9.850000000     0.000034996    -0.311528609     0.000030065
     9.860000000     0.000021838    -0.306661582     0.000018761
     9.870000000     0.000013092    -0.301835959     0.000011248
     9.880000000     0.000007542    -0.297051027     0.000006479
     9.890000000     0.000004174    -0.292306074     0.000003586
     9.900000000     0.000002219    -0.287600400     0.000001907
     9.910000000     0.000001134    -0.282933320     0.000000974
     9.920000000     0.000000557    -0.278304170     0.000000478
     9.930000000     0.000000262    -0.273712305     0.000000225
     9.940000000     0.000000119    -0.269157099     0.000000102
     9.950000000     0.000000052    -0.264637947     0.000000044
     9.960000000     0.000000022    -0.260154261     0.000000019
     9.970000000     0.000000009    -0.255705470     0.000000007
     9.980000000     0.000000003    -0.251291021     0.000000003
     9.990000000     0.000000001    -0.246910377     0.000000001
    10.000000000     0.000000000    -0.242563016     0.000000000
    10.010000000     0.000000000    -0.238248430     0.000000000
    10.020000000     0.000000000    -0.233966124     0.000000000
    10.030000000     0.000000000    -0.229715617     0.000000000
    10.040000000     0.000000000    -0.225496441     0.000000000
    10.050000000     0.000000000    -0.221308140     0.000000000
    10.060000000     0.000000000    -0.217150268     0.000000000
    10.070000000     0.000000000    -0.213022391     0.000000000
    10.080000000     0.000000000    -0.208924086     0.000000000
    10.090000000     0.000000000    -0.204854939     0.000000000
    10.100000000     0.000000000    -0.200814546     0.000000000
    10.110000000     0.000000000    -0.196802515     0.000000000
    10.120000000     0.000000000    -0.192818460     0.000000000
    10.130000000     0.000000000    -0.188862004     0.000000000
    10.140000000     0.000000000    -0.184932780     0.000000000
    10.150000000     0.000000000    -0.181030428     0.000000000
    10.160000000     0.000000000    -0.177154597     0.000000000
    10.170000000     0.000000000    -0.173304943     0.000000000
    10.180000000     0.000000000    -0.169481129     0.000000000
    10.190000000     0.000000000    -0.165682826     0.000000000
    10.200000000     0.000000000    -0.161909712     0.000000000
    10.210000000     0.000000000    -0.158161471     0.000000000
    10.220000000     0.000000000    -0.154437793     0.000000000
    10.230000000     0.000000000    -0.150738376     0.000000000
    10.240000000     0.000000000    -0.147062924     0.000000000
    10.250000000     0.000000000    -0.143411145     0.000000000
    10.260000000     0.000000000    -0.139782756     0.000000000
    10.270000000     0.000000000    -0.136177476     0.000000000
    10.280000000     0.000000000    -0.132595032     0.000000000
    10.290000000     0.000000000    -0.129035156     0.000000000
    10.300000000     0.000000000    -0.125497584     0.000000000
    10.310000000     0.000000000    -0.121982058     0.000000000
    10.320000000     0.000000000    -0.118488326     0.000000000
    10.330000000     0.000000000    -0.115016137     0.000000000
    10.340000000     0.000000000    -0.111565249     0.000000000
    10.350000000     0.000000000    -0.108135422     0.000000000
    10.360000000     0.000000000    -0.104726421     0.000000000
    10.370000000     0.000000000    -0.101338015     0.000000000
    10.380000000     0.000000000    -0.097969978     0.000000000
    10.390000000     0.000000000    -0.094622087     0.000000000
    10.400000000     0.000000000    -0.091294124     0.000000000
    10.410000000     0.000000000    -0.087985873     0.000000000
    10.420000000     0.000000000    -0.084697125     0.000000000
    10.430000000     0.000000000    -0.081427671     0.000000000
    10.440000000     0.000000000    -0.078177309     0.000000000
    10.450000000     0.000000000    -0.074945837     0.000000000
    10.460000000     0.000000000    -0.071733059     0.000000000
    10.470000000     0.000000000    -0.068538782     0.000000000
    10.480000000     0.000000000    -0.065362815     0.000000000
    10.490000000     0.000000000    -0.062204971     0.000000000
    10.500000000     0.000000000    -0.059065066     0.000000000
    10.510000000     0.000000000    -0.055942919     0.000000000
    10.520000000     0.000000000    -0.052838353     0.000000000
    10.530000000     0.000000000    -0.049751191     0.000000000
    10.540000000     0.000000000    -0.046681262     0.000000000
    10.550000000     0.000000000    -0.043628396     0.000000000
    10.560000000     0.000000000    -0.040592426     0.000000000
    10.570000000     0.000000000    -0.037573187     0.000000000
    10.580000000     0.000000000    -0.034570519     0.000000000
    10.590000000     0.000000000    -0.031584261     0.000000000
    10.600000000     0.000000000    -0.028614258     0.000000000
    10.610000000     0.000000000    -0.025660353     0.000000000
    10.620000000     0.000000000    -0.022722397     0.000000000
    10.630000000     0.000000000    -0.019800238     0.000000000
    10.640000000     0.000000000    -0.016893730     0.000000000
    10.650000000     0.000000000    -0.014002726     0.000000000
    10.660000000     0.000000000    -0.011127084     0.000000000
    10.670000000     0.000000000    -0.008266663     0.000000000
    10.680000000     0.000000000    -0.005421324     0.000000000
    10.690000000     0.000000000    -0.002590930     0.000000000
    10.700000000     0.000000000     0.000224654     0.000000000
    10.710000000     0.000000000     0.003025562     0.000000000
    10.720000000     0.000000000     0.005811924     0.000000000
    10.730000000     0.000000000     0.008583869     0.000000000
    10.740000000     0.000000000     0.011341526     0.000000000
    10.750000000     0.000000000     0.014085019     0.000000000
    10.760000000     0.000000000     0.016814473     0.000000000
    10.770000000     0.000000000     0.019530010     0.000000000
    10.780000000     0.000000000     0.022231751     0.000000000
    10.790000000     0.000000000     0.024919814     0.000000000
    10.800000000     0.000000000     0.027594317     0.000000000
    10.810000000     0.000000000     0.030255375     0.000000000
    10.820000000     0.000000000     0.032903103     0.000000000
    10.830000000     0.000000000     0.035537612     0.000000000
    10.840000000     0.000000000     0.038159016     0.000000000
    10.850000000     0.000000000     0.040767422     0.000000000
    10.860000000     0.000000000     0.043362940     0.000000000
    10.870000000     0.000000000     0.045945675     0.000000000
    10.880000000     0.000000000     0.048515734     0.000000000
    10.890000000     0.000000000     0.051073221     0.000000000
    10.900000000     0.000000000     0.053618238     0.000000000
    10.910000000     0.000000000     0.056150886     0.000000000
    10.920000000     0.000000000     0.058671267     0.000000000
    10.930000000     0.000000000     0.061179478     0.000000000
    10.940000000     0.000000000     0.063675618     0.000000000
    10.950000000     0.000000000     0.066159782     0.000000000
    10.960000000     0.000000000     0.068632067     0.000000000
    10.970000000     0.000000000     0.071092565     0.000000000
    10.980000000     0.000000000     0.073541371     0.000000000
    10.990000000     0.000000000     0.075978575     0.000000000
    11.000000000     0.000000000     0.078404269     0.000000000
