 # Column 1: omega
 # Column 2: eps2(omega)
 # Column 3: eps1(omega)
 # Column 4: JDOS(omega)
     0.000000000     0.000000000     2.399670746     0.000000000
     0.010000000     0.000000000     2.399687537     0.000000000
     0.020000000     0.000000000     2.399737915     0.000000000
     0.030000000     0.000000000     2.399821894     0.000000000
     0.040000000     0.000000000     2.399939497     0.000000000
     0.050000000     0.000000000     2.400090757     0.000000000
     0.060000000     0.000000000     2.400275716     0.000000000
     0.070000000     0.000000000     2.400494427     0.000000000
     0.080000000     0.000000000     2.400746950     0.000000000
     0.090000000     0.000000000     2.401033356     0.000000000
     0.100000000     0.000000000     2.401353726     0.000000000
     0.110000000     0.000000000     2.401708149     0.000000000
     0.120000000     0.000000000     2.402096727     0.000000000
     0.130000000     0.000000000     2.402519568     0.000000000
     0.140000000     0.000000000     2.402976792     0.000000000
     0.150000000     0.000000000     2.403468528     0.000000000
     0.160000000     0.000000000     2.403994918     0.000000000
     0.170000000     0.000000000     2.404556111     0.000000000
     0.180000000     0.000000000     2.405152267     0.000000000
     0.190000000     0.000000000     2.405783558     0.000000000
     0.200000000     0.000000000     2.406450165     0.000000000
     0.210000000     0.000000000     2.407152282     0.000000000
     0.220000000     0.000000000     2.407890111     0.000000000
     0.230000000     0.000000000     2.408663868     0.000000000
     0.240000000     0.000000000     2.409473779     0.000000000
     0.250000000     0.000000000     2.410320082     0.000000000
     0.260000000     0.000000000     2.411203026     0.000000000
     0.270000000     0.000000000     2.412122874     0.000000000
     0.280000000     0.000000000     2.413079899     0.000000000
     0.290000000     0.000000000     2.414074387     0.000000000
     0.300000000     0.000000000     2.415106639     0.000000000
     0.310000000     0.000000000     2.416176966     0.000000000
     0.320000000     0.000000000     2.417285694     0.000000000
     0.330000000     0.000000000     2.418433162     0.000000000
     0.340000000     0.000000000     2.419619725     0.000000000
     0.350000000     0.000000000     2.420845748     0.000000000
     0.360000000     0.000000000     2.422111616     0.000000000
     0.370000000     0.000000000     2.423417724     0.000000000
     0.380000000     0.000000000     2.424764487     0.000000000
     0.390000000     0.000000000     2.426152332     0.000000000
     0.400000000     0.000000000     2.427581706     0.000000000
     0.410000000     0.000000000     2.429053068     0.000000000
     0.420000000     0.000000000     2.430566900     0.000000000
     0.430000000     0.000000000     2.432123696     0.000000000
     0.440000000     0.000000000     2.433723972     0.000000000
     0.450000000     0.000000000     2.435368262     0.000000000
     0.460000000     0.000000000     2.437057119     0.000000000
     0.470000000     0.000000000     2.438791115     0.000000000
     0.480000000     0.000000000     2.440570844     0.000000000
     0.490000000     0.000000000     2.442396921     0.000000000
     0.500000000     0.000000000     2.444269982     0.000000000
     0.510000000     0.000000000     2.446190688     0.000000000
     0.520000000     0.000000000     2.448159719     0.000000000
     0.530000000     0.000000000     2.450177784     0.000000000
     0.540000000     0.000000000     2.452245614     0.000000000
     0.550000000     0.000000000     2.454363967     0.000000000
     0.560000000     0.000000000     2.456533627     0.000000000
     0.570000000     0.000000000     2.458755408     0.000000000
     0.580000000     0.000000000     2.461030150     0.000000000
     0.590000000     0.000000000     2.463358723     0.000000000
     0.600000000     0.000000000     2.465742031     0.000000000
     0.610000000     0.000000000     2.468181008     0.000000000
     0.620000000     0.000000000     2.470676620     0.000000000
     0.630000000     0.000000000     2.473229870     0.000000000
     0.640000000     0.000000000     2.475841797     0.000000000
     0.650000000     0.000000000     2.478513475     0.000000000
     0.660000000     0.000000000     2.481246021     0.000000000
     0.670000000     0.000000000     2.484040589     0.000000000
     0.680000000     0.000000000     2.486898376     0.000000000
     0.690000000     0.000000000     2.489820625     0.000000000
     0.700000000     0.000000000     2.492808623     0.000000000
     0.710000000     0.000000000     2.495863705     0.000000000
     0.720000000     0.000000000     2.498987256     0.000000000
     0.730000000     0.000000000     2.502180715     0.000000000
     0.740000000     0.000000000     2.505445573     0.000000000
     0.750000000     0.000000000     2.508783378     0.000000000
     0.760000000     0.000000000     2.512195740     0.000000000
     0.770000000     0.000000000     2.515684328     0.000000000
     0.780000000     0.000000000     2.519250879     0.000000000
     0.790000000     0.000000000     2.522897196     0.000000000
     0.800000000     0.000000000     2.526625154     0.000000000
     0.810000000     0.000000000     2.530436705     0.000000000
     0.820000000     0.000000000     2.534333876     0.000000000
     0.830000000     0.000000000     2.538318780     0.000000000
     0.840000000     0.000000000     2.542393613     0.000000000
     0.850000000     0.000000000     2.546560666     0.000000000
     0.860000000     0.000000000     2.550822323     0.000000000
     0.870000000     0.000000000     2.555181068     0.000000000
     0.880000000     0.000000000     2.559639494     0.000000000
     0.890000000     0.000000000     2.564200303     0.000000000
     0.900000000     0.000000000     2.568866316     0.000000000
     0.910000000     0.000000000     2.573640477     0.000000000
     0.920000000     0.000000000     2.578525861     0.000000000
     0.930000000     0.000000000     2.583525684     0.000000000
     0.940000000     0.000000000     2.588643304     0.000000000
     0.950000000     0.000000000     2.593882237     0.000000000
     0.960000000     0.000000000     2.599246160     0.000000000
     0.970000000     0.000000000     2.604738925     0.000000000
     0.980000000     0.000000000     2.610364568     0.000000000
     0.990000000     0.000000000     2.616127319     0.000000000
     1.000000000     0.000000000     2.622031614     0.000000000
     1.010000000     0.000000000     2.628082112     0.000000000
     1.020000000     0.000000000     2.634283702     0.000000000
     1.030000000     0.000000000     2.640641524     0.000000000
     1.040000000     0.000000000     2.647160984     0.000000000
     1.050000000     0.000000000     2.653847769     0.000000000
     1.060000000     0.000000000     2.660707868     0.000000000
     1.070000000     0.000000000     2.667747594     0.000000000
     1.080000000     0.000000000     2.674973603     0.000000000
     1.090000000     0.000000000     2.682392921     0.000000000
     1.100000000     0.000000000     2.690012969     0.000000000
     1.110000000     0.000000000     2.697841594     0.000000000
     1.120000000     0.000000000     2.705887095     0.000000000
     1.130000000     0.000000000     2.714158265     0.000000000
     1.140000000     0.000000000     2.722664422     0.000000000
     1.150000000     0.000000000     2.731415453     0.000000000
     1.160000000     0.000000000     2.740421858     0.000000000
     1.170000000     0.000000000     2.749694800     0.000000000
     1.180000000     0.000000000     2.759246159     0.000000000
     1.190000000     0.000000000     2.769088590     0.000000000
     1.200000000     0.000000000     2.779235593     0.000000000
     1.210000000     0.000000000     2.789701582     0.000000000
     1.220000000     0.000000000     2.800501966     0.000000000
     1.230000000     0.000000000     2.811653240     0.000000000
     1.240000000     0.000000000     2.823173083     0.000000000
     1.250000000     0.000000000     2.835080469     0.000000000
     1.260000000     0.000000000     2.847395790     0.000000000
     1.270000000     0.000000000     2.860140993     0.000000000
     1.280000000     0.000000000     2.873339734     0.000000000
     1.290000000     0.000000000     2.887017550     0.000000000
     1.300000000     0.000000000     2.901202056     0.000000000
     1.310000000     0.000000000     2.915923157     0.000000000
     1.320000000     0.000000000     2.931213303     0.000000000
     1.330000000     0.000000000     2.947107759     0.000000000
     1.340000000     0.000000000     2.963644928     0.000000000
     1.350000000     0.000000000     2.980866706     0.000000000
     1.360000000     0.000000000     2.998818892     0.000000000
     1.370000000     0.000000001     3.017551654     0.000000000
     1.380000000     0.000000002     3.037120061     0.000000000
     1.390000000     0.000000006     3.057584697     0.000000000
     1.400000000     0.000000021     3.079012358     0.000000000
     1.410000000     0.000000068     3.101476857     0.000000000
     1.420000000     0.000000211     3.125059954     0.000000001
     1.430000000     0.000000631     3.149852420     0.000000002
     1.440000000     0.000001826     3.175955269     0.000000006
     1.450000000     0.000005092     3.203481166     0.000000014
     1.460000000     0.000013695     3.232556057     0.000000035
     1.470000000     0.000035510     3.263321018     0.000000081
     1.480000000     0.000088738     3.295934361     0.000000183
     1.490000000     0.000213671     3.330573999     0.000000396
     1.500000000     0.000495621     3.367440032     0.000000825
     1.510000000     0.001107179     3.406757518     0.000001652
     1.520000000     0.002381506     3.448779241     0.000003183
     1.530000000     0.004931273     3.493788180     0.000005902
     1.540000000     0.009827736     3.542099075     0.000010529
     1.550000000     0.018847556     3.594057991     0.000018081
     1.560000000     0.034776864     3.650037911     0.000029893
     1.570000000     0.061729503     3.710426798     0.000047590
     1.580000000     0.105390535     3.775601780     0.000072976
     1.590000000     0.173046361     3.845878132     0.000107807
     1.600000000     0.273228994     3.921412836     0.000153473
     1.610000000     0.414812322     4.002026963     0.000210596
     1.620000000     0.605480020     4.086884750     0.000278620
     1.630000000     0.849649744     4.173926090     0.000355490
     1.640000000     1.146165356     4.258895707     0.000437532
     1.650000000     1.486296327     4.333776433     0.000519608
     1.660000000     1.852717798     4.384516925     0.000595592
     1.670000000     2.220092543     4.388412049     0.000659143
     1.680000000     2.557588895     4.313042387     0.000704648
     1.690000000     2.833182611     4.122458310     0.000728192
     1.700000000     3.019035469     3.799495294     0.000728360
     1.710000000     3.096807811     3.379633638     0.000706710
     1.720000000     3.061622292     2.956586771     0.000667833
     1.730000000     2.923636081     2.629076093     0.000618978
     1.740000000     2.706745761     2.441422418     0.000569318
     1.750000000     2.444665544     2.380729368     0.000528972
     1.760000000     2.175253879     2.410054947     0.000507954
     1.770000000     1.934324590     2.493874470     0.000515164
     1.780000000     1.750187335     2.605933306     0.000557584
     1.790000000     1.639868482     2.727687143     0.000639733
     1.800000000     1.607505613     2.844185499     0.000763487
     1.810000000     1.644941758     2.940226852     0.000928270
     1.820000000     1.734178597     2.998375023     0.001131632
     1.830000000     1.851119591     3.001281918     0.001370153
     1.840000000     1.969928078     2.940035374     0.001640569
     1.850000000     2.067307276     2.822649799     0.001940961
     1.860000000     2.126058837     2.670704169     0.002271843
     1.870000000     2.137396432     2.508793420     0.002636984
     1.880000000     2.101690893     2.363953291     0.003043861
     1.890000000     2.027595773     2.265335457     0.003503645
     1.900000000     1.929805713     2.230110298     0.004030689
     1.910000000     1.825964821     2.253825490     0.004641481
     1.920000000     1.733393772     2.317460585     0.005353072
     1.930000000     1.666295420     2.398483859     0.006181025
     1.940000000     1.633931199     2.476499480     0.007137079
     1.950000000     1.639987925     2.535887030     0.008226769
     1.960000000     1.683060895     2.569135758     0.009447401
     1.970000000     1.757947024     2.579280977     0.010786716
     1.980000000     1.857322881     2.575901351     0.012222517
     1.990000000     1.973384056     2.565263946     0.013723366
     2.000000000     2.099114559     2.544823800     0.015250306
     2.010000000     2.228992444     2.506918363     0.016759468
     2.020000000     2.359081440     2.447730844     0.018205437
     2.030000000     2.486587060     2.374466516     0.019545254
     2.040000000     2.609061947     2.301374640     0.020742903
     2.050000000     2.723522754     2.236244433     0.021773968
     2.060000000     2.825774156     2.172955486     0.022629866
     2.070000000     2.910202792     2.096517244     0.023320753
     2.080000000     2.970191394     1.992173078     0.023876111
     2.090000000     2.999124232     1.851935559     0.024342186
     2.100000000     2.991756188     1.678579104     0.024776087
     2.110000000     2.945568269     1.487933469     0.025237184
     2.120000000     2.861695361     1.306114284     0.025777340
     2.130000000     2.745113876     1.159115700     0.026432085
     2.140000000     2.603990420     1.060624534     0.027214825
     2.150000000     2.448344556     1.007567968     0.028115600
     2.160000000     2.288378931     0.985358359     0.029104776
     2.170000000     2.132909478     0.976642270     0.030140858
     2.180000000     1.988266056     0.968428229     0.031180583
     2.190000000     1.857862914     0.955626972     0.032188982
     2.200000000     1.742427787     0.940029020     0.033147233
     2.210000000     1.640702773     0.925201864     0.034056815
     2.220000000     1.550340585     0.912287405     0.034939423
     2.230000000     1.468729180     0.901347453     0.035833092
     2.240000000     1.393563489     0.894039256     0.036785697
     2.250000000     1.323102016     0.892406452     0.037847367
     2.260000000     1.256154291     0.896449311     0.039063346
     2.270000000     1.191912016     0.904227388     0.040468453
     2.280000000     1.129751504     0.913439528     0.042083808
     2.290000000     1.069105183     0.922292806     0.043915879
     2.300000000     1.009444919     0.929338061     0.045957437
     2.310000000     0.950362605     0.933836911     0.048189684
     2.320000000     0.891693493     0.937466792     0.050584754
     2.330000000     0.833615689     0.944501148     0.053107933
     2.340000000     0.776675051     0.958649042     0.055719229
     2.350000000     0.721718583     0.980309683     0.058374291
     2.360000000     0.669756060     1.007319848     0.061024968
     2.370000000     0.621794653     1.037146559     0.063619933
     2.380000000     0.578696514     1.067877816     0.066105752
     2.390000000     0.541095150     1.098147104     0.068428573
     2.400000000     0.509381415     1.127345845     0.070536349
     2.410000000     0.483745376     1.156125677     0.072381288
     2.420000000     0.464245571     1.185899410     0.073922206
     2.430000000     0.450875487     1.217352493     0.075126554
     2.440000000     0.443605735     1.249623638     0.075972134
     2.450000000     0.442392673     1.280846205     0.076448678
     2.460000000     0.447154234     1.309335759     0.076559473
     2.470000000     0.457718718     1.334561293     0.076323027
     2.480000000     0.473753762     1.357144078     0.075774419
     2.490000000     0.494684142     1.377803423     0.074965695
     2.500000000     0.519611106     1.396301670     0.073964577
     2.510000000     0.547252395     1.411435806     0.072850943
     2.520000000     0.575927209     1.421822348     0.071710999
     2.530000000     0.603609462     1.426396186     0.070629658
     2.540000000     0.628062409     1.424306081     0.069682144
     2.550000000     0.647048769     1.414959437     0.068926123
     2.560000000     0.658587905     1.398679720     0.068395635
     2.570000000     0.661213147     1.377387404     0.068097770
     2.580000000     0.654175386     1.354433609     0.068012509
     2.590000000     0.637547364     1.333500354     0.068095593
     2.600000000     0.612205217     1.317391576     0.068283804
     2.610000000     0.579693011     1.307476743     0.068501769
     2.620000000     0.542003172     1.303880500     0.068669344
     2.630000000     0.501322194     1.305883810     0.068708750
     2.640000000     0.459792440     1.312195577     0.068550826
     2.650000000     0.419328125     1.321478827     0.068139983
     2.660000000     0.381502388     1.333008120     0.067437525
     2.670000000     0.347500734     1.346699641     0.066423101
     2.680000000     0.318121248     1.362610318     0.065094150
     2.690000000     0.293797595     1.380553044     0.063463371
     2.700000000     0.274626454     1.399967759     0.061554586
     2.710000000     0.260392649     1.419992785     0.059397712
     2.720000000     0.250597103     1.439683967     0.057023880
     2.730000000     0.244499777     1.458140330     0.054461780
     2.740000000     0.241189117     1.474528602     0.051736071
     2.750000000     0.239681344     1.488302652     0.048868178
     2.760000000     0.239040164     1.499480577     0.045879118
     2.770000000     0.238494973     1.508435460     0.042793402
     2.780000000     0.237528510     1.515494560     0.039642726
     2.790000000     0.235907173     1.521349668     0.036468219
     2.800000000     0.233639902     1.527684544     0.033320404
     2.810000000     0.230871920     1.536358384     0.030256694
     2.820000000     0.227741601     1.547813270     0.027336896
     2.830000000     0.224244170     1.560712530     0.024617739
     2.840000000     0.220148158     1.572854991     0.022147602
     2.850000000     0.214996811     1.582217718     0.019962519
     2.860000000     0.208200345     1.587582050     0.018084084
     2.870000000     0.199194746     1.588967726     0.016519365
     2.880000000     0.187619607     1.588183690     0.015262450
     2.890000000     0.173459987     1.588563342     0.014296953
     2.900000000     0.157108376     1.593086844     0.013598776
     2.910000000     0.139328236     1.602703404     0.013138581
     2.920000000     0.121130777     1.616534361     0.012883700
     2.930000000     0.103600783     1.633053033     0.012799490
     2.940000000     0.087717842     1.650904257     0.012850310
     2.950000000     0.074214611     1.669148814     0.013000337
     2.960000000     0.063497564     1.687238761     0.013214420
     2.970000000     0.055635571     1.704907507     0.013459029
     2.980000000     0.050404710     1.722044462     0.013703281
     2.990000000     0.047368370     1.738584681     0.013919952
     3.000000000     0.045970512     1.754405844     0.014086374
     3.010000000     0.045624570     1.769305917     0.014185108
     3.020000000     0.045787345     1.783134310     0.014204329
     3.030000000     0.046013464     1.795977575     0.014137887
     3.040000000     0.045990034     1.808210114     0.013985057
     3.050000000     0.045553048     1.820338909     0.013750046
     3.060000000     0.044687601     1.832766646     0.013441377
     3.070000000     0.043513853     1.845627320     0.013071275
     3.080000000     0.042260539     1.858814489     0.012655141
     3.090000000     0.041227843     1.872208808     0.012211106
     3.100000000     0.040741932     1.885878657     0.011759560
     3.110000000     0.041104436     1.900010545     0.011322475
     3.120000000     0.042541712     1.914663787     0.010922391
     3.130000000     0.045160463     1.929643945     0.010581027
     3.140000000     0.048917430     1.944541827     0.010317675
     3.150000000     0.053610530     1.958812831     0.010147642
     3.160000000     0.058896281     1.971884187     0.010081071
     3.170000000     0.064333742     1.983363110     0.010122378
     3.180000000     0.069449472     1.993274406     0.010270429
     3.190000000     0.073812742     2.002032578     0.010519442
     3.200000000     0.077107108     2.010117957     0.010860496
     3.210000000     0.079184574     2.017969436     0.011283510
     3.220000000     0.080092059     2.026175814     0.011779512
     3.230000000     0.080065750     2.035360998     0.012342930
     3.240000000     0.079495579     2.045818221     0.012973528
     3.250000000     0.078867585     2.057491017     0.013677495
     3.260000000     0.078695148     2.070188195     0.014467200
     3.270000000     0.079450378     2.083630342     0.015359321
     3.280000000     0.081504962     2.097419304     0.016371427
     3.290000000     0.085086530     2.111165761     0.017517572
     3.300000000     0.090253523     2.124670955     0.018803863
     3.310000000     0.096889486     2.137881843     0.020225097
     3.320000000     0.104716867     2.150611918     0.021763422
     3.330000000     0.113330252     2.162442608     0.023389491
     3.340000000     0.122248369     2.172990692     0.025065984
     3.350000000     0.130982378     2.182170606     0.026752837
     3.360000000     0.139114431     2.190177795     0.028413140
     3.370000000     0.146375943     2.197304504     0.030018674
     3.380000000     0.152710967     2.203810898     0.031554213
     3.390000000     0.158308402     2.210074314     0.033020073
     3.400000000     0.163589361     2.216882455     0.034432692
     3.410000000     0.169143565     2.225241309     0.035823301
     3.420000000     0.175620318     2.235679177     0.037234847
     3.430000000     0.183592740     2.247891331     0.038717482
     3.440000000     0.193424717     2.261006763     0.040323043
     3.450000000     0.205174145     2.273961111     0.042099077
     3.460000000     0.218560812     2.285637370     0.044083141
     3.470000000     0.233012425     2.294871040     0.046298111
     3.480000000     0.247781063     2.300572141     0.048749133
     3.490000000     0.262101065     2.302201876     0.051422606
     3.500000000     0.275345197     2.300472879     0.054287227
     3.510000000     0.287134915     2.297526434     0.057296858
     3.520000000     0.297374200     2.296017606     0.060394812
     3.530000000     0.306201057     2.297663043     0.063519151
     3.540000000     0.313877949     2.302382362     0.066608606
     3.550000000     0.320662114     2.308532078     0.069608816
     3.560000000     0.326701392     2.313875627     0.072478411
     3.570000000     0.331988987     2.316645033     0.075194297
     3.580000000     0.336386540     2.316283042     0.077755220
     3.590000000     0.339698773     2.313647608     0.080182655
     3.600000000     0.341765046     2.310526375     0.082518248
     3.610000000     0.342530179     2.308738803     0.084817726
     3.620000000     0.342068829     2.309410144     0.087142011
     3.630000000     0.340558526     2.312683000     0.089547220
     3.640000000     0.338217113     2.317758255     0.092075811
     3.650000000     0.335232432     2.323229792     0.094751124
     3.660000000     0.331712050     2.327801530     0.097576864
     3.670000000     0.327670199     2.331107418     0.100541786
     3.680000000     0.323053551     2.333912728     0.103628390
     3.690000000     0.317793706     2.337397773     0.106823178
     3.700000000     0.311866968     2.342260333     0.110125509
     3.710000000     0.305342482     2.348455939     0.113552428
     3.720000000     0.298406169     2.355620807     0.117137953
     3.730000000     0.291356606     2.363666929     0.120926895
     3.740000000     0.284576806     2.372952877     0.124964763
     3.750000000     0.278490881     2.383903873     0.129286375
     3.760000000     0.273516403     2.396558737     0.133905956
     3.770000000     0.270022663     2.410490971     0.138811011
     3.780000000     0.268302690     2.425072432     0.143961111
     3.790000000     0.268563707     2.439776544     0.149291457
     3.800000000     0.270936925     2.454335364     0.154719972
     3.810000000     0.275503616     2.468734688     0.160156024
     3.820000000     0.282330476     2.483031331     0.165508811
     3.830000000     0.291503943     2.497149065     0.170693781
     3.840000000     0.303150947     2.510857793     0.175636194
     3.850000000     0.317433608     2.523906811     0.180271715
     3.860000000     0.334508613     2.536189958     0.184544678
     3.870000000     0.354449213     2.547809655     0.188405211
     3.880000000     0.377138567     2.558921822     0.191806707
     3.890000000     0.402155555     2.569394401     0.194705029
     3.900000000     0.428684361     2.578535716     0.197060379
     3.910000000     0.455482321     2.585130625     0.198842008
     3.920000000     0.480933281     2.587680567     0.200034942
     3.930000000     0.503195310     2.584687853     0.200647074
     3.940000000     0.520426232     2.575220253     0.200714497
     3.950000000     0.531045715     2.559832757     0.200303072
     3.960000000     0.533977731     2.541135299     0.199505029
     3.970000000     0.528818411     2.523233156     0.198430610
     3.980000000     0.515892569     2.510167608     0.197196062
     3.990000000     0.496191362     2.504186265     0.195910309
     4.000000000     0.471213583     2.504934141     0.194662924
     4.010000000     0.442753536     2.510293265     0.193515681
     4.020000000     0.412683269     2.518271813     0.192499012
     4.030000000     0.382767020     2.528464054     0.191613501
     4.040000000     0.354527438     2.541911081     0.190835528
     4.050000000     0.329165181     2.559578035     0.190125531
     4.060000000     0.307522464     2.581224585     0.189437257
     4.070000000     0.290078841     2.605683162     0.188726672
     4.080000000     0.276971217     2.631573621     0.187959698
     4.090000000     0.268034774     2.657606226     0.187118399
     4.100000000     0.262863209     2.682780019     0.186205466
     4.110000000     0.260884269     2.706685403     0.185246874
     4.120000000     0.261442057     2.729590931     0.184292485
     4.130000000     0.263874335     2.752137319     0.183414306
     4.140000000     0.267573434     2.774863654     0.182702219
     4.150000000     0.272023832     2.797928097     0.182257369
     4.160000000     0.276815941     2.821191196     0.182183803
     4.170000000     0.281641370     2.844464144     0.182579427
     4.180000000     0.286277728     2.867624975     0.183527556
     4.190000000     0.290570312     2.890606235     0.185090263
     4.200000000     0.294415181     2.913506465     0.187304335
     4.210000000     0.297744954     2.936787830     0.190180064
     4.220000000     0.300517034     2.961130308     0.193702383
     4.230000000     0.302704046     2.986929893     0.197833366
     4.240000000     0.304287508     3.014004789     0.202514842
     4.250000000     0.305256598     3.041835611     0.207669989
     4.260000000     0.305613565     3.070094735     0.213203277
     4.270000000     0.305385712     3.099023433     0.218998772
     4.280000000     0.304641869     3.129374283     0.224917535
     4.290000000     0.303509911     3.161956285     0.230795305
     4.300000000     0.302191912     3.197139034     0.236441799
     4.310000000     0.300975017     3.234737269     0.241642804
     4.320000000     0.300238552     3.274404442     0.246165789
     4.330000000     0.300460791     3.316203977     0.249769306
     4.340000000     0.302231634     3.360759765     0.252216023
     4.350000000     0.306280048     3.408748129     0.253288821
     4.360000000     0.313526729     3.460331031     0.252809022
     4.370000000     0.325171875     3.515161218     0.250655313
     4.380000000     0.342823150     3.572769972     0.246781376
     4.390000000     0.368657748     3.632857546     0.241229724
     4.400000000     0.405593336     3.695406816     0.234138985
     4.410000000     0.457416733     3.760676983     0.225742239
     4.420000000     0.528791024     3.828948907     0.216354975
     4.430000000     0.625041817     3.900075610     0.206352863
     4.440000000     0.751625941     3.973103291     0.196141398
     4.450000000     0.913226775     4.046097989     0.186121202
     4.460000000     1.112508604     4.116354401     0.176653737
     4.470000000     1.348690960     4.180745946     0.168032303
     4.480000000     1.616243402     4.235030207     0.160462227
     4.490000000     1.904100704     4.271489595     0.154052531
     4.500000000     2.195800228     4.276502553     0.148819428
     4.510000000     2.470807068     4.230754007     0.144700158
     4.520000000     2.707021822     4.113915894     0.141574267
     4.530000000     2.884121638     3.914921231     0.139288568
     4.540000000     2.987075121     3.646134050     0.137681729
     4.550000000     3.009014383     3.350735765     0.136604717
     4.560000000     2.952723050     3.088503292     0.135934235
     4.570000000     2.830309065     2.905203668     0.135577698
     4.580000000     2.661089583     2.813525229     0.135470155
     4.590000000     2.468176912     2.798773264     0.135565405
     4.600000000     2.274570696     2.835319574     0.135824942
     4.610000000     2.099638078     2.898575779     0.136208682
     4.620000000     1.956693728     2.969589498     0.136670640
     4.630000000     1.852051299     3.035361986     0.137160813
     4.640000000     1.785528419     3.088356141     0.137632291
     4.650000000     1.752065400     3.126833671     0.138050808
     4.660000000     1.743936584     3.153960084     0.138403155
     4.670000000     1.753007574     3.173471213     0.138701523
     4.680000000     1.772589830     3.186173768     0.138982412
     4.690000000     1.798611544     3.193342370     0.139300741
     4.700000000     1.830007337     3.202608462     0.139721330
     4.710000000     1.868390464     3.225282527     0.140310450
     4.720000000     1.917188532     3.266424936     0.141129665
     4.730000000     1.980488308     3.320592194     0.142232839
     4.740000000     2.061846889     3.377027347     0.143665820
     4.750000000     2.163291580     3.426540217     0.145467255
     4.760000000     2.284662664     3.463683354     0.147668847
     4.770000000     2.423370237     3.485089128     0.150293974
     4.780000000     2.574557963     3.488584692     0.153354619
     4.790000000     2.731607481     3.473988668     0.156847669
     4.800000000     2.886882825     3.441752804     0.160752095
     4.810000000     3.032601293     3.390194363     0.165028398
     4.820000000     3.161718127     3.317587185     0.169620893
     4.830000000     3.268720777     3.227185151     0.174462346
     4.840000000     3.350242245     3.127108440     0.179479709
     4.850000000     3.405423635     3.026520381     0.184599442
     4.860000000     3.435984909     2.933675899     0.189751351
     4.870000000     3.445998289     2.854226583     0.194870734
     4.880000000     3.441395576     2.788907453     0.199899463
     4.890000000     3.429272627     2.734970334     0.204787035
     4.900000000     3.417077407     2.691037424     0.209492432
     4.910000000     3.411781461     2.659127928     0.213986849
     4.920000000     3.419139006     2.640822306     0.218256505
     4.930000000     3.443132205     2.632534420     0.222304148
     4.940000000     3.485681794     2.625768194     0.226147926
     4.950000000     3.546664904     2.611350850     0.229817024
     4.960000000     3.624226688     2.583279124     0.233344557
     4.970000000     3.715308160     2.539247868     0.236759268
     4.980000000     3.816257224     2.478816052     0.240078202
     4.990000000     3.923364476     2.403181499     0.243302421
     5.000000000     4.033185396     2.317079838     0.246417137
     5.010000000     4.142576661     2.227745825     0.249396445
     5.020000000     4.248469346     2.139392075     0.252211670
     5.030000000     4.347494922     2.049203823     0.254841336
     5.040000000     4.435638230     1.949355473     0.257280316
     5.050000000     4.508092448     1.832526542     0.259545865
     5.060000000     4.559432119     1.695691741     0.261678909
     5.070000000     4.584120335     1.540400027     0.263740107
     5.080000000     4.577258550     1.371614381     0.265801389
     5.090000000     4.535407233     1.196506541     0.267934698
     5.100000000     4.457277319     1.023426302     0.270200192
     5.110000000     4.344122412     0.861446594     0.272636058
     5.120000000     4.199737233     0.719333317     0.275251501
     5.130000000     4.030063481     0.602928078     0.278023576
     5.140000000     3.842491687     0.513355645     0.280897781
     5.150000000     3.645004602     0.448304451     0.283791813
     5.160000000     3.445324278     0.404474175     0.286601797
     5.170000000     3.250204314     0.378840902     0.289210358
     5.180000000     3.064962963     0.368841915     0.291495991
     5.190000000     2.893297360     0.371979595     0.293343098
     5.200000000     2.737367370     0.385315519     0.294651845
     5.210000000     2.598096938     0.405509470     0.295346741
     5.220000000     2.475614137     0.429720947     0.295382920
     5.230000000     2.369737572     0.456601036     0.294749310
     5.240000000     2.280415728     0.486258978     0.293468450
     5.250000000     2.208037173     0.519536011     0.291593185
     5.260000000     2.153553401     0.557508654     0.289200846
     5.270000000     2.118390798     0.601115822     0.286385685
     5.280000000     2.104168357     0.650376832     0.283250328
     5.290000000     2.112274877     0.703580121     0.279897029
     5.300000000     2.143384185     0.756975134     0.276419627
     5.310000000     2.196993381     0.805050663     0.272897197
     5.320000000     2.271057917     0.841710743     0.269390365
     5.330000000     2.361775533     0.862064025     0.265940949
     5.340000000     2.463549568     0.863530657     0.262574910
     5.350000000     2.569148963     0.845743581     0.259307813
     5.360000000     2.670077931     0.809814225     0.256151269
     5.370000000     2.757164024     0.757043523     0.253118549
     5.380000000     2.821356102     0.687202098     0.250227765
     5.390000000     2.854684305     0.598154258     0.247501783
     5.400000000     2.851276048     0.488736840     0.244964991
     5.410000000     2.808263766     0.363881392     0.242638048
     5.420000000     2.726389568     0.237458757     0.240532342
     5.430000000     2.610133421     0.128700510     0.238646006
     5.440000000     2.467272251     0.053656457     0.236962931
     5.450000000     2.307900949     0.018168709     0.235455369
     5.460000000     2.143076332     0.017639789     0.234089674
     5.470000000     1.983339603     0.042201962     0.232833790
     5.480000000     1.837400878     0.082144451     0.231664539
     5.490000000     1.711223184     0.130298953     0.230572769
     5.500000000     1.607640275     0.181341074     0.229565015
     5.510000000     1.526516651     0.230350650     0.228661391
     5.520000000     1.465345890     0.272795571     0.227890547
     5.530000000     1.420112093     0.306055562     0.227283461
     5.540000000     1.386219120     0.330998045     0.226868108
     5.550000000     1.359317633     0.351606892     0.226666766
     5.560000000     1.335914074     0.372093965     0.226696712
     5.570000000     1.313708819     0.394121870     0.226973947
     5.580000000     1.291666593     0.416921734     0.227518456
     5.590000000     1.269861969     0.439628924     0.228358961
     5.600000000     1.249165066     0.463150534     0.229535125
     5.610000000     1.230841086     0.489764870     0.231095817
     5.620000000     1.216136967     0.520969147     0.233093035
     5.630000000     1.205921665     0.555755195     0.235572123
     5.640000000     1.200433543     0.590807152     0.238559674
     5.650000000     1.199167992     0.622065645     0.242050916
     5.660000000     1.200911832     0.646427037     0.245998280
     5.670000000     1.203903345     0.662779617     0.250302640
     5.680000000     1.206075398     0.672265686     0.254808348
     5.690000000     1.205330873     0.677910774     0.259303035
     5.700000000     1.199805735     0.683372617     0.263523043
     5.710000000     1.188090592     0.690936256     0.267165268
     5.720000000     1.169397005     0.700050999     0.269905816
     5.730000000     1.143662116     0.708175522     0.271425063
     5.740000000     1.111582634     0.713760446     0.271437424
     5.750000000     1.074563060     0.718949507     0.269722677
     5.760000000     1.034563685     0.729424336     0.266154463
     5.770000000     0.993849089     0.750800799     0.260721105
     5.780000000     0.954666733     0.784628932     0.253534561
     5.790000000     0.918916911     0.827659668     0.244825062
     5.800000000     0.887893737     0.874246305     0.234921585
     5.810000000     0.862169180     0.919323101     0.224220984
     5.820000000     0.841656258     0.960008327     0.213150778
     5.830000000     0.825834404     0.995567935     0.202131563
     5.840000000     0.814069268     1.027088624     0.191544703
     5.850000000     0.805930329     1.057815033     0.181709362
     5.860000000     0.801413364     1.092430661     0.172870691
     5.870000000     0.801008283     1.133959564     0.165198661
     5.880000000     0.805602644     1.181510729     0.158795258
     5.890000000     0.816258798     1.231493518     0.153706851
     5.900000000     0.833933665     1.280417288     0.149938572
     5.910000000     0.859217963     1.326819908     0.147468187
     5.920000000     0.892158833     1.371290109     0.146257867
     5.930000000     0.932203814     1.414545486     0.146263049
     5.940000000     0.978273544     1.455279094     0.147438107
     5.950000000     1.028941979     1.490152343     0.149738781
     5.960000000     1.082680458     1.516226750     0.153121521
     5.970000000     1.138108681     1.533784784     0.157540082
     5.980000000     1.194194484     1.546536401     0.162940135
     5.990000000     1.250356762     1.558533926     0.169253006
     6.000000000     1.306450984     1.571396920     0.176389976
     6.010000000     1.362648680     1.584643520     0.184238507
     6.020000000     1.419251805     1.597472045     0.192661402
     6.030000000     1.476500034     1.609183871     0.201499314
     6.040000000     1.534427631     1.618125627     0.210576369
     6.050000000     1.592807211     1.621637978     0.219708176
     6.060000000     1.651188247     1.617988631     0.228711299
     6.070000000     1.709009850     1.608023866     0.237413207
     6.080000000     1.765750310     1.594603176     0.245661878
     6.090000000     1.821074162     1.580604882     0.253334289
     6.100000000     1.874947666     1.567215850     0.260343008
     6.110000000     1.927707496     1.553571644     0.266640072
     6.120000000     1.980076622     1.537636266     0.272217258
     6.130000000     2.033122789     1.517639922     0.277102114
     6.140000000     2.088152221     1.493607923     0.281349591
     6.150000000     2.146532164     1.467757819     0.285029992
     6.160000000     2.209447284     1.442998442     0.288214847
     6.170000000     2.277616942     1.420745340     0.290963118
     6.180000000     2.351024546     1.399326488     0.293310401
     6.190000000     2.428723715     1.373697261     0.295263417
     6.200000000     2.508777934     1.337186075     0.296801072
     6.210000000     2.588359499     1.284777393     0.297882004
     6.220000000     2.663989674     1.215847931     0.298457140
     6.230000000     2.731862980     1.134214529     0.298484746
     6.240000000     2.788181116     1.045253427     0.297944975
     6.250000000     2.829433654     0.952595331     0.296851056
     6.260000000     2.852596973     0.857798415     0.295254923
     6.270000000     2.855263008     0.762075592     0.293246158
     6.280000000     2.835735865     0.666001938     0.290944345
     6.290000000     2.793134959     0.567937401     0.288486189
     6.300000000     2.727519167     0.466499977     0.286009823
     6.310000000     2.640010568     0.365824815     0.283639358
     6.320000000     2.532867615     0.274725323     0.281472802
     6.330000000     2.409450790     0.200017832     0.279575811
     6.340000000     2.274043391     0.143557187     0.277982453
     6.350000000     2.131528204     0.104659723     0.276702514
     6.360000000     1.986962149     0.082398474     0.275733226
     6.370000000     1.845119746     0.075296288     0.275072161
     6.380000000     1.710083250     0.080647038     0.274727698
     6.390000000     1.584942592     0.095334847     0.274724090
     6.400000000     1.471639614     0.116898870     0.275099594
     6.410000000     1.370959697     0.143515931     0.275897940
     6.420000000     1.282649200     0.173457930     0.277155193
     6.430000000     1.205623727     0.205087445     0.278885292
     6.440000000     1.138229438     0.237360522     0.281067932
     6.450000000     1.078523376     0.269801017     0.283642003
     6.460000000     1.024544390     0.301964770     0.286506602
     6.470000000     0.974550834     0.333341158     0.289530022
     6.480000000     0.927204725     0.363877046     0.292565502
     6.490000000     0.881686241     0.394725889     0.295471099
     6.500000000     0.837729402     0.428178588     0.298130110
     6.510000000     0.795580058     0.466299066     0.300468114
     6.520000000     0.755889220     0.509525511     0.302463019
     6.530000000     0.719565139     0.556628591     0.304145560
     6.540000000     0.687613142     0.605925935     0.305589443
     6.550000000     0.660991588     0.656474383     0.306892549
     6.560000000     0.640505963     0.708248762     0.308152949
     6.570000000     0.626753370     0.761515589     0.309445143
     6.580000000     0.620118694     0.816059928     0.310802446
     6.590000000     0.620813350     0.870770394     0.312210216
     6.600000000     0.628938383     0.924073953     0.313611964
     6.610000000     0.644546965     0.974940909     0.314926750
     6.620000000     0.667678855     1.023322911     0.316073038
     6.630000000     0.698343969     1.069646431     0.316992276
     6.640000000     0.736445731     1.114345667     0.317665689
     6.650000000     0.781656401     1.157898750     0.318120062
     6.660000000     0.833280462     1.200463442     0.318421762
     6.670000000     0.890159476     1.240852329     0.318661706
     6.680000000     0.950673083     1.276025555     0.318936149
     6.690000000     1.012870662     1.302080405     0.319328543
     6.700000000     1.074729226     1.316263156     0.319896285
     6.710000000     1.134486196     1.318778581     0.320663885
     6.720000000     1.190957307     1.313313235     0.321621828
     6.730000000     1.243735882     1.305374707     0.322729171
     6.740000000     1.293189236     1.299258681     0.323917831
     6.750000000     1.340219354     1.296518436     0.325097416
     6.760000000     1.385825007     1.296987828     0.326160551
     6.770000000     1.430570548     1.299879206     0.326989345
     6.780000000     1.474110255     1.303282757     0.327463540
     6.790000000     1.514919703     1.303342381     0.327470068
     6.800000000     1.550341772     1.294692131     0.326912697
     6.810000000     1.576973278     1.272587970     0.325719811
     6.820000000     1.591320745     1.235699494     0.323848459
     6.830000000     1.590569828     1.187455072     0.321283800
     6.840000000     1.573270341     1.135357259     0.318034427
     6.850000000     1.539754499     1.089173732     0.314125394
     6.860000000     1.492178238     1.058139444     0.309591369
     6.870000000     1.434182968     1.047640457     0.304472082
     6.880000000     1.370283299     1.057436578     0.298811129
     6.890000000     1.305158740     1.082495588     0.292657878
     6.900000000     1.243039842     1.115484550     0.286071004
     6.910000000     1.187328448     1.149826333     0.279121811
     6.920000000     1.140497305     1.182379307     0.271895766
     6.930000000     1.104211371     1.214164292     0.264491657
     6.940000000     1.079539633     1.248055606     0.257018736
     6.950000000     1.067108696     1.285935779     0.249592905
     6.960000000     1.067093489     1.328806511     0.242333042
     6.970000000     1.079028828     1.377937794     0.235358032
     6.980000000     1.101523916     1.433203715     0.228784335
     6.990000000     1.132030984     1.490372443     0.222723345
     7.000000000     1.166829638     1.541356323     0.217277768
     7.010000000     1.201331590     1.577527292     0.212536743
     7.020000000     1.230703728     1.593778498     0.208570233
     7.030000000     1.250688734     1.591553074     0.205423888
     7.040000000     1.258416927     1.579691270     0.203115771
     7.050000000     1.252985190     1.571757961     0.201635801
     7.060000000     1.235638515     1.580202651     0.200947810
     7.070000000     1.209506855     1.611299402     0.200993107
     7.080000000     1.178982097     1.664088394     0.201693872
     7.090000000     1.148919259     1.732378716     0.202954923
     7.100000000     1.123878599     1.807998048     0.204663391
     7.110000000     1.107584471     1.884468763     0.206687113
     7.120000000     1.102684202     1.959488148     0.208873756
     7.130000000     1.110785680     2.034492105     0.211053018
     7.140000000     1.132675819     2.112139798     0.213043724
     7.150000000     1.168598069     2.194378330     0.214666141
     7.160000000     1.218496013     2.282025031     0.215758057
     7.170000000     1.282190791     2.374670073     0.216191615
     7.180000000     1.359520710     2.470303189     0.215887224
     7.190000000     1.450504385     2.565336993     0.214821376
     7.200000000     1.555581349     2.655626931     0.213026653
     7.210000000     1.675943167     2.738400585     0.210584173
     7.220000000     1.813914870     2.814369947     0.207610484
     7.230000000     1.973305713     2.888229786     0.204241907
     7.240000000     2.159636261     2.965987797     0.200619297
     7.250000000     2.380165490     3.050894400     0.196875299
     7.260000000     2.643671823     3.141401017     0.193124901
     7.270000000     2.959964077     3.231737020     0.189459013
     7.280000000     3.339098392     3.313607605     0.185940308
     7.290000000     3.790260095     3.377847374     0.182600738
     7.300000000     4.320261136     3.415826083     0.179440782
     7.310000000     4.931640862     3.420726323     0.176431096
     7.320000000     5.620467807     3.387466423     0.173517400
     7.330000000     6.374119713     3.309263206     0.170629020
     7.340000000     7.169521824     3.172295232     0.167690570
     7.350000000     7.972467339     2.953515124     0.164635212
     7.360000000     8.738636501     2.624284315     0.161417178
     7.370000000     9.416710010     2.158245225     0.158021178
     7.380000000     9.953543240     1.539975224     0.154466849
     7.390000000    10.300818830     0.773574794     0.150807529
     7.400000000    10.422083655    -0.107774706     0.147123783
     7.410000000    10.298778857    -1.037717652     0.143513104
     7.420000000     9.933920510    -1.929610531     0.140077721
     7.430000000     9.352512902    -2.701171047     0.136912571
     7.440000000     8.598480652    -3.292822708     0.134095204
     7.450000000     7.728692993    -3.679558790     0.131679018
     7.460000000     6.805292137    -3.877354184     0.129690674
     7.470000000     5.887843764    -3.932038501     0.128132003
     7.480000000     5.026730676    -3.895784425     0.126986023
     7.490000000     4.258773454    -3.809164333     0.126225933
     7.500000000     3.605449851    -3.696212671     0.125825237
     7.510000000     3.073496635    -3.569254803     0.125766660
     7.520000000     2.657271923    -3.436215634     0.126047506
     7.530000000     2.342100661    -3.305142742     0.126679744
     7.540000000     2.107891721    -3.185292493     0.127684235
     7.550000000     1.932508843    -3.085805016     0.129080006
     7.560000000     1.794593444    -3.013292815     0.130870811
     7.570000000     1.675701949    -2.969456111     0.133032074
     7.580000000     1.561713055    -2.948292636     0.135501383
     7.590000000     1.443504095    -2.934857282     0.138175022
     7.600000000     1.316929383    -2.910967683     0.140911742
     7.610000000     1.182184169    -2.865264760     0.143543441
     7.620000000     1.042705805    -2.797141975     0.145891063
     7.630000000     0.903826151    -2.712514940     0.147783002
     7.640000000     0.771416956    -2.618310179     0.149072970
     7.650000000     0.650745843    -2.519830905     0.149654527
     7.660000000     0.545689076    -2.420404939     0.149470273
     7.670000000     0.458352172    -2.321922448     0.148514888
     7.680000000     0.389060887    -2.225613199     0.146832376
     7.690000000     0.336626586    -2.132659685     0.144508872
     7.700000000     0.298769705    -2.044372021     0.141662816
     7.710000000     0.272595913    -1.962101986     0.138434198
     7.720000000     0.255046659    -1.887108774     0.134974043
     7.730000000     0.243274454    -1.820111253     0.131434599
     7.740000000     0.234915405    -1.760410870     0.127960183
     7.750000000     0.228246643    -1.705504647     0.124678493
     7.760000000     0.222227951    -1.652283240     0.121692500
     7.770000000     0.216438804    -1.598958196     0.119073469
     7.780000000     0.210934696    -1.545659296     0.116856003
     7.790000000     0.206057465    -1.493453099     0.115036070
     7.800000000     0.202239520    -1.443244458     0.113572575
     7.810000000     0.199838895    -1.395436976     0.112392555
     7.820000000     0.199031331    -1.350086345     0.111399459
     7.830000000     0.199769955    -1.307199074     0.110483668
     7.840000000     0.201806934    -1.267042909     0.109534215
     7.850000000     0.204758561    -1.230113008     0.108450611
     7.860000000     0.208188204    -1.196668273     0.107153641
     7.870000000     0.211681415    -1.166335252     0.105593852
     7.880000000     0.214893690    -1.138168026     0.103756432
     7.890000000     0.217562120    -1.111074914     0.101661331
     7.900000000     0.219484575    -1.084361299     0.099358038
     7.910000000     0.220480575    -1.058088043     0.096915387
     7.920000000     0.220353424    -1.032989866     0.094407912
     7.930000000     0.218871626    -1.010018974     0.091901277
     7.940000000     0.215779652    -0.989739780     0.089439829
     7.950000000     0.210836751    -0.971904747     0.087039061
     7.960000000     0.203871908    -0.955545723     0.084684704
     7.970000000     0.194837236    -0.939467646     0.082338593
     7.980000000     0.183842917    -0.922694681     0.079949737
     7.990000000     0.171163359    -0.904699790     0.077467715
     8.000000000     0.157213547    -0.885469004     0.074855074
     8.010000000     0.142502896    -0.865345245     0.072095834
     8.020000000     0.127578498    -0.844671816     0.069198447
     8.030000000     0.112969738    -0.823511296     0.066193135
     8.040000000     0.099142971    -0.801714030     0.063124984
     8.050000000     0.086470346    -0.779220509     0.060045034
     8.060000000     0.075212967    -0.756214779     0.057001759
     8.070000000     0.065516426    -0.733040252     0.054034843
     8.080000000     0.057416167    -0.710057999     0.051172190
     8.090000000     0.050850483    -0.687549474     0.048430166
     8.100000000     0.045679319    -0.665670903     0.045816223
     8.110000000     0.041707030    -0.644471052     0.043332640
     8.120000000     0.038706903    -0.623965592     0.040980074
     8.130000000     0.036444865    -0.604183026     0.038759889
     8.140000000     0.034699872    -0.585125098     0.036674766
     8.150000000     0.033278972    -0.566716248     0.034727661
     8.160000000     0.032026072    -0.548844260     0.032919682
     8.170000000     0.030824582    -0.531435074     0.031247786
     8.180000000     0.029595160    -0.514441882     0.029703174
     8.190000000     0.028290368    -0.497807100     0.028271043
     8.200000000     0.026888201    -0.481487237     0.026931900
     8.210000000     0.025386034    -0.465481659     0.025664130
     8.220000000     0.023795814    -0.449806352     0.024447099
     8.230000000     0.022140532    -0.434445540     0.023263946
     8.240000000     0.020451395    -0.419328889     0.022103294
     8.250000000     0.018764911    -0.404361205     0.020959472
     8.260000000     0.017119292    -0.389475153     0.019831311
     8.270000000     0.015550152    -0.374657631     0.018719966
     8.280000000     0.014086022    -0.359943652     0.017626505
     8.290000000     0.012744646    -0.345389765     0.016549993
     8.300000000     0.011531009    -0.331044669     0.015486618
     8.310000000     0.010437699    -0.316930444     0.014430077
     8.320000000     0.009447586    -0.303037760     0.013373073
     8.330000000     0.008538189    -0.289335043     0.012309473
     8.340000000     0.007686671    -0.275785205     0.011236557
     8.350000000     0.006874326    -0.262353335     0.010156759
     8.360000000     0.006089664    -0.249002877     0.009078432
     8.370000000     0.005329657    -0.235698644     0.008015428
     8.380000000     0.004599279    -0.222411385     0.006985522
     8.390000000     0.003909991    -0.209113677     0.006007979
     8.400000000     0.003278230    -0.195781817     0.005100776
     8.410000000     0.002725291    -0.182402977     0.004278077
     8.420000000     0.002280229    -0.168972134     0.003548479
     8.430000000     0.001987607    -0.155480929     0.002914387
     8.440000000     0.001921977    -0.141908592     0.002372545
     8.450000000     0.002210698    -0.128219521     0.001915498
     8.460000000     0.003065605    -0.114368429     0.001533509
     8.470000000     0.004821668    -0.100308500     0.001216435
     8.480000000     0.007976678    -0.085995902     0.000955145
     8.490000000     0.013220404    -0.071391270     0.000742264
     8.500000000     0.021435745    -0.056463731     0.000572258
     8.510000000     0.033650739    -0.041201748     0.000441039
     8.520000000     0.050922287    -0.025634723     0.000345334
     8.530000000     0.074143427    -0.009872399     0.000282027
     8.540000000     0.103786971     0.005824971     0.000247638
     8.550000000     0.139626189     0.020924393     0.000237978
     8.560000000     0.180499947     0.034416616     0.000248022
     8.570000000     0.224203603     0.044510018     0.000271958
     8.580000000     0.267577224     0.048276039     0.000303445
     8.590000000     0.306824512     0.041560217     0.000336035
     8.600000000     0.338035363     0.019991614     0.000363738
     8.610000000     0.357819391    -0.017918924     0.000381635
     8.620000000     0.363910450    -0.066793546     0.000386422
     8.630000000     0.355593443    -0.114763419     0.000376762
     8.640000000     0.333842289    -0.150628789     0.000353329
     8.650000000     0.301132242    -0.170242585     0.000318537
     8.660000000     0.260976515    -0.175828109     0.000275986
     8.670000000     0.217307061    -0.171868730     0.000229774
     8.680000000     0.173849913    -0.162353982     0.000183811
     8.690000000     0.133629808    -0.150017494     0.000141282
     8.700000000     0.098687111    -0.136506931     0.000104336
     8.710000000     0.070023811    -0.122741870     0.000074032
     8.720000000     0.047737457    -0.109204118     0.000050470
     8.730000000     0.031268067    -0.096126431     0.000033058
     8.740000000     0.019677549    -0.083604667     0.000020804
     8.750000000     0.011897870    -0.071661704     0.000012579
     8.760000000     0.006911871    -0.060283110     0.000007307
     8.770000000     0.003857894    -0.049436762     0.000004079
     8.780000000     0.002068870    -0.039083483     0.000002187
     8.790000000     0.001065968    -0.029182683     0.000001127
     8.800000000     0.000527696    -0.019695213     0.000000558
     8.810000000     0.000250987    -0.010584704     0.000000265
     8.820000000     0.000114696    -0.001818066     0.000000121
     8.830000000     0.000050358     0.006634444     0.000000053
     8.840000000     0.000021243     0.014799385     0.000000022
     8.850000000     0.000008610     0.022700390     0.000000009
     8.860000000     0.000003353     0.030358462     0.000000004
     8.870000000     0.000001254     0.037792267     0.000000001
     8.880000000     0.000000451     0.045018413     0.000000000
     8.890000000     0.000000156     0.052051701     0.000000000
     8.900000000     0.000000052     0.058905352     0.000000000
     8.910000000     0.000000016     0.065591199     0.000000000
     8.920000000     0.000000005     0.072119866     0.000000000
     8.930000000     0.000000001     0.078500915     0.000000000
     8.940000000     0.000000000     0.084742975     0.000000000
     8.950000000     0.000000000     0.090853855     0.000000000
     8.960000000     0.000000000     0.096840644     0.000000000
     8.970000000     0.000000000     0.102709792     0.000000000
     8.980000000     0.000000000     0.108467185     0.000000000
     8.990000000     0.000000000     0.114118208     0.000000000
     9.000000000     0.000000000     0.119667801     0.000000000
     9.010000000     0.000000000     0.125120506     0.000000000
     9.020000000     0.000000000     0.130480513     0.000000000
     9.030000000     0.000000000     0.135751690     0.000000000
     9.040000000     0.000000000     0.140937622     0.000000000
     9.050000000     0.000000000     0.146041635     0.000000000
     9.060000000     0.000000000     0.151066824     0.000000000
     9.070000000     0.000000000     0.156016075     0.000000000
     9.080000000     0.000000000     0.160892082     0.000000000
     9.090000000     0.000000000     0.165697367     0.000000000
     9.100000000     0.000000000     0.170434294     0.000000000
     9.110000000     0.000000000     0.175105084     0.000000000
     9.120000000     0.000000000     0.179711827     0.000000000
     9.130000000     0.000000000     0.184256493     0.000000000
     9.140000000     0.000000000     0.188740940     0.000000000
     9.150000000     0.000000000     0.193166926     0.000000000
     9.160000000     0.000000000     0.197536117     0.000000000
     9.170000000     0.000000000     0.201850090     0.000000000
     9.180000000     0.000000000     0.206110343     0.000000000
     9.190000000     0.000000000     0.210318303     0.000000000
     9.200000000     0.000000000     0.214475325     0.000000000
     9.210000000     0.000000000     0.218582703     0.000000000
     9.220000000     0.000000000     0.222641670     0.000000000
     9.230000000     0.000000000     0.226653407     0.000000000
     9.240000000     0.000000000     0.230619040     0.000000000
     9.250000000     0.000000000     0.234539650     0.000000000
     9.260000000     0.000000000     0.238416272     0.000000000
     9.270000000     0.000000000     0.242249899     0.000000000
     9.280000000     0.000000000     0.246041486     0.000000000
     9.290000000     0.000000000     0.249791949     0.000000000
     9.300000000     0.000000000     0.253502172     0.000000000
     9.310000000     0.000000000     0.257173005     0.000000000
     9.320000000     0.000000000     0.260805266     0.000000000
     9.330000000     0.000000000     0.264399747     0.000000000
     9.340000000     0.000000000     0.267957212     0.000000000
     9.350000000     0.000000000     0.271478398     0.000000000
     9.360000000     0.000000000     0.274964020     0.000000000
     9.370000000     0.000000000     0.278414770     0.000000000
     9.380000000     0.000000000     0.281831316     0.000000000
     9.390000000     0.000000000     0.285214310     0.000000000
     9.400000000     0.000000000     0.288564382     0.000000000
     9.410000000     0.000000000     0.291882145     0.000000000
     9.420000000     0.000000000     0.295168197     0.000000000
     9.430000000     0.000000000     0.298423117     0.000000000
     9.440000000     0.000000000     0.301647474     0.000000000
     9.450000000     0.000000000     0.304841819     0.000000000
     9.460000000     0.000000000     0.308006694     0.000000000
     9.470000000     0.000000000     0.311142627     0.000000000
     9.480000000     0.000000001     0.314250138     0.000000000
     9.490000000     0.000000004     0.317329736     0.000000001
     9.500000000     0.000000010     0.320381924     0.000000004
     9.510000000     0.000000027     0.323407196     0.000000009
     9.520000000     0.000000066     0.326406042     0.000000023
     9.530000000     0.000000157     0.329378948     0.000000053
     9.540000000     0.000000357     0.332326395     0.000000121
     9.550000000     0.000000780     0.335248866     0.000000266
     9.560000000     0.000001640     0.338146841     0.000000559
     9.570000000     0.000003313     0.341020801     0.000001129
     9.580000000     0.000006429     0.343871229     0.000002191
     9.590000000     0.000011987     0.346698605     0.000004085
     9.600000000     0.000021474     0.349503407     0.000007317
     9.610000000     0.000036961     0.352286099     0.000012595
     9.620000000     0.000061122     0.355047116     0.000020828
     9.630000000     0.000097115     0.357786827     0.000033093
     9.640000000     0.000148253     0.360505481     0.000050519
     9.650000000     0.000217444     0.363203091     0.000074096
     9.660000000     0.000306422     0.365879237     0.000104417
     9.670000000     0.000414879     0.368532718     0.000141374
     9.680000000     0.000539697     0.371160967     0.000183907
     9.690000000     0.000674539     0.373759150     0.000229856
     9.700000000     0.000810014     0.376319052     0.000276021
     9.710000000     0.000934558     0.378828558     0.000318460
     9.720000000     0.001035973     0.381274026     0.000353018
     9.730000000     0.001103363     0.383648850     0.000375982
     9.740000000     0.001129059     0.385966207     0.000384738
     9.750000000     0.001110052     0.388261129     0.000378261
     9.760000000     0.001048571     0.390570654     0.000357311
     9.770000000     0.000951658     0.392911643     0.000324287
     9.780000000     0.000829836     0.395279668     0.000282775
     9.790000000     0.000695235     0.397661387     0.000236908
     9.800000000     0.000559628     0.400044138     0.000190699
     9.810000000     0.000432808     0.402419059     0.000147484
     9.820000000     0.000321602     0.404780810     0.000109589
     9.830000000     0.000229600     0.407126470     0.000078238
     9.840000000     0.000157490     0.409454589     0.000053666
     9.850000000     0.000103791     0.411764558     0.000035368
     9.860000000     0.000065720     0.414056232     0.000022395
     9.870000000     0.000039982     0.416329710     0.000013624
     9.880000000     0.000023370     0.418585219     0.000007964
     9.890000000     0.000013124     0.420823043     0.000004472
     9.900000000     0.000007082     0.423043488     0.000002413
     9.910000000     0.000003671     0.425246866     0.000001251
     9.920000000     0.000001829     0.427433478     0.000000623
     9.930000000     0.000000875     0.429603618     0.000000298
     9.940000000     0.000000402     0.431757564     0.000000137
     9.950000000     0.000000178     0.433895583     0.000000061
     9.960000000     0.000000075     0.436017925     0.000000026
     9.970000000     0.000000031     0.438124834     0.000000010
     9.980000000     0.000000012     0.440216538     0.000000004
     9.990000000     0.000000005     0.442293257     0.000000002
    10.000000000     0.000000002     0.444355201     0.000000001
    10.010000000     0.000000001     0.446402574     0.000000000
    10.020000000     0.000000000     0.448435570     0.000000000
    10.030000000     0.000000000     0.450454376     0.000000000
    10.040000000     0.000000000     0.452459175     0.000000000
    10.050000000     0.000000000     0.454450143     0.000000000
    10.060000000     0.000000000     0.456427450     0.000000000
    10.070000000     0.000000000     0.458391263     0.000000000
    10.080000000     0.000000000     0.460341742     0.000000000
    10.090000000     0.000000000     0.462279046     0.000000000
    10.100000000     0.000000000     0.464203328     0.000000000
    10.110000000     0.000000000     0.466114737     0.000000000
    10.120000000     0.000000000     0.468013420     0.000000000
    10.130000000     0.000000000     0.469899521     0.000000000
    10.140000000     0.000000000     0.471773178     0.000000000
    10.150000000     0.000000000     0.473634531     0.000000000
    10.160000000     0.000000000     0.475483712     0.000000000
    10.170000000     0.000000000     0.477320855     0.000000000
    10.180000000     0.000000000     0.479146087     0.000000000
    10.190000000     0.000000000     0.480959537     0.000000000
    10.200000000     0.000000000     0.482761329     0.000000000
    10.210000000     0.000000000     0.484551584     0.000000000
    10.220000000     0.000000000     0.486330424     0.000000000
    10.230000000     0.000000000     0.488097967     0.000000000
    10.240000000     0.000000000     0.489854329     0.000000000
    10.250000000     0.000000000     0.491599624     0.000000000
    10.260000000     0.000000000     0.493333964     0.000000000
    10.270000000     0.000000000     0.495057460     0.000000000
    10.280000000     0.000000000     0.496770222     0.000000000
    10.290000000     0.000000000     0.498472355     0.000000000
    10.300000000     0.000000000     0.500163966     0.000000000
    10.310000000     0.000000000     0.501845158     0.000000000
    10.320000000     0.000000000     0.503516034     0.000000000
    10.330000000     0.000000000     0.505176695     0.000000000
    10.340000000     0.000000000     0.506827239     0.000000000
    10.350000000     0.000000000     0.508467764     0.000000000
    10.360000000     0.000000000     0.510098367     0.000000000
    10.370000000     0.000000000     0.511719143     0.000000000
    10.380000000     0.000000000     0.513330185     0.000000000
    10.390000000     0.000000000     0.514931586     0.000000000
    10.400000000     0.000000000     0.516523437     0.000000000
    10.410000000     0.000000000     0.518105827     0.000000000
    10.420000000     0.000000000     0.519678844     0.000000000
    10.430000000     0.000000000     0.521242577     0.000000000
    10.440000000     0.000000000     0.522797111     0.000000000
    10.450000000     0.000000000     0.524342531     0.000000000
    10.460000000     0.000000000     0.525878920     0.000000000
    10.470000000     0.000000000     0.527406362     0.000000000
    10.480000000     0.000000000     0.528924938     0.000000000
    10.490000000     0.000000000     0.530434728     0.000000000
    10.500000000     0.000000000     0.531935812     0.000000000
    10.510000000     0.000000000     0.533428267     0.000000000
    10.520000000     0.000000000     0.534912172     0.000000000
    10.530000000     0.000000000     0.536387603     0.000000000
    10.540000000     0.000000000     0.537854635     0.000000000
    10.550000000     0.000000000     0.539313343     0.000000000
    10.560000000     0.000000000     0.540763799     0.000000000
    10.570000000     0.000000000     0.542206076     0.000000000
    10.580000000     0.000000000     0.543640247     0.000000000
    10.590000000     0.000000000     0.545066381     0.000000000
    10.600000000     0.000000000     0.546484549     0.000000000
    10.610000000     0.000000000     0.547894819     0.000000000
    10.620000000     0.000000000     0.549297259     0.000000000
    10.630000000     0.000000000     0.550691938     0.000000000
    10.640000000     0.000000000     0.552078920     0.000000000
    10.650000000     0.000000000     0.553458273     0.000000000
    10.660000000     0.000000000     0.554830060     0.000000000
    10.670000000     0.000000000     0.556194346     0.000000000
    10.680000000     0.000000000     0.557551194     0.000000000
    10.690000000     0.000000000     0.558900667     0.000000000
    10.700000000     0.000000000     0.560242826     0.000000000
    10.710000000     0.000000000     0.561577732     0.000000000
    10.720000000     0.000000000     0.562905446     0.000000000
    10.730000000     0.000000000     0.564226028     0.000000000
    10.740000000     0.000000000     0.565539536     0.000000000
    10.750000000     0.000000000     0.566846028     0.000000000
    10.760000000     0.000000000     0.568145562     0.000000000
    10.770000000     0.000000000     0.569438196     0.000000000
    10.780000000     0.000000000     0.570723985     0.000000000
    10.790000000     0.000000000     0.572002984     0.000000000
    10.800000000     0.000000000     0.573275250     0.000000000
    10.810000000     0.000000000     0.574540835     0.000000000
    10.820000000     0.000000000     0.575799795     0.000000000
    10.830000000     0.000000000     0.577052181     0.000000000
    10.840000000     0.000000000     0.578298048     0.000000000
    10.850000000     0.000000000     0.579537445     0.000000000
    10.860000000     0.000000000     0.580770425     0.000000000
    10.870000000     0.000000000     0.581997039     0.000000000
    10.880000000     0.000000000     0.583217337     0.000000000
    10.890000000     0.000000000     0.584431368     0.000000000
    10.900000000     0.000000000     0.585639182     0.000000000
    10.910000000     0.000000000     0.586840827     0.000000000
    10.920000000     0.000000000     0.588036351     0.000000000
    10.930000000     0.000000000     0.589225802     0.000000000
    10.940000000     0.000000000     0.590409227     0.000000000
    10.950000000     0.000000000     0.591586672     0.000000000
    10.960000000     0.000000000     0.592758183     0.000000000
    10.970000000     0.000000000     0.593923807     0.000000000
    10.980000000     0.000000000     0.595083587     0.000000000
    10.990000000     0.000000000     0.596237568     0.000000000
    11.000000000     0.000000000     0.597385795     0.000000000
