 # Column 1: omega
 # Column 2: eps2(omega)
 # Column 3: eps1(omega)
 # Column 4: JDOS(omega)
     0.000000000     0.000000000     3.939302385     0.000000000
     0.010000000     0.000000000     3.939314584     0.000000000
     0.020000000     0.000000000     3.939351179     0.000000000
     0.030000000     0.000000000     3.939412175     0.000000000
     0.040000000     0.000000000     3.939497575     0.000000000
     0.050000000     0.000000000     3.939607386     0.000000000
     0.060000000     0.000000000     3.939741614     0.000000000
     0.070000000     0.000000000     3.939900269     0.000000000
     0.080000000     0.000000000     3.940083363     0.000000000
     0.090000000     0.000000000     3.940290908     0.000000000
     0.100000000     0.000000000     3.940522918     0.000000000
     0.110000000     0.000000000     3.940779410     0.000000000
     0.120000000     0.000000000     3.941060401     0.000000000
     0.130000000     0.000000000     3.941365912     0.000000000
     0.140000000     0.000000000     3.941695964     0.000000000
     0.150000000     0.000000000     3.942050580     0.000000000
     0.160000000     0.000000000     3.942429784     0.000000000
     0.170000000     0.000000000     3.942833603     0.000000000
     0.180000000     0.000000000     3.943262067     0.000000000
     0.190000000     0.000000000     3.943715204     0.000000000
     0.200000000     0.000000000     3.944193048     0.000000000
     0.210000000     0.000000000     3.944695632     0.000000000
     0.220000000     0.000000000     3.945222991     0.000000000
     0.230000000     0.000000000     3.945775162     0.000000000
     0.240000000     0.000000000     3.946352187     0.000000000
     0.250000000     0.000000000     3.946954104     0.000000000
     0.260000000     0.000000000     3.947580958     0.000000000
     0.270000000     0.000000000     3.948232793     0.000000000
     0.280000000     0.000000000     3.948909656     0.000000000
     0.290000000     0.000000000     3.949611596     0.000000000
     0.300000000     0.000000000     3.950338664     0.000000000
     0.310000000     0.000000000     3.951090911     0.000000000
     0.320000000     0.000000000     3.951868393     0.000000000
     0.330000000     0.000000000     3.952671166     0.000000000
     0.340000000     0.000000000     3.953499289     0.000000000
     0.350000000     0.000000000     3.954352823     0.000000000
     0.360000000     0.000000000     3.955231829     0.000000000
     0.370000000     0.000000000     3.956136374     0.000000000
     0.380000000     0.000000000     3.957066523     0.000000000
     0.390000000     0.000000000     3.958022345     0.000000000
     0.400000000     0.000000000     3.959003913     0.000000000
     0.410000000     0.000000000     3.960011299     0.000000000
     0.420000000     0.000000000     3.961044579     0.000000000
     0.430000000     0.000000000     3.962103831     0.000000000
     0.440000000     0.000000000     3.963189134     0.000000000
     0.450000000     0.000000000     3.964300572     0.000000000
     0.460000000     0.000000000     3.965438229     0.000000000
     0.470000000     0.000000000     3.966602193     0.000000000
     0.480000000     0.000000000     3.967792552     0.000000000
     0.490000000     0.000000000     3.969009399     0.000000000
     0.500000000     0.000000000     3.970252829     0.000000000
     0.510000000     0.000000000     3.971522939     0.000000000
     0.520000000     0.000000000     3.972819828     0.000000000
     0.530000000     0.000000000     3.974143599     0.000000000
     0.540000000     0.000000000     3.975494357     0.000000000
     0.550000000     0.000000000     3.976872210     0.000000000
     0.560000000     0.000000000     3.978277268     0.000000000
     0.570000000     0.000000000     3.979709644     0.000000000
     0.580000000     0.000000000     3.981169456     0.000000000
     0.590000000     0.000000000     3.982656822     0.000000000
     0.600000000     0.000000000     3.984171864     0.000000000
     0.610000000     0.000000000     3.985714709     0.000000000
     0.620000000     0.000000000     3.987285484     0.000000000
     0.630000000     0.000000000     3.988884320     0.000000000
     0.640000000     0.000000000     3.990511354     0.000000000
     0.650000000     0.000000000     3.992166724     0.000000000
     0.660000000     0.000000000     3.993850570     0.000000000
     0.670000000     0.000000000     3.995563039     0.000000000
     0.680000000     0.000000000     3.997304278     0.000000000
     0.690000000     0.000000000     3.999074442     0.000000000
     0.700000000     0.000000000     4.000873686     0.000000000
     0.710000000     0.000000000     4.002702169     0.000000000
     0.720000000     0.000000000     4.004560058     0.000000000
     0.730000000     0.000000000     4.006447518     0.000000000
     0.740000000     0.000000000     4.008364723     0.000000000
     0.750000000     0.000000000     4.010311850     0.000000000
     0.760000000     0.000000000     4.012289078     0.000000000
     0.770000000     0.000000000     4.014296595     0.000000000
     0.780000000     0.000000000     4.016334590     0.000000000
     0.790000000     0.000000000     4.018403257     0.000000000
     0.800000000     0.000000000     4.020502798     0.000000000
     0.810000000     0.000000000     4.022633416     0.000000000
     0.820000000     0.000000000     4.024795321     0.000000000
     0.830000000     0.000000000     4.026988730     0.000000000
     0.840000000     0.000000000     4.029213864     0.000000000
     0.850000000     0.000000000     4.031470948     0.000000000
     0.860000000     0.000000000     4.033760216     0.000000000
     0.870000000     0.000000000     4.036081906     0.000000000
     0.880000000     0.000000000     4.038436264     0.000000000
     0.890000000     0.000000000     4.040823540     0.000000000
     0.900000000     0.000000000     4.043243994     0.000000000
     0.910000000     0.000000000     4.045697890     0.000000000
     0.920000000     0.000000000     4.048185501     0.000000000
     0.930000000     0.000000000     4.050707106     0.000000000
     0.940000000     0.000000000     4.053262993     0.000000000
     0.950000000     0.000000000     4.055853459     0.000000000
     0.960000000     0.000000000     4.058478806     0.000000000
     0.970000000     0.000000000     4.061139348     0.000000000
     0.980000000     0.000000000     4.063835406     0.000000000
     0.990000000     0.000000000     4.066567312     0.000000000
     1.000000000     0.000000000     4.069335405     0.000000000
     1.010000000     0.000000000     4.072140036     0.000000000
     1.020000000     0.000000000     4.074981568     0.000000000
     1.030000000     0.000000000     4.077860373     0.000000000
     1.040000000     0.000000000     4.080776833     0.000000000
     1.050000000     0.000000000     4.083731346     0.000000000
     1.060000000     0.000000000     4.086724319     0.000000000
     1.070000000     0.000000000     4.089756174     0.000000000
     1.080000000     0.000000000     4.092827346     0.000000000
     1.090000000     0.000000000     4.095938284     0.000000000
     1.100000000     0.000000000     4.099089453     0.000000000
     1.110000000     0.000000000     4.102281333     0.000000000
     1.120000000     0.000000000     4.105514419     0.000000000
     1.130000000     0.000000000     4.108789227     0.000000000
     1.140000000     0.000000000     4.112106287     0.000000000
     1.150000000     0.000000000     4.115466152     0.000000000
     1.160000000     0.000000000     4.118869392     0.000000000
     1.170000000     0.000000000     4.122316600     0.000000000
     1.180000000     0.000000000     4.125808391     0.000000000
     1.190000000     0.000000000     4.129345402     0.000000000
     1.200000000     0.000000000     4.132928298     0.000000000
     1.210000000     0.000000000     4.136557769     0.000000000
     1.220000000     0.000000000     4.140234530     0.000000000
     1.230000000     0.000000000     4.143959330     0.000000000
     1.240000000     0.000000000     4.147732947     0.000000000
     1.250000000     0.000000000     4.151556192     0.000000000
     1.260000000     0.000000000     4.155429912     0.000000000
     1.270000000     0.000000000     4.159354992     0.000000000
     1.280000000     0.000000000     4.163332355     0.000000000
     1.290000000     0.000000000     4.167362969     0.000000000
     1.300000000     0.000000000     4.171447845     0.000000000
     1.310000000     0.000000000     4.175588045     0.000000000
     1.320000000     0.000000000     4.179784682     0.000000000
     1.330000000     0.000000000     4.184038923     0.000000000
     1.340000000     0.000000000     4.188351997     0.000000000
     1.350000000     0.000000000     4.192725197     0.000000000
     1.360000000     0.000000000     4.197159882     0.000000000
     1.370000000     0.000000000     4.201657488     0.000000000
     1.380000000     0.000000000     4.206219531     0.000000000
     1.390000000     0.000000000     4.210847612     0.000000000
     1.400000000     0.000000000     4.215543425     0.000000000
     1.410000000     0.000000000     4.220308768     0.000000000
     1.420000000     0.000000001     4.225145544     0.000000001
     1.430000000     0.000000002     4.230055781     0.000000002
     1.440000000     0.000000006     4.235041631     0.000000005
     1.450000000     0.000000015     4.240105393     0.000000013
     1.460000000     0.000000037     4.245249516     0.000000031
     1.470000000     0.000000087     4.250476621     0.000000074
     1.480000000     0.000000196     4.255789513     0.000000166
     1.490000000     0.000000424     4.261191201     0.000000362
     1.500000000     0.000000880     4.266684917     0.000000757
     1.510000000     0.000001754     4.272274139     0.000001523
     1.520000000     0.000003360     4.277962616     0.000002948
     1.530000000     0.000006185     4.283754394     0.000005492
     1.540000000     0.000010938     4.289653850     0.000009844
     1.550000000     0.000018585     4.295665717     0.000016984
     1.560000000     0.000030342     4.301795122     0.000028211
     1.570000000     0.000047596     4.308047613     0.000045121
     1.580000000     0.000071739     4.314429181     0.000069507
     1.590000000     0.000103896     4.320946264     0.000103151
     1.600000000     0.000144584     4.327605720     0.000147509
     1.610000000     0.000193340     4.334414722     0.000203319
     1.620000000     0.000248450     4.341380569     0.000270182
     1.630000000     0.000306850     4.348510361     0.000346234
     1.640000000     0.000364339     4.355810674     0.000427985
     1.650000000     0.000416144     4.363287726     0.000510441
     1.660000000     0.000457857     4.370949275     0.000587552
     1.670000000     0.000486717     4.378809326     0.000652944
     1.680000000     0.000503237     4.386893156     0.000700866
     1.690000000     0.000513285     4.395235355     0.000727162
     1.700000000     0.000530929     4.403869921     0.000730109
     1.710000000     0.000582626     4.412823671     0.000710933
     1.720000000     0.000713531     4.422118786     0.000673919
     1.730000000     0.000996784     4.431778257     0.000626075
     1.740000000     0.001546332     4.441828853     0.000576431
     1.750000000     0.002533106     4.452301566     0.000535066
     1.760000000     0.004203068     4.463230651     0.000512048
     1.770000000     0.006893793     4.474651519     0.000516409
     1.780000000     0.011044190     4.486596896     0.000555310
     1.790000000     0.017190199     4.499089840     0.000633478
     1.800000000     0.025938650     4.512131092     0.000752991
     1.810000000     0.037912859     4.525676578     0.000913451
     1.820000000     0.053667739     4.539598916     0.001112549
     1.830000000     0.073579272     4.553626135     0.001346944
     1.840000000     0.097722298     4.567257858     0.001613378
     1.850000000     0.125759437     4.579686795     0.001909848
     1.860000000     0.156869603     4.589806918     0.002236688
     1.870000000     0.189743783     4.596394157     0.002597397
     1.880000000     0.222666531     4.598326645     0.002999106
     1.890000000     0.253684610     4.594513670     0.003452605
     1.900000000     0.280842838     4.583930831     0.003971890
     1.910000000     0.302447439     4.566817387     0.004573197
     1.920000000     0.317305585     4.546033511     0.005273504
     1.930000000     0.324890873     4.525820921     0.006088565
     1.940000000     0.325399241     4.508885219     0.007030601
     1.950000000     0.319684398     4.495780130     0.008105928
     1.960000000     0.309089544     4.486555595     0.009312874
     1.970000000     0.295214875     4.481568389     0.010640357
     1.980000000     0.279672101     4.480877954     0.012067393
     1.990000000     0.263875409     4.483597343     0.013563673
     2.000000000     0.248904558     4.488056280     0.015091157
     2.010000000     0.235455002     4.492741844     0.016606566
     2.020000000     0.223868341     4.497102975     0.018064617
     2.030000000     0.214219711     4.501434516     0.019421899
     2.040000000     0.206430409     4.506231686     0.020641272
     2.050000000     0.200374868     4.511861402     0.021696499
     2.060000000     0.195958964     4.518537409     0.022576578
     2.070000000     0.193158167     4.526205165     0.023288909
     2.080000000     0.192015395     4.534496593     0.023860278
     2.090000000     0.192607136     4.542995608     0.024334790
     2.100000000     0.194991257     4.551539975     0.024768427
     2.110000000     0.199151401     4.560191904     0.025220773
     2.120000000     0.204951821     4.568912175     0.025745315
     2.130000000     0.212113833     4.577306888     0.026380388
     2.140000000     0.220221026     4.584684235     0.027142899
     2.150000000     0.228755118     4.590328741     0.028026444
     2.160000000     0.237158178     4.593878267     0.029004355
     2.170000000     0.244910736     4.595613161     0.030036995
     2.180000000     0.251610742     4.596293533     0.031081591
     2.190000000     0.257036962     4.596639316     0.032102303
     2.200000000     0.261183164     4.597038648     0.033078343
     2.210000000     0.264256000     4.597803445     0.034008555
     2.220000000     0.266637968     4.599563768     0.034911827
     2.230000000     0.268824476     4.602992617     0.035823666
     2.240000000     0.271348233     4.608007621     0.036790053
     2.250000000     0.274703653     4.613531297     0.037860064
     2.260000000     0.279279415     4.618229153     0.039078785
     2.270000000     0.285301570     4.621508724     0.040481710
     2.280000000     0.292786002     4.623810105     0.042091289
     2.290000000     0.301500024     4.625983206     0.043915737
     2.300000000     0.310938265     4.628430472     0.045949703
     2.310000000     0.320324635     4.630674523     0.048176107
     2.320000000     0.328655309     4.631428807     0.050568392
     2.330000000     0.334793445     4.629063067     0.053092568
     2.340000000     0.337614035     4.622484841     0.055708737
     2.350000000     0.336180282     4.612092397     0.058372113
     2.360000000     0.329917672     4.599930785     0.061033807
     2.370000000     0.318745153     4.588781376     0.063641722
     2.380000000     0.303128389     4.581019120     0.066141871
     2.390000000     0.284037123     4.577969613     0.068480176
     2.400000000     0.262811923     4.579884793     0.070604615
     2.410000000     0.240967593     4.586300729     0.072467437
     2.420000000     0.219974588     4.596376651     0.074027188
     2.430000000     0.201062334     4.609078788     0.075250447
     2.440000000     0.185079921     4.623296065     0.076113411
     2.450000000     0.172433912     4.637957185     0.076603588
     2.460000000     0.163105037     4.652192093     0.076721765
     2.470000000     0.156730006     4.665454908     0.076484202
     2.480000000     0.152724482     4.677527305     0.075924549
     2.490000000     0.150419452     4.688453891     0.075094725
     2.500000000     0.149185093     4.698467616     0.074063894
     2.510000000     0.148522375     4.707939874     0.072914907
     2.520000000     0.148111081     4.717336040     0.071738150
     2.530000000     0.147812187     4.727087231     0.070623330
     2.540000000     0.147630962     4.737409949     0.069650344
     2.550000000     0.147653724     4.748281883     0.068880661
     2.560000000     0.147974856     4.759540378     0.068350641
     2.570000000     0.148631051     4.770887424     0.068067851
     2.580000000     0.149556724     4.781905613     0.068010881
     2.590000000     0.150568802     4.792204027     0.068132523
     2.600000000     0.151381934     4.801488607     0.068365642
     2.610000000     0.151648378     4.809569598     0.068630714
     2.620000000     0.151011935     4.816562770     0.068843903
     2.630000000     0.149163599     4.823054429     0.068924707
     2.640000000     0.145888071     4.829820657     0.068802400
     2.650000000     0.141094111     4.837353097     0.068420832
     2.660000000     0.134826249     4.845705418     0.067741341
     2.670000000     0.127259140     4.854714866     0.066743697
     2.680000000     0.118677865     4.864318057     0.065425124
     2.690000000     0.109447870     4.874729137     0.063797604
     2.700000000     0.099977912     4.886362483     0.061883866
     2.710000000     0.090679212     4.899533117     0.059712767
     2.720000000     0.081924725     4.914217486     0.057314901
     2.730000000     0.074013567     4.930084078     0.054719368
     2.740000000     0.067146319     4.946669211     0.051952369
     2.750000000     0.061416130     4.963535006     0.049037879
     2.760000000     0.056817683     4.980354856     0.046000072
     2.770000000     0.053271866     4.996913684     0.042866701
     2.780000000     0.050659517     5.013106319     0.039672290
     2.790000000     0.048854808     5.029021956     0.036460058
     2.800000000     0.047748851     5.044975120     0.033281800
     2.810000000     0.047257380     5.061307468     0.030195488
     2.820000000     0.047311879     5.078149047     0.027260985
     2.830000000     0.047839488     5.095404728     0.024534742
     2.840000000     0.048741159     5.112857543     0.022064603
     2.850000000     0.049878296     5.130178421     0.019885766
     2.860000000     0.051074988     5.146913624     0.018018607
     2.870000000     0.052137151     5.162656932     0.016468570
     2.880000000     0.052883492     5.177401446     0.015227796
     2.890000000     0.053178833     5.191728794     0.014277855
     2.900000000     0.052959472     5.206483770     0.013592793
     2.910000000     0.052243272     5.222203059     0.013141885
     2.920000000     0.051122542     5.238914684     0.012891715
     2.930000000     0.049743235     5.256341193     0.012807557
     2.940000000     0.048277400     5.274147599     0.012854245
     2.950000000     0.046896098     5.292083183     0.012996805
     2.960000000     0.045747641     5.310059868     0.013201091
     2.970000000     0.044942588     5.328188955     0.013434570
     2.980000000     0.044544412     5.346702726     0.013667239
     2.990000000     0.044564142     5.365764278     0.013872603
     3.000000000     0.044958637     5.385327096     0.014028567
     3.010000000     0.045634182     5.405161319     0.014118136
     3.020000000     0.046458283     5.424959819     0.014129819
     3.030000000     0.047281734     5.444413953     0.014057694
     3.040000000     0.047970212     5.463334538     0.013901160
     3.050000000     0.048440754     5.481865793     0.013664431
     3.060000000     0.048695167     5.500540584     0.013355922
     3.070000000     0.048841077     5.519949316     0.012987631
     3.080000000     0.049092746     5.540353267     0.012574638
     3.090000000     0.049747840     5.561708739     0.012134688
     3.100000000     0.051141895     5.583940941     0.011687762
     3.110000000     0.053588115     5.607019965     0.011255452
     3.120000000     0.057314569     5.630830171     0.010859986
     3.130000000     0.062412672     5.655098946     0.010522882
     3.140000000     0.068809125     5.679395861     0.010263347
     3.150000000     0.076268235     5.703105382     0.010096704
     3.160000000     0.084423915     5.725484598     0.010033165
     3.170000000     0.092832839     5.745964129     0.010077196
     3.180000000     0.101034974     5.764613959     0.010227623
     3.190000000     0.108607220     5.782372499     0.010478468
     3.200000000     0.115200554     5.800623731     0.010820427
     3.210000000     0.120559072     5.820312141     0.011242874
     3.220000000     0.124527040     5.841314206     0.011736182
     3.230000000     0.127053742     5.862567628     0.012294116
     3.240000000     0.128203686     5.882868760     0.012915886
     3.250000000     0.128172622     5.901920729     0.013607342
     3.260000000     0.127301635     5.920910470     0.014380829
     3.270000000     0.126076731     5.941785968     0.015253362
     3.280000000     0.125102821     5.965762013     0.016243231
     3.290000000     0.125048631     5.992699019     0.017365557
     3.300000000     0.126569428     6.021653874     0.018627771
     3.310000000     0.130222858     6.051610690     0.020026127
     3.320000000     0.136395952     6.081768917     0.021544192
     3.330000000     0.145257389     6.111505670     0.023153818
     3.340000000     0.156740755     6.140325531     0.024818498
     3.350000000     0.170555646     6.167889476     0.026498459
     3.360000000     0.186218084     6.194131561     0.028156501
     3.370000000     0.203091493     6.219322605     0.029763546
     3.380000000     0.220433577     6.243783118     0.031303033
     3.390000000     0.237449612     6.267405188     0.032773625
     3.400000000     0.253355287     6.289610890     0.034189991
     3.410000000     0.267450185     6.309839434     0.035581686
     3.420000000     0.279196533     6.327989198     0.036990290
     3.430000000     0.288290229     6.344575524     0.038465060
     3.440000000     0.294706357     6.360852386     0.040057521
     3.450000000     0.298703052     6.378640619     0.041815546
     3.460000000     0.300776271     6.399464452     0.043777635
     3.470000000     0.301571348     6.423693666     0.045968165
     3.480000000     0.301770442     6.450581968     0.048394261
     3.490000000     0.301982952     6.478959903     0.051044672
     3.500000000     0.302665540     6.507819493     0.053890701
     3.510000000     0.304089604     6.536581292     0.056888923
     3.520000000     0.306359832     6.565166648     0.059985263
     3.530000000     0.309472728     6.593794361     0.063120013
     3.540000000     0.313393375     6.622650319     0.066233416
     3.550000000     0.318125108     6.651886592     0.069271558
     3.560000000     0.323750817     6.681865919     0.072192168
     3.570000000     0.330434471     6.713133898     0.074969770
     3.580000000     0.338384050     6.746025404     0.077599361
     3.590000000     0.347788798     6.780348294     0.080097653
     3.600000000     0.358751345     6.815456418     0.082501133
     3.610000000     0.371236907     6.850584090     0.084860703
     3.620000000     0.385056988     6.885105189     0.087233544
     3.630000000     0.399894949     6.918505300     0.089673689
     3.640000000     0.415368326     6.950382842     0.092223449
     3.650000000     0.431111254     6.980731525     0.094907851
     3.660000000     0.446853361     7.010107176     0.097733668
     3.670000000     0.462471421     7.039394726     0.100693399
     3.680000000     0.477997185     7.069481771     0.103773158
     3.690000000     0.493577367     7.101011107     0.106962218
     3.700000000     0.509395910     7.134095678     0.110261397
     3.710000000     0.525579959     7.168240643     0.113687744
     3.720000000     0.542115809     7.202578793     0.117274033
     3.730000000     0.558797944     7.236093814     0.121063052
     3.740000000     0.575224434     7.267915358     0.125098150
     3.750000000     0.590839016     7.297807291     0.129412445
     3.760000000     0.605008612     7.326319872     0.134019367
     3.770000000     0.617118625     7.354401711     0.138906672
     3.780000000     0.626668573     7.382976466     0.144035043
     3.790000000     0.633356180     7.412696291     0.149341178
     3.800000000     0.637145679     7.443826000     0.154744283
     3.810000000     0.638321651     7.476422977     0.160154273
     3.820000000     0.637530275     7.510733997     0.165479893
     3.830000000     0.635804631     7.547385305     0.170635300
     3.840000000     0.634561806     7.587066480     0.175544199
     3.850000000     0.635551297     7.630080492     0.180141291
     3.860000000     0.640732033     7.676447170     0.184371427
     3.870000000     0.652063467     7.726411316     0.188187372
     3.880000000     0.671215998     7.780426140     0.191547399
     3.890000000     0.699234068     7.838310253     0.194413996
     3.900000000     0.736213741     7.898405651     0.196754685
     3.910000000     0.781074408     7.957557729     0.198545332
     3.920000000     0.831501473     8.011791630     0.199775475
     3.930000000     0.884108802     8.057071598     0.200454341
     3.940000000     0.934820613     8.089954339     0.200615657
     3.950000000     0.979415738     8.108720305     0.200319347
     3.960000000     1.014131319     8.115276880     0.199648827
     3.970000000     1.036204670     8.116312714     0.198703748
     3.980000000     1.044248482     8.121196187     0.197589295
     3.990000000     1.038400136     8.136913955     0.196404149
     4.000000000     1.020243656     8.164616410     0.195229626
     4.010000000     0.992552288     8.201008238     0.194122143
     4.020000000     0.958925371     8.242608561     0.193110230
     4.030000000     0.923391418     8.289177925     0.192196146
     4.040000000     0.890028056     8.343807843     0.191361142
     4.050000000     0.862623176     8.409556245     0.190572863
     4.060000000     0.844383238     8.486175448     0.189793376
     4.070000000     0.837689742     8.570253466     0.188986735
     4.080000000     0.843910733     8.657432836     0.188125532
     4.090000000     0.863283131     8.743999587     0.187196323
     4.100000000     0.894886164     8.827434548     0.186203927
     4.110000000     0.936722581     8.906360170     0.185174452
     4.120000000     0.985913122     8.979984007     0.184156661
     4.130000000     1.038994088     9.047618465     0.183221113
     4.140000000     1.092290964     9.108693992     0.182456657
     4.150000000     1.142325606     9.162831532     0.181964259
     4.160000000     1.186202997     9.210094648     0.181848748
     4.170000000     1.221919386     9.252117651     0.182209571
     4.180000000     1.248540193     9.293088778     0.183131995
     4.190000000     1.266215656     9.338439057     0.184680087
     4.200000000     1.276032800     9.391939742     0.186892400
     4.210000000     1.279737217     9.454439051     0.189780602
     4.220000000     1.279387050     9.524836465     0.193330582
     4.230000000     1.277014622     9.601196697     0.197504983
     4.240000000     1.274363213     9.681345675     0.202245861
     4.250000000     1.272739803     9.763529691     0.207476321
     4.260000000     1.272988375     9.847040321     0.213100447
     4.270000000     1.275555072     9.932356379     0.219001566
     4.280000000     1.280597066    10.020692959     0.225039583
     4.290000000     1.288086475    10.113347967     0.231048586
     4.300000000     1.297877100    10.211052829     0.236836081
     4.310000000     1.309727093    10.313381311     0.242185012
     4.320000000     1.323294811    10.418929505     0.246859290
     4.330000000     1.338139482    10.526508983     0.250613129
     4.340000000     1.353758603    10.636039966     0.253203999
     4.350000000     1.369681046    10.748015736     0.254408701
     4.360000000     1.385613791    10.862519535     0.254041652
     4.370000000     1.401618048    10.979494582     0.251973981
     4.380000000     1.418274453    11.099808553     0.248151507
     4.390000000     1.436791841    11.225335267     0.242609072
     4.400000000     1.459021242    11.358196798     0.235478537
     4.410000000     1.487353605    11.500261837     0.226987976
     4.420000000     1.524500977    11.652510606     0.217450624
     4.430000000     1.573180135    11.814262887     0.207243627
     4.440000000     1.635731154    11.983043026     0.196778493
     4.450000000     1.713711307    12.154972976     0.186466771
     4.460000000     1.807511056    12.326066475     0.176685489
     4.470000000     1.916048014    12.494402570     0.167747072
     4.480000000     2.036606456    12.660854275     0.159877656
     4.490000000     2.164896320    12.826496286     0.153206330
     4.500000000     2.295393031    12.988909012     0.147766044
     4.510000000     2.421975924    13.141693757     0.143505219
     4.520000000     2.538808109    13.277980406     0.140307631
     4.530000000     2.641312119    13.395607394     0.138017094
     4.540000000     2.727027000    13.501490518     0.136462947
     4.550000000     2.796119790    13.612136507     0.135482352
     4.560000000     2.851388761    13.747335383     0.134936119
     4.570000000     2.897728779    13.919351602     0.134716106
     4.580000000     2.941190879    14.127407929     0.134744170
     4.590000000     2.987901063    14.361747493     0.134964595
     4.600000000     3.043155103    14.610202842     0.135333501
     4.610000000     3.110952828    14.862384250     0.135809275
     4.620000000     3.194092422    15.112736632     0.136347353
     4.630000000     3.294761446    15.361956959     0.136900891
     4.640000000     3.415400220    15.615186194     0.137426647
     4.650000000     3.559528250    15.879604382     0.137893494
     4.660000000     3.732241187    16.163333013     0.138290178
     4.670000000     3.940194985    16.472484737     0.138629432
     4.680000000     4.191057375    16.806639448     0.138947037
     4.690000000     4.492571400    17.158697163     0.139296352
     4.700000000     4.851490021    17.520197205     0.139740322
     4.710000000     5.272668975    17.884900033     0.140343537
     4.720000000     5.758537504    18.245379800     0.141166430
     4.730000000     6.309024533    18.587442277     0.142262506
     4.740000000     6.921850115    18.892650665     0.143678057
     4.750000000     7.592962296    19.149983646     0.145452918
     4.760000000     8.316864430    19.365236906     0.147620583
     4.770000000     9.086661282    19.557824557     0.150206642
     4.780000000     9.893828764    19.744757960     0.153225555
     4.790000000    10.727910392    19.925086569     0.156676793
     4.800000000    11.576473302    20.076479180     0.160541909
     4.810000000    12.425649208    20.163363827     0.164783899
     4.820000000    13.261429100    20.158536511     0.169349397
     4.830000000    14.071628554    20.068787902     0.174173210
     4.840000000    14.848188996    19.934223486     0.179183869
     4.850000000    15.589322494    19.797854799     0.184308717
     4.860000000    16.300993515    19.681168092     0.189477474
     4.870000000    16.997351193    19.584384094     0.194624131
     4.880000000    17.699927457    19.500416100     0.199687883
     4.890000000    18.435638328    19.428750469     0.204614217
     4.900000000    19.233826653    19.377553618     0.209357014
     4.910000000    20.122750344    19.353761120     0.213881775
     4.920000000    21.126047217    19.351202207     0.218169134
     4.930000000    22.259778476    19.344935009     0.222217228
     4.940000000    23.530626609    19.295837214     0.226041504
     4.950000000    24.935650851    19.162430213     0.229671198
     4.960000000    26.463664631    18.911728921     0.233142812
     4.970000000    28.097841983    18.518968588     0.236491954
     4.980000000    29.818710885    17.962253706     0.239745555
     4.990000000    31.606428600    17.233967326     0.242916506
     5.000000000    33.441317853    16.363616955     0.246002184
     5.010000000    35.302134918    15.411247559     0.248987321
     5.020000000    37.162347894    14.421058551     0.251850560
     5.030000000    38.985579183    13.378328967     0.254573098
     5.040000000    40.721983793    12.211489699     0.257147241
     5.050000000    42.307411673    10.833520253     0.259582664
     5.060000000    43.666622622     9.181123680     0.261908707
     5.070000000    44.720709263     7.233433217     0.264171938
     5.080000000    45.397574661     5.025311391     0.266429400
     5.090000000    45.643244870     2.648337971     0.268738961
     5.100000000    45.431349393     0.230431294     0.271148818
     5.110000000    44.768443496    -2.086183450     0.273688196
     5.120000000    43.693871346    -4.171467201     0.276360821
     5.130000000    42.274241185    -5.949803773     0.279141879
     5.140000000    40.593864703    -7.422938460     0.281978424
     5.150000000    38.743326724    -8.645035764     0.284792692
     5.160000000    36.808514816    -9.678942940     0.287487651
     5.170000000    34.862003416   -10.567456338     0.289954241
     5.180000000    32.957886107   -11.325452705     0.292079863
     5.190000000    31.130278959   -11.952905684     0.293757655
     5.200000000    29.395016014   -12.459768895     0.294895824
     5.210000000    27.753636002   -12.879777053     0.295426075
     5.220000000    26.198603023   -13.256032050     0.295310023
     5.230000000    24.718732046   -13.611779217     0.294542669
     5.240000000    23.303924031   -13.937713622     0.293152466
     5.250000000    21.948519622   -14.204971475     0.291197994
     5.260000000    20.652855941   -14.385373957     0.288761768
     5.270000000    19.422958308   -14.461716375     0.285941950
     5.280000000    18.268679484   -14.430276975     0.282842919
     5.290000000    17.200928509   -14.302556185     0.279565711
     5.300000000    16.228806563   -14.106721530     0.276199457
     5.310000000    15.357417951   -13.883226882     0.272814976
     5.320000000    14.586853684   -13.669612669     0.269461566
     5.330000000    13.912440714   -13.483772108     0.266167585
     5.340000000    13.325952656   -13.322073027     0.262944708
     5.350000000    12.817226266   -13.170833336     0.259794880
     5.360000000    12.375600768   -13.015782183     0.256718240
     5.370000000    11.990782611   -12.846262847     0.253720005
     5.380000000    11.653042860   -12.661341151     0.250814540
     5.390000000    11.352945754   -12.474845693     0.248025638
     5.400000000    11.080970774   -12.310402303     0.245383097
     5.410000000    10.827376484   -12.187705502     0.242916738
     5.420000000    10.582490126   -12.110198217     0.240649727
     5.430000000    10.337378845   -12.064503247     0.238593251
     5.440000000    10.084668726   -12.031266561     0.236744197
     5.450000000     9.819201414   -11.995906729     0.235086611
     5.460000000     9.538275484   -11.952954966     0.233596596
     5.470000000     9.241376955   -11.903188659     0.232249312
     5.480000000     8.929492395   -11.846588191     0.231026052
     5.490000000     8.604246704   -11.779969347     0.229919400
     5.500000000     8.267165106   -11.701540047     0.228935001
     5.510000000     7.919309520   -11.615251996     0.228089617
     5.520000000     7.561403931   -11.530248804     0.227406299
     5.530000000     7.194388850   -11.455462248     0.226908470
     5.540000000     6.820189835   -11.390044401     0.226615059
     5.550000000     6.442400801   -11.317525234     0.226538439
     5.560000000     6.066597655   -11.215745906     0.226685958
     5.570000000     5.700107047   -11.073895755     0.227064572
     5.580000000     5.351222464   -10.896251700     0.227686972
     5.590000000     5.028030405   -10.693348479     0.228577006
     5.600000000     4.737128383   -10.475084698     0.229772247
     5.610000000     4.482549328   -10.250475103     0.231322274
     5.620000000     4.265148463   -10.028446229     0.233282332
     5.630000000     4.082582288    -9.816646773     0.235703083
     5.640000000     3.929855649    -9.620737574     0.238617986
     5.650000000     3.800275863    -9.444692477     0.242030159
     5.660000000     3.686567308    -9.289510346     0.245900472
     5.670000000     3.581884345    -9.151278892     0.250138296
     5.680000000     3.480514923    -9.022102052     0.254596011
     5.690000000     3.378173934    -8.893570793     0.259068167
     5.700000000     3.271913097    -8.760270931     0.263296193
     5.710000000     3.159784862    -8.621645688     0.266979500
     5.720000000     3.040457382    -8.481655618     0.269793498
     5.730000000     2.912967079    -8.346686882     0.271414292
     5.740000000     2.776718855    -8.222269588     0.271548505
     5.750000000     2.631729527    -8.109397594     0.269965197
     5.760000000     2.479000172    -8.002369980     0.266525486
     5.770000000     2.320838876    -7.890475933     0.261204932
     5.780000000     2.160960482    -7.763114648     0.254104222
     5.790000000     2.004260782    -7.614354647     0.245445406
     5.800000000     1.856270741    -7.444580345     0.235553456
     5.810000000     1.722400803    -7.259689924     0.224825746
     5.820000000     1.607149822    -7.068163371     0.213694313
     5.830000000     1.513459522    -6.877414313     0.202587041
     5.840000000     1.442348413    -6.691931270     0.191893684
     5.850000000     1.392880828    -6.513767508     0.181941223
     5.860000000     1.362445313    -6.343858245     0.172980744
     5.870000000     1.347254822    -6.183269412     0.165185625
     5.880000000     1.342950221    -6.033930051     0.158658805
     5.890000000     1.345188338    -5.897613896     0.153445879
     5.900000000     1.350118901    -5.773212398     0.149550584
     5.910000000     1.354691662    -5.656034252     0.146949860
     5.920000000     1.356776920    -5.541254689     0.145606597
     5.930000000     1.355121770    -5.426914816     0.145479036
     5.940000000     1.349193770    -5.313291086     0.146526444
     5.950000000     1.338977537    -5.201291841     0.148711065
     5.960000000     1.324785361    -5.091733717     0.151996604
     5.970000000     1.307122327    -4.985072730     0.156343807
     5.980000000     1.286617105    -4.881119522     0.161704084
     5.990000000     1.264002139    -4.778602336     0.168012494
     6.000000000     1.240111234    -4.675299140     0.175181588
     6.010000000     1.215863563    -4.569078948     0.183097540
     6.020000000     1.192218922    -4.458958990     0.191619505
     6.030000000     1.170111656    -4.345373070     0.200582528
     6.040000000     1.150389465    -4.229734139     0.209803683
     6.050000000     1.133789638    -4.113655012     0.219090650
     6.060000000     1.120975904    -3.998158357     0.228251768
     6.070000000     1.112637313    -3.883405933     0.237106620
     6.080000000     1.109624769    -3.768988984     0.245496328
     6.090000000     1.113081242    -3.654154046     0.253292773
     6.100000000     1.124516303    -3.537758438     0.260405871
     6.110000000     1.145787730    -3.418378267     0.266787899
     6.120000000     1.178979407    -3.294931526     0.272433786
     6.130000000     1.226197109    -3.167678904     0.277376581
     6.140000000     1.289330765    -3.038783213     0.281677932
     6.150000000     1.369842831    -2.911667259     0.285414433
     6.160000000     1.468631602    -2.789744729     0.288661852
     6.170000000     1.585987405    -2.675817673     0.291480051
     6.180000000     1.721619015    -2.572347649     0.293901673
     6.190000000     1.874694267    -2.481562430     0.295927089
     6.200000000     2.043830679    -2.404524290     0.297526802
     6.210000000     2.227000324    -2.339882178     0.298650863
     6.220000000     2.421375215    -2.284593123     0.299243317
     6.230000000     2.623214253    -2.237104902     0.299258648
     6.240000000     2.827945429    -2.199941059     0.298676891
     6.250000000     3.030590609    -2.179685119     0.297514497
     6.260000000     3.226593466    -2.185033280     0.295828960
     6.270000000     3.412953626    -2.223226913     0.293716450
     6.280000000     3.589387898    -2.295009149     0.291302950
     6.290000000     3.759104433    -2.389978992     0.288730568
     6.300000000     3.928760242    -2.486918423     0.286141543
     6.310000000     4.107317950    -2.562538367     0.283662959
     6.320000000     4.303809593    -2.603959562     0.281395082
     6.330000000     4.524378536    -2.616006515     0.279405606
     6.340000000     4.769288410    -2.619894392     0.277730777
     6.350000000     5.030740914    -2.646551464     0.276382869
     6.360000000     5.292254689    -2.728754212     0.275361869
     6.370000000     5.530022855    -2.893372098     0.274668160
     6.380000000     5.716168065    -3.154035033     0.274312688
     6.390000000     5.823294074    -3.505846357     0.274321682
     6.400000000     5.829351659    -3.923097166     0.274734432
     6.410000000     5.721716724    -4.360171003     0.275594458
     6.420000000     5.499561997    -4.760929158     0.276936159
     6.430000000     5.174036500    -5.079002562     0.278770308
     6.440000000     4.766315681    -5.294607546     0.281072107
     6.450000000     4.304084245    -5.413699164     0.283775060
     6.460000000     3.817322010    -5.455361256     0.286772598
     6.470000000     3.334310653    -5.440828153     0.289927772
     6.480000000     2.878584630    -5.388153259     0.293089572
     6.490000000     2.467204541    -5.310005941     0.296113046
     6.500000000     2.110359773    -5.213899371     0.298879474
     6.510000000     1.812018984    -5.104391562     0.301312680
     6.520000000     1.571203235    -4.985376238     0.303387993
     6.530000000     1.383460221    -4.861463215     0.305131661
     6.540000000     1.242226252    -4.737876450     0.306610292
     6.550000000     1.139912585    -4.619043468     0.307912187
     6.560000000     1.068687668    -4.507459283     0.309124494
     6.570000000     1.021012176    -4.404070457     0.310311611
     6.580000000     0.990011444    -4.309628843     0.311500360
     6.590000000     0.969752412    -4.225294544     0.312676042
     6.600000000     0.955452620    -4.151680173     0.313790606
     6.610000000     0.943610675    -4.087465468     0.314780722
     6.620000000     0.932028001    -4.029023161     0.315590467
     6.630000000     0.919697220    -3.971515850     0.316191961
     6.640000000     0.906559172    -3.911075151     0.316597901
     6.650000000     0.893166018    -3.846702525     0.316862598
     6.660000000     0.880316673    -3.780490880     0.317071739
     6.670000000     0.868740343    -3.716274778     0.317324421
     6.680000000     0.858889441    -3.657563619     0.317712884
     6.690000000     0.850869551    -3.605564711     0.318305292
     6.700000000     0.844493588    -3.558741810     0.319135078
     6.710000000     0.839413979    -3.514568267     0.320197790
     6.720000000     0.835271086    -3.471514845     0.321454031
     6.730000000     0.831800980    -3.429331702     0.322835845
     6.740000000     0.828866963    -3.388307764     0.324254025
     6.750000000     0.826408056    -3.348813216     0.325604880
     6.760000000     0.824325128    -3.311085893     0.326776301
     6.770000000     0.822344542    -3.274959928     0.327653818
     6.780000000     0.819906723    -3.240025330     0.328127318
     6.790000000     0.816122024    -3.206492864     0.328098403
     6.800000000     0.809819941    -3.175896653     0.327487366
     6.810000000     0.799693355    -3.150482484     0.326238200
     6.820000000     0.784512506    -3.131355052     0.324320184
     6.830000000     0.763361135    -3.116946610     0.321725534
     6.840000000     0.735837030    -3.103365661     0.318463961
     6.850000000     0.702165511    -3.086446298     0.314556077
     6.860000000     0.663196542    -3.063654800     0.310028016
     6.870000000     0.620287562    -3.034497853     0.304909136
     6.880000000     0.575104495    -2.999778449     0.299233368
     6.890000000     0.529392584    -2.960718669     0.293043364
     6.900000000     0.484770922    -2.918519214     0.286395487
     6.910000000     0.442590193    -2.874269206     0.279363472
     6.920000000     0.403868790    -2.828845810     0.272039196
     6.930000000     0.369297483    -2.782641734     0.264530221
     6.940000000     0.339285762    -2.735458797     0.256954965
     6.950000000     0.314018599    -2.686865055     0.249437086
     6.960000000     0.293500086    -2.636709568     0.242100583
     6.970000000     0.277575414    -2.585378504     0.235066434
     6.980000000     0.265938020    -2.533723796     0.228450536
     6.990000000     0.258138249    -2.482803830     0.222362020
     7.000000000     0.253610128    -2.433568219     0.216900771
     7.010000000     0.251724417    -2.386611951     0.212153553
     7.020000000     0.251862797    -2.342131858     0.208188976
     7.030000000     0.253495685    -2.299922395     0.205052408
     7.040000000     0.256240057    -2.259210527     0.202762261
     7.050000000     0.259876808    -2.218737062     0.201308703
     7.060000000     0.264319077    -2.177418281     0.200654988
     7.070000000     0.269539526    -2.134988812     0.200740535
     7.080000000     0.275479870    -2.091994117     0.201484266
     7.090000000     0.281974026    -2.049420312     0.202786806
     7.100000000     0.288713703    -2.008412076     0.204530939
     7.110000000     0.295272499    -1.969942796     0.206580953
     7.120000000     0.301185789    -1.934307879     0.208782596
     7.130000000     0.306065450    -1.900800237     0.210965787
     7.140000000     0.309717172    -1.867935000     0.212951729
     7.150000000     0.312227612    -1.834086767     0.214564768
     7.160000000     0.313998878    -1.798054550     0.215647639
     7.170000000     0.315724836    -1.759258432     0.216077273
     7.180000000     0.318321349    -1.717671217     0.215777756
     7.190000000     0.322834701    -1.673734287     0.214727420
     7.200000000     0.330355676    -1.628264189     0.212958508
     7.210000000     0.341960935    -1.582192620     0.210549678
     7.220000000     0.358692017    -1.536185293     0.207613323
     7.230000000     0.381570300    -1.490402139     0.204280597
     7.240000000     0.411637806    -1.444605278     0.200687011
     7.250000000     0.450010404    -1.398521284     0.196960534
     7.260000000     0.497929780    -1.352242638     0.193212931
     7.270000000     0.556799782    -1.306548066     0.189533929
     7.280000000     0.628188121    -1.262929418     0.185987361
     7.290000000     0.713766081    -1.223223078     0.182608624
     7.300000000     0.815151824    -1.189088522     0.179403469
     7.310000000     0.933625667    -1.161514331     0.176348828
     7.320000000     1.069706429    -1.140551176     0.173396657
     7.330000000     1.222619171    -1.125977394     0.170481425
     7.340000000     1.389739248    -1.119127639     0.167530982
     7.350000000     1.566148551    -1.124384350     0.164479419
     7.360000000     1.744464909    -1.148843567     0.161279728
     7.370000000     1.915085818    -1.200463689     0.157913769
     7.380000000     2.066916340    -1.285705283     0.154397572
     7.390000000     2.188539772    -1.406988402     0.150780994
     7.400000000     2.269667023    -1.560329458     0.147141937
     7.410000000     2.302604463    -1.734932910     0.143576439
     7.420000000     2.283443835    -1.915898510     0.140186539
     7.430000000     2.212718700    -2.087401055     0.137068020
     7.440000000     2.095382554    -2.234246868     0.134299931
     7.450000000     1.940113898    -2.345177467     0.131937345
     7.460000000     1.758100153    -2.417353260     0.130008290
     7.470000000     1.561554069    -2.455710560     0.128515179
     7.480000000     1.362248109    -2.468090538     0.127440377
     7.490000000     1.170312452    -2.461414138     0.126754855
     7.500000000     0.993451206    -2.440479043     0.126428139
     7.510000000     0.836621835    -2.408683514     0.126437344
     7.520000000     0.702127229    -2.369180893     0.126773006
     7.530000000     0.590009270    -2.325163554     0.127439984
     7.540000000     0.498612711    -2.279454320     0.128452726
     7.550000000     0.425200216    -2.234260316     0.129825631
     7.560000000     0.366528855    -2.191223429     0.131560481
     7.570000000     0.319330961    -2.151303074     0.133633867
     7.580000000     0.280669730    -2.114385170     0.135987669
     7.590000000     0.248160260    -2.079149118     0.138525095
     7.600000000     0.220061796    -2.043771183     0.141113597
     7.610000000     0.195259208    -2.007075784     0.143594535
     7.620000000     0.173161836    -1.969043689     0.145798067
     7.630000000     0.153554278    -1.930408374     0.147560712
     7.640000000     0.136434593    -1.892015652     0.148742610
     7.650000000     0.121869788    -1.854466254     0.149241678
     7.660000000     0.109887984    -1.818032902     0.149002649
     7.670000000     0.100414421    -1.782721534     0.148020099
     7.680000000     0.093248152    -1.748446272     0.146335817
     7.690000000     0.088070199    -1.715208046     0.144031869
     7.700000000     0.084472454    -1.683140037     0.141221169
     7.710000000     0.081998080    -1.652455095     0.138037295
     7.720000000     0.080186576    -1.623383586     0.134624682
     7.730000000     0.078618153    -1.596075399     0.131129614
     7.740000000     0.076952489    -1.570421522     0.127691839
     7.750000000     0.074956768    -1.545922645     0.124436494
     7.760000000     0.072518638    -1.521846043     0.121466330
     7.770000000     0.069641780    -1.497634709     0.118854685
     7.780000000     0.066425134    -1.473161260     0.116640100
     7.790000000     0.063030289    -1.448609768     0.114823589
     7.800000000     0.059643930    -1.424221603     0.113369241
     7.810000000     0.056442584    -1.400152950     0.112208403
     7.820000000     0.053565451    -1.376442710     0.111247093
     7.830000000     0.051098371    -1.353033469     0.110375947
     7.840000000     0.049069184    -1.329861853     0.109481791
     7.850000000     0.047452685    -1.306961662     0.108459785
     7.860000000     0.046182277    -1.284465973     0.107224955
     7.870000000     0.045165264    -1.262513972     0.105721706
     7.880000000     0.044298995    -1.241152552     0.103929808
     7.890000000     0.043485555    -1.220296644     0.101865489
     7.900000000     0.042643244    -1.199770711     0.099576840
     7.910000000     0.041713703    -1.179399479     0.097133807
     7.920000000     0.040664335    -1.159085668     0.094614234
     7.930000000     0.039486459    -1.138838744     0.092088607
     7.940000000     0.038190300    -1.118725300     0.089606672
     7.950000000     0.036798287    -1.098764757     0.087188913
     7.960000000     0.035338143    -1.078885173     0.084824801
     7.970000000     0.033836986    -1.058995454     0.082478075
     7.980000000     0.032317260    -1.039059176     0.080097563
     7.990000000     0.030794885    -1.019088397     0.077630707
     8.000000000     0.029279607    -0.999121376     0.075036406
     8.010000000     0.027777141    -0.979206639     0.072294207
     8.020000000     0.026292323    -0.959359737     0.069408089
     8.030000000     0.024832249    -0.939524090     0.066404613
     8.040000000     0.023408347    -0.919597515     0.063326676
     8.050000000     0.022036612    -0.899499195     0.060224990
     8.060000000     0.020735806    -0.879199049     0.057149616
     8.070000000     0.019524131    -0.858705175     0.054143423
     8.080000000     0.018415388    -0.838050091     0.051238507
     8.090000000     0.017415872    -0.817277261     0.048455674
     8.100000000     0.016522996    -0.796417592     0.045806299
     8.110000000     0.015726056    -0.775472399     0.043295464
     8.120000000     0.015008870    -0.754414153     0.040925149
     8.130000000     0.014353429    -0.733193680     0.038696525
     8.140000000     0.013743472    -0.711754047     0.036610806
     8.150000000     0.013167027    -0.690051554     0.034668653
     8.160000000     0.012617381    -0.668059355     0.032868585
     8.170000000     0.012092503    -0.645749635     0.031205166
     8.180000000     0.011593444    -0.623081223     0.029667758
     8.190000000     0.011122537    -0.600010190     0.028240462
     8.200000000     0.010682212    -0.576509342     0.026903433
     8.210000000     0.010274951    -0.552573233     0.025635302
     8.220000000     0.009904453    -0.528197896     0.024416087
     8.230000000     0.009577531    -0.503346339     0.023229760
     8.240000000     0.009305894    -0.477932854     0.022065789
     8.250000000     0.009106802    -0.451847976     0.020919248
     8.260000000     0.009001806    -0.424997057     0.019789559
     8.270000000     0.009013233    -0.397313302     0.018678305
     8.280000000     0.009158765    -0.368748307     0.017586823
     8.290000000     0.009445090    -0.339259349     0.016514288
     8.300000000     0.009862073    -0.308800587     0.015456843
     8.310000000     0.010379052    -0.277318551     0.014407975
     8.320000000     0.010944631    -0.244749419     0.013360001
     8.330000000     0.011490702    -0.211011607     0.012306247
     8.340000000     0.011940584    -0.175995649     0.011243327
     8.350000000     0.012220245    -0.139557243     0.010172953
     8.360000000     0.012270890    -0.101505510     0.009102803
     8.370000000     0.012061235    -0.061579055     0.008046205
     8.380000000     0.011598789    -0.019425136     0.007020655
     8.390000000     0.010941894     0.025376329     0.006045438
     8.400000000     0.010218329     0.073231630     0.005138844
     8.410000000     0.009661963     0.124471104     0.004315548
     8.420000000     0.009686091     0.179372884     0.003584735
     8.430000000     0.011019337     0.238235110     0.002949314
     8.440000000     0.014935096     0.301435256     0.002406347
     8.450000000     0.023603291     0.369455500     0.001948446
     8.460000000     0.040576711     0.442868296     0.001565728
     8.470000000     0.071385021     0.522291051     0.001247779
     8.480000000     0.124142310     0.608338128     0.000985188
     8.490000000     0.209982973     0.701572029     0.000770396
     8.500000000     0.343046561     0.802414176     0.000597843
     8.510000000     0.539676103     0.910961441     0.000463571
     8.520000000     0.816531625     1.026637393     0.000364543
     8.530000000     1.187501245     1.147557078     0.000297919
     8.540000000     1.659630227     1.269393339     0.000260456
     8.550000000     2.228730835     1.383401851     0.000248121
     8.560000000     2.875751435     1.473141872     0.000255938
     8.570000000     3.565188199     1.509579971     0.000278063
     8.580000000     4.246647582     1.445543721     0.000308063
     8.590000000     4.860045758     1.214785381     0.000339386
     8.600000000     5.343967061     0.749198613     0.000365954
     8.610000000     5.645675716     0.029259665     0.000382798
     8.620000000     5.730553409    -0.854275781     0.000386613
     8.630000000     5.588632465    -1.711825275     0.000376090
     8.640000000     5.236520631    -2.370917152     0.000351948
     8.650000000     4.714203666    -2.772290316     0.000316641
     8.660000000     4.077576338    -2.954271119     0.000273793
     8.670000000     3.388629508    -2.987840513     0.000227496
     8.680000000     2.705666727    -2.934996156     0.000181631
     8.690000000     2.075643369    -2.837876423     0.000139332
     8.700000000     1.529887138    -2.721777297     0.000102695
     8.710000000     1.083413573    -2.600786620     0.000072724
     8.720000000     0.737152549    -2.482276765     0.000049481
     8.730000000     0.481890863    -2.369806847     0.000032347
     8.740000000     0.302669203    -2.264842450     0.000020316
     8.750000000     0.182648451    -2.167734518     0.000012260
     8.760000000     0.105899029    -2.078265128     0.000007108
     8.770000000     0.058992416    -1.995947600     0.000003960
     8.780000000     0.031573927    -1.920189058     0.000002119
     8.790000000     0.016236382    -1.850376438     0.000001090
     8.800000000     0.008021916    -1.785920048     0.000000538
     8.810000000     0.003807985    -1.726273774     0.000000256
     8.820000000     0.001736763    -1.670942585     0.000000117
     8.830000000     0.000761051    -1.619483332     0.000000051
     8.840000000     0.000320417    -1.571502157     0.000000022
     8.850000000     0.000129612    -1.526650390     0.000000009
     8.860000000     0.000050374    -1.484619917     0.000000003
     8.870000000     0.000018810    -1.445138576     0.000000001
     8.880000000     0.000006748    -1.407965831     0.000000000
     8.890000000     0.000002326    -1.372888848     0.000000000
     8.900000000     0.000000770    -1.339718998     0.000000000
     8.910000000     0.000000245    -1.308288794     0.000000000
     8.920000000     0.000000075    -1.278449202     0.000000000
     8.930000000     0.000000022    -1.250067327     0.000000000
     8.940000000     0.000000006    -1.223024390     0.000000000
     8.950000000     0.000000002    -1.197213989     0.000000000
     8.960000000     0.000000000    -1.172540590     0.000000000
     8.970000000     0.000000000    -1.148918223     0.000000000
     8.980000000     0.000000000    -1.126269352     0.000000000
     8.990000000     0.000000000    -1.104523896     0.000000000
     9.000000000     0.000000000    -1.083618372     0.000000000
     9.010000000     0.000000000    -1.063495158     0.000000000
     9.020000000     0.000000000    -1.044101842     0.000000000
     9.030000000     0.000000000    -1.025390659     0.000000000
     9.040000000     0.000000000    -1.007317996     0.000000000
     9.050000000     0.000000000    -0.989843954     0.000000000
     9.060000000     0.000000000    -0.972931967     0.000000000
     9.070000000     0.000000000    -0.956548468     0.000000000
     9.080000000     0.000000000    -0.940662586     0.000000000
     9.090000000     0.000000000    -0.925245886     0.000000000
     9.100000000     0.000000000    -0.910272132     0.000000000
     9.110000000     0.000000000    -0.895717084     0.000000000
     9.120000000     0.000000000    -0.881558310     0.000000000
     9.130000000     0.000000000    -0.867775020     0.000000000
     9.140000000     0.000000000    -0.854347921     0.000000000
     9.150000000     0.000000000    -0.841259083     0.000000000
     9.160000000     0.000000000    -0.828491823     0.000000000
     9.170000000     0.000000000    -0.816030596     0.000000000
     9.180000000     0.000000000    -0.803860900     0.000000000
     9.190000000     0.000000000    -0.791969190     0.000000000
     9.200000000     0.000000000    -0.780342801     0.000000000
     9.210000000     0.000000000    -0.768969876     0.000000000
     9.220000000     0.000000000    -0.757839300     0.000000000
     9.230000000     0.000000000    -0.746940649     0.000000000
     9.240000000     0.000000000    -0.736264129     0.000000000
     9.250000000     0.000000000    -0.725800533     0.000000000
     9.260000000     0.000000000    -0.715541197     0.000000000
     9.270000000     0.000000000    -0.705477960     0.000000000
     9.280000000     0.000000000    -0.695603125     0.000000000
     9.290000000     0.000000000    -0.685909429     0.000000000
     9.300000000     0.000000000    -0.676390011     0.000000000
     9.310000000     0.000000000    -0.667038385     0.000000000
     9.320000000     0.000000000    -0.657848414     0.000000000
     9.330000000     0.000000000    -0.648814284     0.000000000
     9.340000000     0.000000000    -0.639930486     0.000000000
     9.350000000     0.000000000    -0.631191795     0.000000000
     9.360000000     0.000000000    -0.622593250     0.000000000
     9.370000000     0.000000000    -0.614130137     0.000000000
     9.380000000     0.000000000    -0.605797976     0.000000000
     9.390000000     0.000000000    -0.597592504     0.000000000
     9.400000000     0.000000000    -0.589509662     0.000000000
     9.410000000     0.000000000    -0.581545582     0.000000000
     9.420000000     0.000000000    -0.573696577     0.000000000
     9.430000000     0.000000000    -0.565959127     0.000000000
     9.440000000     0.000000000    -0.558329873     0.000000000
     9.450000000     0.000000000    -0.550805606     0.000000000
     9.460000000     0.000000000    -0.543383256     0.000000000
     9.470000000     0.000000000    -0.536059887     0.000000000
     9.480000000     0.000000001    -0.528832687     0.000000001
     9.490000000     0.000000002    -0.521698961     0.000000002
     9.500000000     0.000000005    -0.514656127     0.000000004
     9.510000000     0.000000013    -0.507701707     0.000000011
     9.520000000     0.000000032    -0.500833320     0.000000027
     9.530000000     0.000000076    -0.494048678     0.000000063
     9.540000000     0.000000171    -0.487345582     0.000000142
     9.550000000     0.000000371    -0.480721914     0.000000308
     9.560000000     0.000000773    -0.474175634     0.000000643
     9.570000000     0.000001550    -0.467704775     0.000001289
     9.580000000     0.000002984    -0.461307440     0.000002481
     9.590000000     0.000005520    -0.454981799     0.000004591
     9.600000000     0.000009812    -0.448726086     0.000008160
     9.610000000     0.000016758    -0.442538602     0.000013937
     9.620000000     0.000027497    -0.436417719     0.000022868
     9.630000000     0.000043350    -0.430361895     0.000036052
     9.640000000     0.000065662    -0.424369694     0.000054608
     9.650000000     0.000095559    -0.418439840     0.000079472
     9.660000000     0.000133616    -0.412571301     0.000111121
     9.670000000     0.000179503    -0.406763449     0.000149283
     9.680000000     0.000231693    -0.401016321     0.000192687
     9.690000000     0.000287330    -0.395331008     0.000238958
     9.700000000     0.000342357    -0.389710105     0.000284720
     9.710000000     0.000391927    -0.384157790     0.000325945
     9.720000000     0.000431081    -0.378678446     0.000358508
     9.730000000     0.000455555    -0.373272613     0.000378862
     9.740000000     0.000462542    -0.367931989     0.000384672
     9.750000000     0.000451222    -0.362640284     0.000375258
     9.760000000     0.000422919    -0.357382542     0.000351720
     9.770000000     0.000380848    -0.352152949     0.000316732
     9.780000000     0.000329515    -0.346953633     0.000274041
     9.790000000     0.000273922    -0.341789419     0.000227807
     9.800000000     0.000218780    -0.336664450     0.000181948
     9.810000000     0.000167886    -0.331581293     0.000139622
     9.820000000     0.000123780    -0.326541176     0.000102942
     9.830000000     0.000087683    -0.321544444     0.000072921
     9.840000000     0.000059677    -0.316590919     0.000049630
     9.850000000     0.000039024    -0.311680139     0.000032454
     9.860000000     0.000024518    -0.306811490     0.000020390
     9.870000000     0.000014800    -0.301984290     0.000012308
     9.880000000     0.000008583    -0.297197831     0.000007138
     9.890000000     0.000004783    -0.292451400     0.000003978
     9.900000000     0.000002561    -0.287744296     0.000002130
     9.910000000     0.000001317    -0.283075833     0.000001095
     9.920000000     0.000000651    -0.278445341     0.000000541
     9.930000000     0.000000309    -0.273852175     0.000000257
     9.940000000     0.000000141    -0.269295706     0.000000117
     9.950000000     0.000000062    -0.264775326     0.000000051
     9.960000000     0.000000026    -0.260290444     0.000000022
     9.970000000     0.000000011    -0.255840489     0.000000009
     9.980000000     0.000000004    -0.251424905     0.000000003
     9.990000000     0.000000002    -0.247043153     0.000000001
    10.000000000     0.000000001    -0.242694711     0.000000000
    10.010000000     0.000000000    -0.238379067     0.000000000
    10.020000000     0.000000000    -0.234095727     0.000000000
    10.030000000     0.000000000    -0.229844209     0.000000000
    10.040000000     0.000000000    -0.225624043     0.000000000
    10.050000000     0.000000000    -0.221434772     0.000000000
    10.060000000     0.000000000    -0.217275949     0.000000000
    10.070000000     0.000000000    -0.213147140     0.000000000
    10.080000000     0.000000000    -0.209047920     0.000000000
    10.090000000     0.000000000    -0.204977876     0.000000000
    10.100000000     0.000000000    -0.200936604     0.000000000
    10.110000000     0.000000000    -0.196923708     0.000000000
    10.120000000     0.000000000    -0.192938803     0.000000000
    10.130000000     0.000000000    -0.188981513     0.000000000
    10.140000000     0.000000000    -0.185051468     0.000000000
    10.150000000     0.000000000    -0.181148310     0.000000000
    10.160000000     0.000000000    -0.177271686     0.000000000
    10.170000000     0.000000000    -0.173421252     0.000000000
    10.180000000     0.000000000    -0.169596671     0.000000000
    10.190000000     0.000000000    -0.165797613     0.000000000
    10.200000000     0.000000000    -0.162023755     0.000000000
    10.210000000     0.000000000    -0.158274782     0.000000000
    10.220000000     0.000000000    -0.154550383     0.000000000
    10.230000000     0.000000000    -0.150850257     0.000000000
    10.240000000     0.000000000    -0.147174105     0.000000000
    10.250000000     0.000000000    -0.143521638     0.000000000
    10.260000000     0.000000000    -0.139892569     0.000000000
    10.270000000     0.000000000    -0.136286620     0.000000000
    10.280000000     0.000000000    -0.132703516     0.000000000
    10.290000000     0.000000000    -0.129142990     0.000000000
    10.300000000     0.000000000    -0.125604776     0.000000000
    10.310000000     0.000000000    -0.122088618     0.000000000
    10.320000000     0.000000000    -0.118594261     0.000000000
    10.330000000     0.000000000    -0.115121457     0.000000000
    10.340000000     0.000000000    -0.111669961     0.000000000
    10.350000000     0.000000000    -0.108239534     0.000000000
    10.360000000     0.000000000    -0.104829941     0.000000000
    10.370000000     0.000000000    -0.101440951     0.000000000
    10.380000000     0.000000000    -0.098072338     0.000000000
    10.390000000     0.000000000    -0.094723877     0.000000000
    10.400000000     0.000000000    -0.091395352     0.000000000
    10.410000000     0.000000000    -0.088086546     0.000000000
    10.420000000     0.000000000    -0.084797249     0.000000000
    10.430000000     0.000000000    -0.081527254     0.000000000
    10.440000000     0.000000000    -0.078276356     0.000000000
    10.450000000     0.000000000    -0.075044355     0.000000000
    10.460000000     0.000000000    -0.071831055     0.000000000
    10.470000000     0.000000000    -0.068636261     0.000000000
    10.480000000     0.000000000    -0.065459784     0.000000000
    10.490000000     0.000000000    -0.062301435     0.000000000
    10.500000000     0.000000000    -0.059161032     0.000000000
    10.510000000     0.000000000    -0.056038392     0.000000000
    10.520000000     0.000000000    -0.052933338     0.000000000
    10.530000000     0.000000000    -0.049845694     0.000000000
    10.540000000     0.000000000    -0.046775288     0.000000000
    10.550000000     0.000000000    -0.043721950     0.000000000
    10.560000000     0.000000000    -0.040685514     0.000000000
    10.570000000     0.000000000    -0.037665814     0.000000000
    10.580000000     0.000000000    -0.034662689     0.000000000
    10.590000000     0.000000000    -0.031675980     0.000000000
    10.600000000     0.000000000    -0.028705530     0.000000000
    10.610000000     0.000000000    -0.025751183     0.000000000
    10.620000000     0.000000000    -0.022812789     0.000000000
    10.630000000     0.000000000    -0.019890197     0.000000000
    10.640000000     0.000000000    -0.016983260     0.000000000
    10.650000000     0.000000000    -0.014091832     0.000000000
    10.660000000     0.000000000    -0.011215771     0.000000000
    10.670000000     0.000000000    -0.008354934     0.000000000
    10.680000000     0.000000000    -0.005509183     0.000000000
    10.690000000     0.000000000    -0.002678382     0.000000000
    10.700000000     0.000000000     0.000137606     0.000000000
    10.710000000     0.000000000     0.002938913     0.000000000
    10.720000000     0.000000000     0.005725671     0.000000000
    10.730000000     0.000000000     0.008498008     0.000000000
    10.740000000     0.000000000     0.011256053     0.000000000
    10.750000000     0.000000000     0.013999931     0.000000000
    10.760000000     0.000000000     0.016729766     0.000000000
    10.770000000     0.000000000     0.019445681     0.000000000
    10.780000000     0.000000000     0.022147795     0.000000000
    10.790000000     0.000000000     0.024836229     0.000000000
    10.800000000     0.000000000     0.027511099     0.000000000
    10.810000000     0.000000000     0.030172520     0.000000000
    10.820000000     0.000000000     0.032820609     0.000000000
    10.830000000     0.000000000     0.035455476     0.000000000
    10.840000000     0.000000000     0.038077233     0.000000000
    10.850000000     0.000000000     0.040685990     0.000000000
    10.860000000     0.000000000     0.043281855     0.000000000
    10.870000000     0.000000000     0.045864936     0.000000000
    10.880000000     0.000000000     0.048435337     0.000000000
    10.890000000     0.000000000     0.050993162     0.000000000
    10.900000000     0.000000000     0.053538515     0.000000000
    10.910000000     0.000000000     0.056071496     0.000000000
    10.920000000     0.000000000     0.058592207     0.000000000
    10.930000000     0.000000000     0.061100746     0.000000000
    10.940000000     0.000000000     0.063597210     0.000000000
    10.950000000     0.000000000     0.066081696     0.000000000
    10.960000000     0.000000000     0.068554300     0.000000000
    10.970000000     0.000000000     0.071015115     0.000000000
    10.980000000     0.000000000     0.073464235     0.000000000
    10.990000000     0.000000000     0.075901751     0.000000000
    11.000000000     0.000000000     0.078327753     0.000000000
