 # Column 1: omega
 # Column 2: eps2(omega)
 # Column 3: eps1(omega)
 # Column 4: JDOS(omega)
     0.000000000     0.000000000     2.136391673     0.000000000
     0.010000000     0.000000000     2.136401134     0.000000000
     0.020000000     0.000000000     2.136429520     0.000000000
     0.030000000     0.000000000     2.136476836     0.000000000
     0.040000000     0.000000000     2.136543094     0.000000000
     0.050000000     0.000000000     2.136628306     0.000000000
     0.060000000     0.000000000     2.136732494     0.000000000
     0.070000000     0.000000000     2.136855678     0.000000000
     0.080000000     0.000000000     2.136997887     0.000000000
     0.090000000     0.000000000     2.137159151     0.000000000
     0.100000000     0.000000000     2.137339507     0.000000000
     0.110000000     0.000000000     2.137538995     0.000000000
     0.120000000     0.000000000     2.137757657     0.000000000
     0.130000000     0.000000000     2.137995544     0.000000000
     0.140000000     0.000000000     2.138252708     0.000000000
     0.150000000     0.000000000     2.138529206     0.000000000
     0.160000000     0.000000000     2.138825101     0.000000000
     0.170000000     0.000000000     2.139140458     0.000000000
     0.180000000     0.000000000     2.139475348     0.000000000
     0.190000000     0.000000000     2.139829848     0.000000000
     0.200000000     0.000000000     2.140204036     0.000000000
     0.210000000     0.000000000     2.140597999     0.000000000
     0.220000000     0.000000000     2.141011825     0.000000000
     0.230000000     0.000000000     2.141445611     0.000000000
     0.240000000     0.000000000     2.141899454     0.000000000
     0.250000000     0.000000000     2.142373460     0.000000000
     0.260000000     0.000000000     2.142867738     0.000000000
     0.270000000     0.000000000     2.143382404     0.000000000
     0.280000000     0.000000000     2.143917578     0.000000000
     0.290000000     0.000000000     2.144473385     0.000000000
     0.300000000     0.000000000     2.145049956     0.000000000
     0.310000000     0.000000000     2.145647429     0.000000000
     0.320000000     0.000000000     2.146265945     0.000000000
     0.330000000     0.000000000     2.146905654     0.000000000
     0.340000000     0.000000000     2.147566709     0.000000000
     0.350000000     0.000000000     2.148249271     0.000000000
     0.360000000     0.000000000     2.148953506     0.000000000
     0.370000000     0.000000000     2.149679588     0.000000000
     0.380000000     0.000000000     2.150427696     0.000000000
     0.390000000     0.000000000     2.151198017     0.000000000
     0.400000000     0.000000000     2.151990743     0.000000000
     0.410000000     0.000000000     2.152806074     0.000000000
     0.420000000     0.000000000     2.153644219     0.000000000
     0.430000000     0.000000000     2.154505392     0.000000000
     0.440000000     0.000000000     2.155389816     0.000000000
     0.450000000     0.000000000     2.156297719     0.000000000
     0.460000000     0.000000000     2.157229342     0.000000000
     0.470000000     0.000000000     2.158184931     0.000000000
     0.480000000     0.000000000     2.159164739     0.000000000
     0.490000000     0.000000000     2.160169033     0.000000000
     0.500000000     0.000000000     2.161198083     0.000000000
     0.510000000     0.000000000     2.162252172     0.000000000
     0.520000000     0.000000000     2.163331593     0.000000000
     0.530000000     0.000000000     2.164436646     0.000000000
     0.540000000     0.000000000     2.165567643     0.000000000
     0.550000000     0.000000000     2.166724906     0.000000000
     0.560000000     0.000000000     2.167908769     0.000000000
     0.570000000     0.000000000     2.169119576     0.000000000
     0.580000000     0.000000000     2.170357682     0.000000000
     0.590000000     0.000000000     2.171623456     0.000000000
     0.600000000     0.000000000     2.172917278     0.000000000
     0.610000000     0.000000000     2.174239541     0.000000000
     0.620000000     0.000000000     2.175590651     0.000000000
     0.630000000     0.000000000     2.176971028     0.000000000
     0.640000000     0.000000000     2.178381106     0.000000000
     0.650000000     0.000000000     2.179821336     0.000000000
     0.660000000     0.000000000     2.181292180     0.000000000
     0.670000000     0.000000000     2.182794121     0.000000000
     0.680000000     0.000000000     2.184327653     0.000000000
     0.690000000     0.000000000     2.185893291     0.000000000
     0.700000000     0.000000000     2.187491568     0.000000000
     0.710000000     0.000000000     2.189123032     0.000000000
     0.720000000     0.000000000     2.190788254     0.000000000
     0.730000000     0.000000000     2.192487822     0.000000000
     0.740000000     0.000000000     2.194222348     0.000000000
     0.750000000     0.000000000     2.195992462     0.000000000
     0.760000000     0.000000000     2.197798820     0.000000000
     0.770000000     0.000000000     2.199642099     0.000000000
     0.780000000     0.000000000     2.201523002     0.000000000
     0.790000000     0.000000000     2.203442257     0.000000000
     0.800000000     0.000000000     2.205400618     0.000000000
     0.810000000     0.000000000     2.207398868     0.000000000
     0.820000000     0.000000000     2.209437818     0.000000000
     0.830000000     0.000000000     2.211518311     0.000000000
     0.840000000     0.000000000     2.213641221     0.000000000
     0.850000000     0.000000000     2.215807453     0.000000000
     0.860000000     0.000000000     2.218017951     0.000000000
     0.870000000     0.000000000     2.220273693     0.000000000
     0.880000000     0.000000000     2.222575694     0.000000000
     0.890000000     0.000000000     2.224925012     0.000000000
     0.900000000     0.000000000     2.227322744     0.000000000
     0.910000000     0.000000000     2.229770033     0.000000000
     0.920000000     0.000000000     2.232268068     0.000000000
     0.930000000     0.000000000     2.234818085     0.000000000
     0.940000000     0.000000000     2.237421373     0.000000000
     0.950000000     0.000000000     2.240079273     0.000000000
     0.960000000     0.000000000     2.242793184     0.000000000
     0.970000000     0.000000000     2.245564562     0.000000000
     0.980000000     0.000000000     2.248394928     0.000000000
     0.990000000     0.000000000     2.251285868     0.000000000
     1.000000000     0.000000000     2.254239038     0.000000000
     1.010000000     0.000000000     2.257256166     0.000000000
     1.020000000     0.000000000     2.260339059     0.000000000
     1.030000000     0.000000000     2.263489606     0.000000000
     1.040000000     0.000000000     2.266709781     0.000000000
     1.050000000     0.000000000     2.270001652     0.000000000
     1.060000000     0.000000000     2.273367382     0.000000000
     1.070000000     0.000000000     2.276809238     0.000000000
     1.080000000     0.000000000     2.280329596     0.000000000
     1.090000000     0.000000000     2.283930948     0.000000000
     1.100000000     0.000000000     2.287615909     0.000000000
     1.110000000     0.000000000     2.291387223     0.000000000
     1.120000000     0.000000000     2.295247776     0.000000000
     1.130000000     0.000000000     2.299200600     0.000000000
     1.140000000     0.000000000     2.303248885     0.000000000
     1.150000000     0.000000000     2.307395990     0.000000000
     1.160000000     0.000000000     2.311645453     0.000000000
     1.170000000     0.000000000     2.316001004     0.000000000
     1.180000000     0.000000000     2.320466578     0.000000000
     1.190000000     0.000000000     2.325046329     0.000000000
     1.200000000     0.000000000     2.329744649     0.000000000
     1.210000000     0.000000000     2.334566178     0.000000000
     1.220000000     0.000000000     2.339515831     0.000000000
     1.230000000     0.000000000     2.344598811     0.000000000
     1.240000000     0.000000000     2.349820636     0.000000000
     1.250000000     0.000000000     2.355187160     0.000000000
     1.260000000     0.000000000     2.360704603     0.000000000
     1.270000000     0.000000000     2.366379574     0.000000000
     1.280000000     0.000000000     2.372219110     0.000000000
     1.290000000     0.000000000     2.378230704     0.000000000
     1.300000000     0.000000000     2.384422350     0.000000000
     1.310000000     0.000000000     2.390802580     0.000000000
     1.320000000     0.000000000     2.397380511     0.000000000
     1.330000000     0.000000000     2.404165901     0.000000000
     1.340000000     0.000000000     2.411169202     0.000000000
     1.350000000     0.000000000     2.418401624     0.000000000
     1.360000000     0.000000000     2.425875207     0.000000000
     1.370000000     0.000000000     2.433602898     0.000000000
     1.380000000     0.000000000     2.441598638     0.000000000
     1.390000000     0.000000000     2.449877460     0.000000000
     1.400000000     0.000000000     2.458455599     0.000000000
     1.410000000     0.000000000     2.467350613     0.000000000
     1.420000000     0.000000001     2.476581521     0.000000001
     1.430000000     0.000000001     2.486168959     0.000000002
     1.440000000     0.000000004     2.496135349     0.000000005
     1.450000000     0.000000010     2.506505106     0.000000012
     1.460000000     0.000000024     2.517304851     0.000000029
     1.470000000     0.000000057     2.528563673     0.000000069
     1.480000000     0.000000131     2.540313410     0.000000156
     1.490000000     0.000000288     2.552588983     0.000000341
     1.500000000     0.000000610     2.565428771     0.000000715
     1.510000000     0.000001243     2.578875036     0.000001444
     1.520000000     0.000002440     2.592974419     0.000002803
     1.530000000     0.000004617     2.607778505     0.000005238
     1.540000000     0.000008422     2.623344468     0.000009418
     1.550000000     0.000014819     2.639735822     0.000016299
     1.560000000     0.000025181     2.657023277     0.000027155
     1.570000000     0.000041395     2.675285724     0.000043564
     1.580000000     0.000066031     2.694611360     0.000067311
     1.590000000     0.000102725     2.715098976     0.000100190
     1.600000000     0.000157185     2.736859393     0.000143698
     1.610000000     0.000239684     2.760017071     0.000198646
     1.620000000     0.000370853     2.784711845     0.000264738
     1.630000000     0.000594053     2.811100759     0.000340230
     1.640000000     0.000999944     2.839360009     0.000421753
     1.650000000     0.001771928     2.869687140     0.000504415
     1.660000000     0.003264447     2.902304035     0.000582218
     1.670000000     0.006128331     2.937461146     0.000648776
     1.680000000     0.011495712     2.975441363     0.000698254
     1.690000000     0.021227932     3.016558995     0.000726348
     1.700000000     0.038209191     3.061152471     0.000731136
     1.710000000     0.066634553     3.109573666     0.000713631
     1.720000000     0.112196687     3.162164012     0.000677919
     1.730000000     0.182032985     3.219193280     0.000630852
     1.740000000     0.284274676     3.280744290     0.000581361
     1.750000000     0.427068483     3.346520788     0.000539492
     1.760000000     0.617040347     3.415510528     0.000515340
     1.770000000     0.857340636     3.485379476     0.000518015
     1.780000000     1.145618663     3.551414755     0.000554780
     1.790000000     1.472453423     3.604793351     0.000630478
     1.800000000     1.820830278     3.630093224     0.000747303
     1.810000000     2.167128587     3.602792971     0.000904966
     1.820000000     2.483757921     3.489984323     0.001101242
     1.830000000     2.743118742     3.261483579     0.001332850
     1.840000000     2.922110753     2.916521207     0.001596549
     1.850000000     3.006140331     2.508457505     0.001890309
     1.860000000     2.991615116     2.126798597     0.002214377
     1.870000000     2.886278998     1.839714783     0.002572103
     1.880000000     2.707325979     1.662082523     0.002970413
     1.890000000     2.477836873     1.571276497     0.003419858
     1.900000000     2.222499313     1.533094867     0.003934199
     1.910000000     1.963667007     1.516484396     0.004529487
     1.920000000     1.718585235     1.501729008     0.005222636
     1.930000000     1.498171976     1.484755069     0.006029495
     1.940000000     1.307273569     1.472875401     0.006962580
     1.950000000     1.145967359     1.472886713     0.008028703
     1.960000000     1.011342143     1.483487041     0.009226857
     1.970000000     0.899239682     1.498309043     0.010546731
     1.980000000     0.805612409     1.512610314     0.011968150
     1.990000000     0.727351505     1.526384435     0.013461564
     2.000000000     0.662597276     1.542993631     0.014989568
     2.010000000     0.610633907     1.565654476     0.016509301
     2.020000000     0.571502454     1.595031066     0.017975605
     2.030000000     0.545465240     1.629544718     0.019344817
     2.040000000     0.532444326     1.666618518     0.020579092
     2.050000000     0.531545518     1.703074695     0.021651021
     2.060000000     0.540764246     1.735222643     0.022548015
     2.070000000     0.556942219     1.759431126     0.023275633
     2.080000000     0.575999215     1.772850532     0.023858825
     2.090000000     0.593406753     1.773555755     0.024340188
     2.100000000     0.604812471     1.760572299     0.024774849
     2.110000000     0.606682921     1.735574779     0.025222413
     2.120000000     0.596823007     1.705092888     0.025737333
     2.130000000     0.574658334     1.678713085     0.026359736
     2.140000000     0.541225836     1.663622640     0.027108841
     2.150000000     0.498890908     1.661538385     0.027980662
     2.160000000     0.450873352     1.670114101     0.028950615
     2.170000000     0.400700624     1.685717452     0.029980466
     2.180000000     0.351706625     1.705350808     0.031027954
     2.190000000     0.306662180     1.727474364     0.032056829
     2.200000000     0.267574432     1.751837972     0.033045118
     2.210000000     0.235645140     1.778613599     0.033989953
     2.220000000     0.211346237     1.807557176     0.034908293
     2.230000000     0.194560652     1.837754743     0.035833805
     2.240000000     0.184743529     1.867863562     0.036810955
     2.250000000     0.181075071     1.896561343     0.037887803
     2.260000000     0.182592276     1.923010346     0.039109008
     2.270000000     0.188297428     1.947131648     0.040510228
     2.280000000     0.197245521     1.969473383     0.042114622
     2.290000000     0.208613067     1.990672558     0.043931529
     2.300000000     0.221750106     2.010914551     0.045956981
     2.310000000     0.236217728     2.029910350     0.048175335
     2.320000000     0.251815068     2.047434747     0.050561308
     2.330000000     0.268601111     2.063822092     0.053081839
     2.340000000     0.286915665     2.079796078     0.055697499
     2.350000000     0.307399073     2.095839460     0.058363498
     2.360000000     0.331001600     2.111794839     0.061030558
     2.370000000     0.358963323     2.127004476     0.063645994
     2.380000000     0.392738067     2.140827525     0.066155226
     2.390000000     0.433836102     2.153180730     0.068503726
     2.400000000     0.483574101     2.164728520     0.070639221
     2.410000000     0.542747671     2.176323909     0.072513829
     2.420000000     0.611275733     2.187643002     0.074085912
     2.430000000     0.687895792     2.196096196     0.075321624
     2.440000000     0.770001098     2.197123889     0.076196352
     2.450000000     0.853694849     2.185426385     0.076696382
     2.460000000     0.934092213     2.156320077     0.076821003
     2.470000000     1.005838954     2.107227624     0.076584957
     2.480000000     1.063755578     2.039441674     0.076020699
     2.490000000     1.103479564     1.959325542     0.075179621
     2.500000000     1.121978852     1.876727962     0.074131279
     2.510000000     1.117847314     1.800040483     0.072959964
     2.520000000     1.091352807     1.732299305     0.071758456
     2.530000000     1.044268637     1.672288616     0.070619547
     2.540000000     0.979559521     1.618421073     0.069626476
     2.550000000     0.901003677     1.571128705     0.068843795
     2.560000000     0.812816927     1.532635555     0.068310181
     2.570000000     0.719316119     1.505435253     0.068034356
     2.580000000     0.624633051     1.490966806     0.067994716
     2.590000000     0.532476645     1.488935246     0.068142572
     2.600000000     0.445941502     1.497331748     0.068408326
     2.610000000     0.367368851     1.513241601     0.068709490
     2.620000000     0.298272419     1.533849976     0.068959305
     2.630000000     0.239340594     1.556980076     0.069074830
     2.640000000     0.190516523     1.581131830     0.068983637
     2.650000000     0.151143531     1.605334863     0.068628612
     2.660000000     0.120150520     1.629014692     0.067970632
     2.670000000     0.096245823     1.651880732     0.066989171
     2.680000000     0.078090105     1.673825168     0.065681002
     2.690000000     0.064427812     1.694853542     0.064057349
     2.700000000     0.054168766     1.715050883     0.062139971
     2.710000000     0.046422903     1.734531636     0.059956831
     2.720000000     0.040499069     1.753347117     0.057538110
     2.730000000     0.035882000     1.771439184     0.054913314
     2.740000000     0.032200706     1.788705260     0.052110026
     2.750000000     0.029197636     1.805115214     0.049154474
     2.760000000     0.026703242     1.820769439     0.046073634
     2.770000000     0.024616216     1.835837224     0.042898171
     2.780000000     0.022887023     1.850458812     0.039665217
     2.790000000     0.021501642     1.864730279     0.036420033
     2.800000000     0.020463549     1.878729482     0.033215785
     2.810000000     0.019774173     1.892496832     0.030111191
     2.820000000     0.019414357     1.906006947     0.027166335
     2.830000000     0.019330831     1.919176251     0.024437434
     2.840000000     0.019431680     1.931875406     0.021971659
     2.850000000     0.019593097     1.943935288     0.019803080
     2.860000000     0.019676824     1.955190408     0.017950502
     2.870000000     0.019554526     1.965595881     0.016417450
     2.880000000     0.019133033     1.975361708     0.015194005
     2.890000000     0.018373798     1.984932819     0.014259807
     2.900000000     0.017301424     1.994747200     0.013587371
     2.910000000     0.015999146     2.005000096     0.013145030
     2.920000000     0.014592778     2.015635171     0.012899070
     2.930000000     0.013227538     2.026483383     0.012815044
     2.940000000     0.012043470     2.037379662     0.012858462
     2.950000000     0.011154607     2.048207286     0.012995226
     2.960000000     0.010635123     2.058899005     0.013192085
     2.970000000     0.010513271     2.069427036     0.013417298
     2.980000000     0.010772031     2.079791897     0.013641502
     2.990000000     0.011354481     2.090004005     0.013838687
     3.000000000     0.012172113     2.100057884     0.013987121
     3.010000000     0.013115076     2.109914882     0.014070081
     3.020000000     0.014064140     2.119504217     0.014076281
     3.030000000     0.014904432     2.128751122     0.013999949
     3.040000000     0.015540642     2.137641783     0.013840574
     3.050000000     0.015912615     2.146281341     0.013602395
     3.060000000     0.016009417     2.154869165     0.013293781
     3.070000000     0.015879411     2.163598492     0.012926611
     3.080000000     0.015633919     2.172584906     0.012515779
     3.090000000     0.015442417     2.181878623     0.012078790
     3.100000000     0.015518069     2.191508793     0.011635357
     3.110000000     0.016093381     2.201489081     0.011206797
     3.120000000     0.017387159     2.211787517     0.010815102
     3.130000000     0.019565644     2.222314223     0.010481605
     3.140000000     0.022702830     2.232931484     0.010225404
     3.150000000     0.026747038     2.243457157     0.010061786
     3.160000000     0.031502055     2.253653990     0.010000971
     3.170000000     0.036630672     2.263218145     0.010047439
     3.180000000     0.041685354     2.271781465     0.010199979
     3.190000000     0.046165315     2.278943026     0.010452486
     3.200000000     0.049592390     2.284400805     0.010795415
     3.210000000     0.051591953     2.288293184     0.011217789
     3.220000000     0.051961949     2.291522620     0.011709564
     3.230000000     0.050714416     2.295452188     0.012264085
     3.240000000     0.048079736     2.301077843     0.012880210
     3.250000000     0.044472603     2.308620791     0.013563584
     3.260000000     0.040427630     2.317790409     0.014326549
     3.270000000     0.036518788     2.328168020     0.015186356
     3.280000000     0.033278939     2.339378476     0.016161773
     3.290000000     0.031133436     2.351112588     0.017268622
     3.300000000     0.030356606     2.363120768     0.018515205
     3.310000000     0.031054049     2.375200803     0.019898731
     3.320000000     0.033168760     2.387160664     0.021403704
     3.330000000     0.036506125     2.398768800     0.023002771
     3.340000000     0.040771752     2.409746698     0.024659970
     3.350000000     0.045616094     2.419852829     0.026335729
     3.360000000     0.050680403     2.429036737     0.027992667
     3.370000000     0.055639065     2.437503762     0.029601148
     3.380000000     0.060234043     2.445552674     0.031143742
     3.390000000     0.064298070     2.453401424     0.032618038
     3.400000000     0.067764508     2.461253285     0.034037559
     3.410000000     0.070663474     2.469351671     0.035430791
     3.420000000     0.073105508     2.477814734     0.036838444
     3.430000000     0.075255597     2.486576735     0.038309209
     3.440000000     0.077301504     2.495586993     0.039894403
     3.450000000     0.079421051     2.504938780     0.041642061
     3.460000000     0.081753159     2.514738637     0.043591191
     3.470000000     0.084377018     2.524908126     0.045766985
     3.480000000     0.087302559     2.535141418     0.048177643
     3.490000000     0.090473528     2.545044811     0.050813216
     3.500000000     0.093782119     2.554351654     0.053646509
     3.510000000     0.097091915     2.563096087     0.056635766
     3.520000000     0.100264437     2.571608136     0.059728667
     3.530000000     0.103184265     2.580265611     0.062867201
     3.540000000     0.105778555     2.589229758     0.065993032
     3.550000000     0.108028326     2.598427425     0.069053115
     3.560000000     0.109970567     2.607735905     0.072005222
     3.570000000     0.111691645     2.617148062     0.074822890
     3.580000000     0.113313490     2.626810602     0.077499044
     3.590000000     0.114974862     2.636964089     0.080047389
     3.600000000     0.116810803     2.647794426     0.082500825
     3.610000000     0.118934039     2.659269560     0.084906620
     3.620000000     0.121422291     2.671122588     0.087318867
     3.630000000     0.124314642     2.682996472     0.089789602
     3.640000000     0.127618237     2.694623794     0.092360576
     3.650000000     0.131323900     2.705932927     0.095057779
     3.660000000     0.135426637     2.717050889     0.097890237
     3.670000000     0.139945379     2.728237385     0.100853506
     3.680000000     0.144936282     2.739759389     0.103936895
     3.690000000     0.150495465     2.751727370     0.107132329
     3.700000000     0.156749708     2.764028417     0.110442151
     3.710000000     0.163836384     2.776440777     0.113883450
     3.720000000     0.171876121     2.788806288     0.117487485
     3.730000000     0.180942931     2.801077149     0.121294218
     3.740000000     0.191036786     2.813198576     0.125343347
     3.750000000     0.202063106     2.824987542     0.129664178
     3.760000000     0.213822603     2.836166262     0.134266847
     3.770000000     0.226013782     2.846460787     0.139136919
     3.780000000     0.238249219     2.855618258     0.144234346
     3.790000000     0.250085831     2.863438315     0.149496657
     3.800000000     0.261068527     2.869967479     0.154845272
     3.810000000     0.270785596     2.875662380     0.160193331
     3.820000000     0.278932182     2.881131937     0.165453340
     3.830000000     0.285374821     2.886616154     0.170543269
     3.840000000     0.290205371     2.891865224     0.175390261
     3.850000000     0.293768496     2.896660087     0.179931784
     3.860000000     0.296645620     2.901475149     0.184114632
     3.870000000     0.299583071     2.907572361     0.187892704
     3.880000000     0.303363906     2.916330672     0.191224786
     3.890000000     0.308640177     2.928333060     0.194073575
     3.900000000     0.315759775     2.942901154     0.196406907
     3.910000000     0.324632556     2.958277199     0.198201423
     3.920000000     0.334678068     2.972119769     0.199448090
     3.930000000     0.344879926     2.982086939     0.200158097
     3.940000000     0.353943748     2.986604654     0.200367187
     3.950000000     0.360525500     2.985726694     0.200136572
     3.960000000     0.363476090     2.981516447     0.199549313
     3.970000000     0.362043888     2.977424543     0.198702308
     3.980000000     0.355991313     2.976817790     0.197695255
     3.990000000     0.345608783     2.981423958     0.196618935
     4.000000000     0.331638711     2.990753155     0.195545336
     4.010000000     0.315143068     3.002971909     0.194521595
     4.020000000     0.297354065     3.016495495     0.193568633
     4.030000000     0.279539259     3.031156708     0.192684108
     4.040000000     0.262896211     3.048119715     0.191848381
     4.050000000     0.248476133     3.068592144     0.191031803
     4.060000000     0.237127323     3.092670688     0.190201892
     4.070000000     0.229449486     3.119398765     0.189329572
     4.080000000     0.225756517     3.147484944     0.188394324
     4.090000000     0.226052902     3.175755219     0.187388486
     4.100000000     0.230033065     3.203262278     0.186320946
     4.110000000     0.237111633     3.229348258     0.185220116
     4.120000000     0.246486854     3.253722330     0.184135677
     4.130000000     0.257231781     3.276441763     0.183138311
     4.140000000     0.268401347     3.297741024     0.182316794
     4.150000000     0.279139809     3.317810686     0.181772263
     4.160000000     0.288772707     3.336759299     0.181610166
     4.170000000     0.296870097     3.354902206     0.181931045
     4.180000000     0.303272522     3.373058330     0.182821616
     4.190000000     0.308077231     3.392305399     0.184347562
     4.200000000     0.311588719     3.413367594     0.186549034
     4.210000000     0.314243562     3.436378904     0.189439133
     4.220000000     0.316523623     3.461094813     0.193004902
     4.230000000     0.318872804     3.487083193     0.197209817
     4.240000000     0.321630468     3.513840447     0.201996436
     4.250000000     0.324989929     3.540968957     0.207288049
     4.260000000     0.328984721     3.568311846     0.212988629
     4.270000000     0.333500231     3.595931964     0.218981091
     4.280000000     0.338305066     3.623982673     0.225124574
     4.290000000     0.343095375     3.652586401     0.231251935
     4.300000000     0.347545607     3.681738981     0.237168817
     4.310000000     0.351359961     3.711255420     0.242655441
     4.320000000     0.354319433     3.740950956     0.247471905
     4.330000000     0.356319891     3.771073891     0.251367300
     4.340000000     0.357397471     3.802503351     0.254092562
     4.350000000     0.357739176     3.836276548     0.255416612
     4.360000000     0.357678720     3.872851380     0.255144985
     4.370000000     0.357679703     3.911966634     0.253139581
     4.380000000     0.358309299     3.953149937     0.249337593
     4.390000000     0.360205483     3.996171442     0.243767006
     4.400000000     0.364039691     4.041169013     0.236555766
     4.410000000     0.370475611     4.088562329     0.227931938
     4.420000000     0.380124282     4.138711723     0.218213170
     4.430000000     0.393496140     4.191518439     0.207785335
     4.440000000     0.410951769     4.246297865     0.197072231
     4.450000000     0.432654726     4.301909125     0.186499949
     4.460000000     0.458531763     4.357206356     0.176460701
     4.470000000     0.488248488     4.411771580     0.167281125
     4.480000000     0.521211510     4.466189432     0.159199282
     4.490000000     0.556609886     4.521236957     0.152353072
     4.500000000     0.593506344     4.576727583     0.146780894
     4.510000000     0.630979456     4.631323382     0.142433472
     4.520000000     0.668301465     4.683429571     0.139194264
     4.530000000     0.705116639     4.732407070     0.136904763
     4.540000000     0.741570038     4.779521424     0.135390485
     4.550000000     0.778335721     4.828137626     0.134483588
     4.560000000     0.816512629     4.882511224     0.134038823
     4.570000000     0.857393935     4.945365493     0.133941007
     4.580000000     0.902160709     5.016304943     0.134104125
     4.590000000     0.951586617     5.092343651     0.134464119
     4.600000000     1.005850707     5.169245833     0.134968913
     4.610000000     1.064532013     5.242739692     0.135569628
     4.620000000     1.126806924     5.309964724     0.136216122
     4.630000000     1.191804925     5.370661632     0.136858216
     4.640000000     1.259023592     5.427188486     0.137451721
     4.650000000     1.328680613     5.483975460     0.137966675
     4.660000000     1.401899264     5.546735678     0.138394484
     4.670000000     1.480678845     5.620095192     0.138751245
     4.680000000     1.567673780     5.704515905     0.139076077
     4.690000000     1.665867632     5.796035420     0.139425134
     4.700000000     1.778257047     5.889625157     0.139863366
     4.710000000     1.907642906     5.982279853     0.140456604
     4.720000000     2.056566775     6.072248062     0.141265952
     4.730000000     2.227351817     6.156441955     0.142345271
     4.740000000     2.422141206     6.231244287     0.143741147
     4.750000000     2.642805093     6.296502806     0.145493812
     4.760000000     2.890626455     6.356855741     0.147637362
     4.770000000     3.165769883     6.417802510     0.150198219
     4.780000000     3.466653273     6.479814557     0.153191870
     4.790000000     3.789432462     6.535316097     0.156618966
     4.800000000     4.127828881     6.569712395     0.160462329
     4.810000000     4.473459956     6.564978354     0.164686244
     4.820000000     4.816688768     6.507505468     0.169238580
     4.830000000     5.147843814     6.398633164     0.174055207
     4.840000000     5.458535895     6.256639987     0.179065417
     4.850000000     5.742765900     6.105375535     0.184196839
     4.860000000     5.997585682     5.961208452     0.189378839
     4.870000000     6.223213106     5.828168792     0.194544286
     4.880000000     6.422653968     5.700566616     0.199630446
     4.890000000     6.600992069     5.570167040     0.204580119
     4.900000000     6.764545358     5.433460503     0.209343935
     4.910000000     6.920057930     5.294870762     0.213883875
     4.920000000     7.074037113     5.163307969     0.218177210
     4.930000000     7.232287596     5.043643625     0.222219378
     4.940000000     7.399658652     4.931850133     0.226024353
     4.950000000     7.580000570     4.818754407     0.229621667
     4.960000000     7.776302523     4.696873133     0.233050294
     4.970000000     7.990941130     4.561922204     0.236350634
     4.980000000     8.225911988     4.409735947     0.239556491
     4.990000000     8.482873170     4.237227637     0.242689061
     5.000000000     8.762837903     4.048117734     0.245754406
     5.010000000     9.065438407     3.852381434     0.248745060
     5.020000000     9.387837883     3.656049529     0.251645322
     5.030000000     9.723548422     3.452413809     0.254438899
     5.040000000    10.061549634     3.223755976     0.257116909
     5.050000000    10.386128241     2.950013475     0.259684169
     5.060000000    10.677737325     2.614910356     0.262162031
     5.070000000    10.914922813     2.208372602     0.264586888
     5.080000000    11.077054877     1.731385124     0.267004547
     5.090000000    11.147334455     1.200835330     0.269461679
     5.100000000    11.115415345     0.647787601     0.271996246
     5.110000000    10.979041632     0.110808980     0.274628892
     5.120000000    10.744335057    -0.374437592     0.277356863
     5.130000000    10.424702271    -0.787821759     0.280151253
     5.140000000    10.038660262    -1.129692333     0.282957604
     5.150000000     9.607100323    -1.413166981     0.285699357
     5.160000000     9.150572263    -1.652750725     0.288283467
     5.170000000     8.687076501    -1.857818490     0.290607560
     5.180000000     8.230657498    -2.031262023     0.292568110
     5.190000000     7.790873438    -2.172303752     0.294069092
     5.200000000     7.373038126    -2.282139921     0.295030381
     5.210000000     6.979023089    -2.367930613     0.295395009
     5.220000000     6.608368746    -2.440518108     0.295134344
     5.230000000     6.259462005    -2.507581943     0.294250509
     5.240000000     5.930572212    -2.569121226     0.292775769
     5.250000000     5.620587638    -2.618921279     0.290769121
     5.260000000     5.329360712    -2.649588947     0.288310614
     5.270000000     5.057652094    -2.656648464     0.285494098
     5.280000000     4.806752187    -2.640122453     0.282419077
     5.290000000     4.577932563    -2.604476430     0.279182339
     5.300000000     4.371913582    -2.557906518     0.275870147
     5.310000000     4.188512539    -2.510584466     0.272551905
     5.320000000     4.026562823    -2.470680718     0.269276316
     5.330000000     3.884094620    -2.440365591     0.266070818
     5.340000000     3.758678884    -2.416189799     0.262944590
     5.350000000     3.647792040    -2.393040602     0.259894585
     5.360000000     3.549073519    -2.366798109     0.256913286
     5.370000000     3.460411633    -2.335130967     0.253996314
     5.380000000     3.379875278    -2.298972165     0.251148024
     5.390000000     3.305574106    -2.263461900     0.248383714
     5.400000000     3.235552003    -2.235577945     0.245728029
     5.410000000     3.167792586    -2.219527103     0.243210230
     5.420000000     3.100355907    -2.213929662     0.240857852
     5.430000000     3.031600406    -2.213450235     0.238690785
     5.440000000     2.960400545    -2.212862178     0.236717598
     5.450000000     2.886264795    -2.209368252     0.234935281
     5.460000000     2.809290931    -2.202486047     0.233332449
     5.470000000     2.729952509    -2.192755921     0.231894979
     5.480000000     2.648771534    -2.180298266     0.230612212
     5.490000000     2.565977316    -2.164658522     0.229481693
     5.500000000     2.481266280    -2.146049898     0.228510862
     5.510000000     2.393756315    -2.126478430     0.227715196
     5.520000000     2.302176634    -2.109827215     0.227113519
     5.530000000     2.205263314    -2.100236568     0.226722262
     5.540000000     2.102261964    -2.098285146     0.226550879
     5.550000000     1.993394433    -2.098134844     0.226600288
     5.560000000     1.880143078    -2.090346022     0.226865247
     5.570000000     1.765249079    -2.067600325     0.227340196
     5.580000000     1.652399888    -2.027072150     0.228026872
     5.590000000     1.545671023    -1.969899669     0.228941273
     5.600000000     1.448859340    -1.900475243     0.230117526
     5.610000000     1.364874427    -1.825240133     0.231606912
     5.620000000     1.295332478    -1.750676323     0.233471459
     5.630000000     1.240431898    -1.681645464     0.235772770
     5.640000000     1.199105535    -1.620727853     0.238557729
     5.650000000     1.169369509    -1.567975072     0.241843259
     5.660000000     1.148746663    -1.520986523     0.245602327
     5.670000000     1.134643679    -1.476543047     0.249753068
     5.680000000     1.124599796    -1.433193731     0.254152434
     5.690000000     1.116384416    -1.391789870     0.258595417
     5.700000000     1.107978598    -1.353530155     0.262820617
     5.710000000     1.097512354    -1.318534704     0.266522697
     5.720000000     1.083235363    -1.286762332     0.269371854
     5.730000000     1.063574232    -1.259367063     0.271039667
     5.740000000     1.037285647    -1.237990396     0.271229550
     5.750000000     1.003668440    -1.222368575     0.269708651
     5.760000000     0.962765434    -1.208841953     0.266336988
     5.770000000     0.915479097    -1.191669314     0.261089092
     5.780000000     0.863545368    -1.166094326     0.254064019
     5.790000000     0.809349924    -1.130307947     0.245481204
     5.800000000     0.755616322    -1.085394835     0.235662051
     5.810000000     0.705030879    -1.034215315     0.224999769
     5.820000000     0.659884077    -0.979826818     0.213922195
     5.830000000     0.621800163    -0.924219497     0.202853494
     5.840000000     0.591600491    -0.868316561     0.192180543
     5.850000000     0.569311923    -0.812944236     0.182228412
     5.860000000     0.554299602    -0.759333327     0.173247209
     5.870000000     0.545481102    -0.708650745     0.165410181
     5.880000000     0.541569621    -0.661545101     0.158820960
     5.890000000     0.541297093    -0.618014370     0.153526754
     5.900000000     0.543581109    -0.577046087     0.149534004
     5.910000000     0.547618165    -0.536746697     0.146823612
     5.920000000     0.552905345    -0.495676762     0.145363717
     5.930000000     0.559208135    -0.453879556     0.145118922
     5.940000000     0.566499702    -0.412471173     0.146055562
     5.950000000     0.574895061    -0.372730764     0.148143051
     5.960000000     0.584593827    -0.335426090     0.151351659
     5.970000000     0.595832679    -0.300385847     0.155647385
     5.980000000     0.608839658    -0.266516618     0.160984982
     5.990000000     0.623781547    -0.232392233     0.167300517
     6.000000000     0.640703629    -0.197182030     0.174505054
     6.010000000     0.659473993    -0.161286551     0.182480871
     6.020000000     0.679755256    -0.126239382     0.191081205
     6.030000000     0.701028625    -0.094048574     0.200133802
     6.040000000     0.722685698    -0.066262704     0.209447911
     6.050000000     0.744184891    -0.043099054     0.218823851
     6.060000000     0.765248211    -0.023208296     0.228064067
     6.070000000     0.786058128    -0.004352309     0.236984563
     6.080000000     0.807408746     0.015510089     0.245425724
     6.090000000     0.830771154     0.037564505     0.253261588
     6.100000000     0.858246665     0.062152993     0.260406605
     6.110000000     0.892398122     0.089063711     0.266818919
     6.120000000     0.935964452     0.117672152     0.272499267
     6.130000000     0.991475887     0.146911163     0.277485001
     6.140000000     1.060798715     0.175307825     0.281839424
     6.150000000     1.144652416     0.200909287     0.285637646
     6.160000000     1.242160169     0.220969127     0.288951113
     6.170000000     1.350513293     0.232014393     0.291833590
     6.180000000     1.464843307     0.230413020     0.294311410
     6.190000000     1.578390733     0.212623945     0.296380003
     6.200000000     1.683027890     0.175138173     0.298007465
     6.210000000     1.770130906     0.115080282     0.299144353
     6.220000000     1.831713094     0.031539618     0.299737603
     6.230000000     1.861648330    -0.072766832     0.299745701
     6.240000000     1.856756667    -0.189511797     0.299152197
     6.250000000     1.817519356    -0.304331921     0.297975155
     6.260000000     1.748247159    -0.400595710     0.296271045
     6.270000000     1.656634373    -0.466030790     0.294132585
     6.280000000     1.552762255    -0.497213881     0.291681018
     6.290000000     1.447731505    -0.498827865     0.289054160
     6.300000000     1.352171190    -0.479479181     0.286392203
     6.310000000     1.274875809    -0.447875856     0.283823695
     6.320000000     1.221770487    -0.411217057     0.281454216
     6.330000000     1.195320788    -0.375192709     0.279359840
     6.340000000     1.194417943    -0.344353693     0.277586619
     6.350000000     1.214703780    -0.322409329     0.276155981
     6.360000000     1.249259033    -0.312815182     0.275074551
     6.370000000     1.289557035    -0.319442942     0.274345701
     6.380000000     1.326570232    -0.346001309     0.273979619
     6.390000000     1.351902104    -0.393712809     0.273998951
     6.400000000     1.358804874    -0.458825498     0.274438199
     6.410000000     1.342944949    -0.532063670     0.275336655
     6.420000000     1.302805082    -0.601201684     0.276726443
     6.430000000     1.239668355    -0.655971144     0.278618583
     6.440000000     1.157204982    -0.691795358     0.280990676
     6.450000000     1.060758749    -0.709326370     0.283779580
     6.460000000     0.956483174    -0.711306027     0.286881447
     6.470000000     0.850492786    -0.700481266     0.290159883
     6.480000000     0.748169958    -0.679446491     0.293461251
     6.490000000     0.653713439    -0.650741085     0.296634515
     6.500000000     0.569950033    -0.616609701     0.299551879
     6.510000000     0.498374776    -0.578892557     0.302126069
     6.520000000     0.439349958    -0.539101137     0.304320485
     6.530000000     0.392383247    -0.498507055     0.306149745
     6.540000000     0.356415534    -0.458097893     0.307670107
     6.550000000     0.330071565    -0.418452054     0.308961646
     6.560000000     0.311851631    -0.379757590     0.310106261
     6.570000000     0.300263690    -0.342054791     0.311166976
     6.580000000     0.293908162    -0.305582451     0.312173986
     6.590000000     0.291531657    -0.270956084     0.313121302
     6.600000000     0.292062757    -0.238922648     0.313974902
     6.610000000     0.294636099    -0.209782110     0.314689892
     6.620000000     0.298604305    -0.182977219     0.315231372
     6.630000000     0.303534150    -0.157330966     0.315592557
     6.640000000     0.309184794    -0.131776666     0.315804626
     6.650000000     0.315471161    -0.105917126     0.315935484
     6.660000000     0.322421451    -0.080083070     0.316078156
     6.670000000     0.330140825    -0.055107512     0.316332580
     6.680000000     0.338791233    -0.031875120     0.316786123
     6.690000000     0.348589929    -0.010647683     0.317497787
     6.700000000     0.359818999     0.009164735     0.318489133
     6.710000000     0.372829062     0.028361618     0.319742476
     6.720000000     0.388016435     0.047274241     0.321204733
     6.730000000     0.405756987     0.065793336     0.322794387
     6.740000000     0.426292254     0.083696659     0.324409236
     6.750000000     0.449581694     0.100722957     0.325933739
     6.760000000     0.475154358     0.116476235     0.327245913
     6.770000000     0.502007341     0.130369423     0.328224366
     6.780000000     0.528600299     0.141436252     0.328755907
     6.790000000     0.552980851     0.147968206     0.328743330
     6.800000000     0.573045180     0.147584128     0.328112153
     6.810000000     0.586898213     0.138466592     0.326814641
     6.820000000     0.593240264     0.121506178     0.324829876
     6.830000000     0.591685687     0.101504759     0.322159710
     6.840000000     0.582923784     0.085419025     0.318821846
     6.850000000     0.568664970     0.078541064     0.314842292
     6.860000000     0.551367701     0.082229847     0.310249685
     6.870000000     0.533798643     0.094668577     0.305073265
     6.880000000     0.518522540     0.112776959     0.299344878
     6.890000000     0.507436487     0.133455534     0.293103923
     6.900000000     0.501451622     0.153948146     0.286403129
     6.910000000     0.500388424     0.171951689     0.279312926
     6.920000000     0.503100868     0.185833803     0.271922874
     6.930000000     0.507792942     0.194725916     0.264339813
     6.940000000     0.512449956     0.198227877     0.256683552
     6.950000000     0.515285031     0.196428970     0.249081537
     6.960000000     0.515101819     0.191079174     0.241663838
     6.970000000     0.511497449     0.186349832     0.234559121
     6.980000000     0.504869756     0.186911727     0.227891413
     6.990000000     0.496240766     0.194962323     0.221776914
     7.000000000     0.486952436     0.209556277     0.216320058
     7.010000000     0.478319139     0.228053890     0.211608610
     7.020000000     0.471326881     0.247553949     0.207708323
     7.030000000     0.466450768     0.265693925     0.204658352
     7.040000000     0.463626124     0.281238142     0.202468670
     7.050000000     0.462366231     0.294162311     0.201120234
     7.060000000     0.461983212     0.304973955     0.200567678
     7.070000000     0.461847258     0.314371144     0.200743389
     7.080000000     0.461616874     0.323686235     0.201561340
     7.090000000     0.461386688     0.334715158     0.202919330
     7.100000000     0.461723543     0.348626375     0.204699199
     7.110000000     0.463588624     0.365525894     0.206765836
     7.120000000     0.468167055     0.385089157     0.208966842
     7.130000000     0.476643004     0.407036063     0.211135010
     7.140000000     0.489966450     0.430858867     0.213095251
     7.150000000     0.508657705     0.455423163     0.214676190
     7.160000000     0.532688463     0.479014552     0.215725041
     7.170000000     0.561464726     0.499757051     0.216122933
     7.180000000     0.593919016     0.516134501     0.215797321
     7.190000000     0.628698859     0.527348713     0.214728624
     7.200000000     0.664418819     0.533325136     0.212949592
     7.210000000     0.699928100     0.534638901     0.210537785
     7.220000000     0.734538746     0.532701526     0.207603131
     7.230000000     0.768163433     0.529639965     0.204273416
     7.240000000     0.801327442     0.527381385     0.200680479
     7.250000000     0.835044649     0.526926124     0.196948968
     7.260000000     0.870577548     0.528554543     0.193188269
     7.270000000     0.909129866     0.532087611     0.189487131
     7.280000000     0.951539884     0.536548615     0.185910063
     7.290000000     0.998047002     0.539912941     0.182494776
     7.300000000     1.048190423     0.539441012     0.179250675
     7.310000000     1.100868890     0.532152133     0.176159128
     7.320000000     1.154551138     0.515572672     0.173176584
     7.330000000     1.207588750     0.489280947     0.170241311
     7.340000000     1.258557414     0.455833229     0.167283656
     7.350000000     1.306546724     0.419239434     0.164238581
     7.360000000     1.351333332     0.382447178     0.161058337
     7.370000000     1.393401338     0.346723784     0.157722776
     7.380000000     1.433806674     0.312497864     0.154245213
     7.390000000     1.473909127     0.279250449     0.150672680
     7.400000000     1.515012007     0.244855535     0.147080663
     7.410000000     1.557957433     0.206443101     0.143563512
     7.420000000     1.602731254     0.162756605     0.140222407
     7.430000000     1.648140530     0.115364459     0.137153026
     7.440000000     1.691636244     0.066341631     0.134434860
     7.450000000     1.729354760     0.014422475     0.132123708
     7.460000000     1.756430591    -0.046084307     0.130248314
     7.470000000     1.767583357    -0.122518372     0.128811469
     7.480000000     1.757909865    -0.218839031     0.127795265
     7.490000000     1.723739608    -0.331210909     0.127169435
     7.500000000     1.663367591    -0.447597107     0.126901102
     7.510000000     1.577485803    -0.552501407     0.126963791
     7.520000000     1.469199076    -0.634130208     0.127343494
     7.530000000     1.343614796    -0.688825797     0.128040078
     7.540000000     1.207104801    -0.719986209     0.129063290
     7.550000000     1.066414811    -0.733705533     0.130423916
     7.560000000     0.927818253    -0.735029151     0.132121937
     7.570000000     0.796475492    -0.726860339     0.134134397
     7.580000000     0.676084776    -0.710968386     0.136405975
     7.590000000     0.568827126    -0.689040095     0.138844718
     7.600000000     0.475541006    -0.662761616     0.141324374
     7.610000000     0.396029321    -0.633542508     0.143693290
     7.620000000     0.329402010    -0.602449293     0.145788539
     7.630000000     0.274382031    -0.570259261     0.147452820
     7.640000000     0.229536474    -0.537550185     0.148551235
     7.650000000     0.193425365    -0.504838272     0.148985145
     7.660000000     0.164681520    -0.472639861     0.148701049
     7.670000000     0.142043850    -0.441419917     0.147693595
     7.680000000     0.124366421    -0.411533808     0.146003035
     7.690000000     0.110619857    -0.383221277     0.143708486
     7.700000000     0.099894204    -0.356620928     0.140918828
     7.710000000     0.091405523    -0.331762391     0.137762982
     7.720000000     0.084503763    -0.308527521     0.134380668
     7.730000000     0.078677440    -0.286631432     0.130913987
     7.740000000     0.073550943    -0.265705063     0.127499583
     7.750000000     0.068872410    -0.245458697     0.124260957
     7.760000000     0.064492873    -0.225785322     0.121300859
     7.770000000     0.060339891    -0.206702995     0.118694156
     7.780000000     0.056390271    -0.188224574     0.116482110
     7.790000000     0.052646408    -0.170328642     0.114669082
     7.800000000     0.049119386    -0.153024654     0.113222486
     7.810000000     0.045819924    -0.136353147     0.112076298
     7.820000000     0.042756090    -0.120292277     0.111137928
     7.830000000     0.039935347    -0.104717362     0.110297849
     7.840000000     0.037367960    -0.089491316     0.109441132
     7.850000000     0.035069343    -0.074559857     0.108459869
     7.860000000     0.033059946    -0.059933855     0.107265244
     7.870000000     0.031362541    -0.045625657     0.105797735
     7.880000000     0.029997668    -0.031639016     0.104033798
     7.890000000     0.028978460    -0.017997713     0.101987522
     7.900000000     0.028305994    -0.004743612     0.099706361
     7.910000000     0.027965965     0.008103216     0.097261140
     7.920000000     0.027926974     0.020555465     0.094731860
     7.930000000     0.028140410     0.032613899     0.092191988
     7.940000000     0.028541704     0.044237826     0.089694531
     7.950000000     0.029052825     0.055387025     0.087262977
     7.960000000     0.029585998     0.066081270     0.084889079
     7.970000000     0.030048763     0.076381399     0.082537812
     7.980000000     0.030350443     0.086316598     0.080158031
     7.990000000     0.030409811     0.095878077     0.077696011
     8.000000000     0.030163315     0.105076868     0.075108492
     8.010000000     0.029572727     0.113973465     0.072372244
     8.020000000     0.028630735     0.122671101     0.069488344
     8.030000000     0.027363058     0.131305000     0.066480897
     8.040000000     0.025826128     0.140019629     0.063391294
     8.050000000     0.024100304     0.148922313     0.060270045
     8.060000000     0.022279574     0.158044664     0.057168424
     8.070000000     0.020459584     0.167345729     0.054131749
     8.080000000     0.018726203     0.176744011     0.051195374
     8.090000000     0.017146621     0.186152561     0.048383574
     8.100000000     0.015764259     0.195512861     0.045710777
     8.110000000     0.014597800     0.204813673     0.043184175
     8.120000000     0.013643723     0.214067268     0.040806602
     8.130000000     0.012881145     0.223269856     0.038578763
     8.140000000     0.012277612     0.232400431     0.036500287
     8.150000000     0.011794685     0.241449059     0.034569507
     8.160000000     0.011392621     0.250430476     0.032782347
     8.170000000     0.011033898     0.259371016     0.031130977
     8.180000000     0.010685681     0.268292489     0.029602925
     8.190000000     0.010321506     0.277205677     0.028181230
     8.200000000     0.009922390     0.286114382     0.026845793
     8.210000000     0.009477492     0.295032456     0.025575692
     8.220000000     0.008984273     0.303995729     0.024351883
     8.230000000     0.008448020     0.313053912     0.023159519
     8.240000000     0.007880640     0.322252157     0.021989263
     8.250000000     0.007298723     0.331616933     0.020837224
     8.260000000     0.006721069     0.341156872     0.019703595
     8.270000000     0.006166004     0.350875063     0.018590435
     8.280000000     0.005648889     0.360779081     0.017499277
     8.290000000     0.005180224     0.370882122     0.016429271
     8.300000000     0.004764594     0.381197363     0.015376367
     8.310000000     0.004400572     0.391735968     0.014333746
     8.320000000     0.004081516     0.402514807     0.013293353
     8.330000000     0.003797080     0.413563733     0.012248096
     8.340000000     0.003535159     0.424922580     0.011194149
     8.350000000     0.003284006     0.436634318     0.010132785
     8.360000000     0.003034295     0.448743914     0.009071269
     8.370000000     0.002781050     0.461302476     0.008022585
     8.380000000     0.002525673     0.474374805     0.007003992
     8.390000000     0.002278792     0.488044133     0.006034676
     8.400000000     0.002065546     0.502402684     0.005132962
     8.410000000     0.001936115     0.517536974     0.004313677
     8.420000000     0.001985994     0.533527178     0.003586207
     8.430000000     0.002392242     0.550458570     0.002953656
     8.440000000     0.003473190     0.568432535     0.002413208
     8.450000000     0.005778568     0.587572132     0.001957504
     8.460000000     0.010212720     0.608020847     0.001576601
     8.470000000     0.018183612     0.629934256     0.001259978
     8.480000000     0.031753213     0.653468339     0.000998126
     8.490000000     0.053741855     0.678765550     0.000783444
     8.500000000     0.087715872     0.705930807     0.000610415
     8.510000000     0.137774575     0.734984006     0.000475201
     8.520000000     0.208063492     0.765770315     0.000374937
     8.530000000     0.301987978     0.797796795     0.000306961
     8.540000000     0.421187536     0.829940914     0.000268178
     8.550000000     0.564442278     0.859943499     0.000254645
     8.560000000     0.726785170     0.883569863     0.000261411
     8.570000000     0.899140781     0.893367850     0.000282602
     8.580000000     1.068761809     0.877296627     0.000311728
     8.590000000     1.220573792     0.818626474     0.000342180
     8.600000000     1.339294859     0.700601868     0.000367843
     8.610000000     1.411942454     0.519461920     0.000383754
     8.620000000     1.430165244     0.299492837     0.000386643
     8.630000000     1.391822226     0.088658575     0.000375263
     8.640000000     1.301396364    -0.071091712     0.000350403
     8.650000000     1.169132297    -0.166555991     0.000314573
     8.660000000     1.009127314    -0.208128197     0.000271426
     8.670000000     0.836867095    -0.213587784     0.000225053
     8.680000000     0.666799472    -0.198170971     0.000179302
     8.690000000     0.510460598    -0.172144275     0.000137256
     8.700000000     0.375454595    -0.141641315     0.000100953
     8.710000000     0.265326632    -0.110066489     0.000071340
     8.720000000     0.180149261    -0.079195009     0.000048438
     8.730000000     0.117520153    -0.049878917     0.000031598
     8.740000000     0.073658086    -0.022464225     0.000019805
     8.750000000     0.044356445     0.002971998     0.000011926
     8.760000000     0.025663818     0.026489528     0.000006900
     8.770000000     0.014266387     0.048212418     0.000003836
     8.780000000     0.007619649     0.068289711     0.000002049
     8.790000000     0.003910067     0.086874702     0.000001051
     8.800000000     0.001927798     0.104114460     0.000000518
     8.810000000     0.000913203     0.120145003     0.000000246
     8.820000000     0.000415624     0.135089545     0.000000112
     8.830000000     0.000181745     0.149058357     0.000000049
     8.840000000     0.000076358     0.162149441     0.000000021
     8.850000000     0.000030823     0.174449569     0.000000008
     8.860000000     0.000011954     0.186035443     0.000000003
     8.870000000     0.000004454     0.196974837     0.000000001
     8.880000000     0.000001595     0.207327678     0.000000000
     8.890000000     0.000000549     0.217147019     0.000000000
     8.900000000     0.000000181     0.226479903     0.000000000
     8.910000000     0.000000058     0.235368129     0.000000000
     8.920000000     0.000000018     0.243848913     0.000000000
     8.930000000     0.000000005     0.251955464     0.000000000
     8.940000000     0.000000001     0.259717486     0.000000000
     8.950000000     0.000000000     0.267161608     0.000000000
     8.960000000     0.000000000     0.274311757     0.000000000
     8.970000000     0.000000000     0.281189484     0.000000000
     8.980000000     0.000000000     0.287814243     0.000000000
     8.990000000     0.000000000     0.294203635     0.000000000
     9.000000000     0.000000000     0.300373615     0.000000000
     9.010000000     0.000000000     0.306338683     0.000000000
     9.020000000     0.000000000     0.312112039     0.000000000
     9.030000000     0.000000000     0.317705727     0.000000000
     9.040000000     0.000000000     0.323130757     0.000000000
     9.050000000     0.000000000     0.328397209     0.000000000
     9.060000000     0.000000000     0.333514336     0.000000000
     9.070000000     0.000000000     0.338490639     0.000000000
     9.080000000     0.000000000     0.343333948     0.000000000
     9.090000000     0.000000000     0.348051485     0.000000000
     9.100000000     0.000000000     0.352649918     0.000000000
     9.110000000     0.000000000     0.357135422     0.000000000
     9.120000000     0.000000000     0.361513714     0.000000000
     9.130000000     0.000000000     0.365790103     0.000000000
     9.140000000     0.000000000     0.369969522     0.000000000
     9.150000000     0.000000000     0.374056563     0.000000000
     9.160000000     0.000000000     0.378055504     0.000000000
     9.170000000     0.000000000     0.381970339     0.000000000
     9.180000000     0.000000000     0.385804797     0.000000000
     9.190000000     0.000000000     0.389562369     0.000000000
     9.200000000     0.000000000     0.393246324     0.000000000
     9.210000000     0.000000000     0.396859729     0.000000000
     9.220000000     0.000000000     0.400405461     0.000000000
     9.230000000     0.000000000     0.403886225     0.000000000
     9.240000000     0.000000000     0.407304566     0.000000000
     9.250000000     0.000000000     0.410662882     0.000000000
     9.260000000     0.000000000     0.413963431     0.000000000
     9.270000000     0.000000000     0.417208349     0.000000000
     9.280000000     0.000000000     0.420399648     0.000000000
     9.290000000     0.000000000     0.423539235     0.000000000
     9.300000000     0.000000000     0.426628913     0.000000000
     9.310000000     0.000000000     0.429670390     0.000000000
     9.320000000     0.000000000     0.432665286     0.000000000
     9.330000000     0.000000000     0.435615136     0.000000000
     9.340000000     0.000000000     0.438521402     0.000000000
     9.350000000     0.000000000     0.441385470     0.000000000
     9.360000000     0.000000000     0.444208660     0.000000000
     9.370000000     0.000000000     0.446992228     0.000000000
     9.380000000     0.000000000     0.449737372     0.000000000
     9.390000000     0.000000000     0.452445232     0.000000000
     9.400000000     0.000000000     0.455116899     0.000000000
     9.410000000     0.000000000     0.457753412     0.000000000
     9.420000000     0.000000000     0.460355764     0.000000000
     9.430000000     0.000000000     0.462924906     0.000000000
     9.440000000     0.000000000     0.465461747     0.000000000
     9.450000000     0.000000000     0.467967158     0.000000000
     9.460000000     0.000000000     0.470441974     0.000000000
     9.470000000     0.000000000     0.472886994     0.000000000
     9.480000000     0.000000000     0.475302987     0.000000001
     9.490000000     0.000000001     0.477690691     0.000000002
     9.500000000     0.000000002     0.480050813     0.000000005
     9.510000000     0.000000004     0.482384037     0.000000013
     9.520000000     0.000000011     0.484691017     0.000000031
     9.530000000     0.000000025     0.486972386     0.000000072
     9.540000000     0.000000056     0.489228754     0.000000163
     9.550000000     0.000000120     0.491460708     0.000000350
     9.560000000     0.000000249     0.493668816     0.000000726
     9.570000000     0.000000496     0.495853627     0.000001445
     9.580000000     0.000000948     0.498015671     0.000002764
     9.590000000     0.000001742     0.500155462     0.000005079
     9.600000000     0.000003076     0.502273494     0.000008966
     9.610000000     0.000005218     0.504370247     0.000015208
     9.620000000     0.000008503     0.506446176     0.000024784
     9.630000000     0.000013314     0.508501718     0.000038807
     9.640000000     0.000020030     0.510537275     0.000058382
     9.650000000     0.000028952     0.512553201     0.000084387
     9.660000000     0.000040207     0.514549777     0.000117191
     9.670000000     0.000053647     0.516527157     0.000156367
     9.680000000     0.000068774     0.518485292     0.000200458
     9.690000000     0.000084709     0.520423809     0.000246905
     9.700000000     0.000100246     0.522341890     0.000292189
     9.710000000     0.000113980     0.524238293     0.000332221
     9.720000000     0.000124515     0.526111855     0.000362926
     9.730000000     0.000130689     0.527962773     0.000380923
     9.740000000     0.000131791     0.529793907     0.000384135
     9.750000000     0.000127692     0.531610073     0.000372186
     9.760000000     0.000118868     0.533415191     0.000346469
     9.770000000     0.000106316     0.535210455     0.000309882
     9.780000000     0.000091360     0.536995031     0.000266291
     9.790000000     0.000075430     0.538767540     0.000219859
     9.800000000     0.000059836     0.540526880     0.000174406
     9.810000000     0.000045605     0.542272403     0.000132925
     9.820000000     0.000033395     0.544003817     0.000097337
     9.830000000     0.000023495     0.545721066     0.000068483
     9.840000000     0.000015882     0.547424229     0.000046292
     9.850000000     0.000010315     0.549113456     0.000030065
     9.860000000     0.000006437     0.550788937     0.000018761
     9.870000000     0.000003859     0.552450879     0.000011248
     9.880000000     0.000002223     0.554099494     0.000006479
     9.890000000     0.000001230     0.555734997     0.000003586
     9.900000000     0.000000654     0.557357597     0.000001907
     9.910000000     0.000000334     0.558967499     0.000000974
     9.920000000     0.000000164     0.560564906     0.000000478
     9.930000000     0.000000077     0.562150010     0.000000225
     9.940000000     0.000000035     0.563723001     0.000000102
     9.950000000     0.000000015     0.565284062     0.000000044
     9.960000000     0.000000006     0.566833373     0.000000019
     9.970000000     0.000000003     0.568371107     0.000000007
     9.980000000     0.000000001     0.569897432     0.000000003
     9.990000000     0.000000000     0.571412513     0.000000001
    10.000000000     0.000000000     0.572916509     0.000000000
    10.010000000     0.000000000     0.574409576     0.000000000
    10.020000000     0.000000000     0.575891867     0.000000000
    10.030000000     0.000000000     0.577363529     0.000000000
    10.040000000     0.000000000     0.578824707     0.000000000
    10.050000000     0.000000000     0.580275542     0.000000000
    10.060000000     0.000000000     0.581716172     0.000000000
    10.070000000     0.000000000     0.583146732     0.000000000
    10.080000000     0.000000000     0.584567353     0.000000000
    10.090000000     0.000000000     0.585978165     0.000000000
    10.100000000     0.000000000     0.587379292     0.000000000
    10.110000000     0.000000000     0.588770858     0.000000000
    10.120000000     0.000000000     0.590152984     0.000000000
    10.130000000     0.000000000     0.591525788     0.000000000
    10.140000000     0.000000000     0.592889386     0.000000000
    10.150000000     0.000000000     0.594243889     0.000000000
    10.160000000     0.000000000     0.595589410     0.000000000
    10.170000000     0.000000000     0.596926058     0.000000000
    10.180000000     0.000000000     0.598253937     0.000000000
    10.190000000     0.000000000     0.599573154     0.000000000
    10.200000000     0.000000000     0.600883810     0.000000000
    10.210000000     0.000000000     0.602186006     0.000000000
    10.220000000     0.000000000     0.603479839     0.000000000
    10.230000000     0.000000000     0.604765408     0.000000000
    10.240000000     0.000000000     0.606042806     0.000000000
    10.250000000     0.000000000     0.607312126     0.000000000
    10.260000000     0.000000000     0.608573460     0.000000000
    10.270000000     0.000000000     0.609826897     0.000000000
    10.280000000     0.000000000     0.611072526     0.000000000
    10.290000000     0.000000000     0.612310432     0.000000000
    10.300000000     0.000000000     0.613540701     0.000000000
    10.310000000     0.000000000     0.614763416     0.000000000
    10.320000000     0.000000000     0.615978659     0.000000000
    10.330000000     0.000000000     0.617186511     0.000000000
    10.340000000     0.000000000     0.618387049     0.000000000
    10.350000000     0.000000000     0.619580353     0.000000000
    10.360000000     0.000000000     0.620766499     0.000000000
    10.370000000     0.000000000     0.621945561     0.000000000
    10.380000000     0.000000000     0.623117613     0.000000000
    10.390000000     0.000000000     0.624282729     0.000000000
    10.400000000     0.000000000     0.625440980     0.000000000
    10.410000000     0.000000000     0.626592435     0.000000000
    10.420000000     0.000000000     0.627737165     0.000000000
    10.430000000     0.000000000     0.628875236     0.000000000
    10.440000000     0.000000000     0.630006717     0.000000000
    10.450000000     0.000000000     0.631131672     0.000000000
    10.460000000     0.000000000     0.632250167     0.000000000
    10.470000000     0.000000000     0.633362266     0.000000000
    10.480000000     0.000000000     0.634468030     0.000000000
    10.490000000     0.000000000     0.635567523     0.000000000
    10.500000000     0.000000000     0.636660804     0.000000000
    10.510000000     0.000000000     0.637747935     0.000000000
    10.520000000     0.000000000     0.638828973     0.000000000
    10.530000000     0.000000000     0.639903978     0.000000000
    10.540000000     0.000000000     0.640973006     0.000000000
    10.550000000     0.000000000     0.642036114     0.000000000
    10.560000000     0.000000000     0.643093357     0.000000000
    10.570000000     0.000000000     0.644144790     0.000000000
    10.580000000     0.000000000     0.645190467     0.000000000
    10.590000000     0.000000000     0.646230442     0.000000000
    10.600000000     0.000000000     0.647264767     0.000000000
    10.610000000     0.000000000     0.648293493     0.000000000
    10.620000000     0.000000000     0.649316671     0.000000000
    10.630000000     0.000000000     0.650334352     0.000000000
    10.640000000     0.000000000     0.651346585     0.000000000
    10.650000000     0.000000000     0.652353420     0.000000000
    10.660000000     0.000000000     0.653354903     0.000000000
    10.670000000     0.000000000     0.654351083     0.000000000
    10.680000000     0.000000000     0.655342006     0.000000000
    10.690000000     0.000000000     0.656327720     0.000000000
    10.700000000     0.000000000     0.657308268     0.000000000
    10.710000000     0.000000000     0.658283696     0.000000000
    10.720000000     0.000000000     0.659254049     0.000000000
    10.730000000     0.000000000     0.660219370     0.000000000
    10.740000000     0.000000000     0.661179703     0.000000000
    10.750000000     0.000000000     0.662135090     0.000000000
    10.760000000     0.000000000     0.663085573     0.000000000
    10.770000000     0.000000000     0.664031193     0.000000000
    10.780000000     0.000000000     0.664971992     0.000000000
    10.790000000     0.000000000     0.665908010     0.000000000
    10.800000000     0.000000000     0.666839287     0.000000000
    10.810000000     0.000000000     0.667765863     0.000000000
    10.820000000     0.000000000     0.668687775     0.000000000
    10.830000000     0.000000000     0.669605063     0.000000000
    10.840000000     0.000000000     0.670517765     0.000000000
    10.850000000     0.000000000     0.671425918     0.000000000
    10.860000000     0.000000000     0.672329559     0.000000000
    10.870000000     0.000000000     0.673228724     0.000000000
    10.880000000     0.000000000     0.674123450     0.000000000
    10.890000000     0.000000000     0.675013773     0.000000000
    10.900000000     0.000000000     0.675899727     0.000000000
    10.910000000     0.000000000     0.676781347     0.000000000
    10.920000000     0.000000000     0.677658668     0.000000000
    10.930000000     0.000000000     0.678531723     0.000000000
    10.940000000     0.000000000     0.679400547     0.000000000
    10.950000000     0.000000000     0.680265172     0.000000000
    10.960000000     0.000000000     0.681125632     0.000000000
    10.970000000     0.000000000     0.681981957     0.000000000
    10.980000000     0.000000000     0.682834181     0.000000000
    10.990000000     0.000000000     0.683682336     0.000000000
    11.000000000     0.000000000     0.684526451     0.000000000
