 # Column 1: omega
 # Column 2: eps2(omega)
 # Column 3: eps1(omega)
 # Column 4: JDOS(omega)
     0.000000000     0.000000000     2.398748634     0.000000000
     0.010000000     0.000000000     2.398765382     0.000000000
     0.020000000     0.000000000     2.398815632     0.000000000
     0.030000000     0.000000000     2.398899397     0.000000000
     0.040000000     0.000000000     2.399016701     0.000000000
     0.050000000     0.000000000     2.399167577     0.000000000
     0.060000000     0.000000000     2.399352065     0.000000000
     0.070000000     0.000000000     2.399570219     0.000000000
     0.080000000     0.000000000     2.399822099     0.000000000
     0.090000000     0.000000000     2.400107776     0.000000000
     0.100000000     0.000000000     2.400427329     0.000000000
     0.110000000     0.000000000     2.400780848     0.000000000
     0.120000000     0.000000000     2.401168433     0.000000000
     0.130000000     0.000000000     2.401590194     0.000000000
     0.140000000     0.000000000     2.402046248     0.000000000
     0.150000000     0.000000000     2.402536726     0.000000000
     0.160000000     0.000000000     2.403061766     0.000000000
     0.170000000     0.000000000     2.403621519     0.000000000
     0.180000000     0.000000000     2.404216144     0.000000000
     0.190000000     0.000000000     2.404845810     0.000000000
     0.200000000     0.000000000     2.405510701     0.000000000
     0.210000000     0.000000000     2.406211006     0.000000000
     0.220000000     0.000000000     2.406946929     0.000000000
     0.230000000     0.000000000     2.407718684     0.000000000
     0.240000000     0.000000000     2.408526495     0.000000000
     0.250000000     0.000000000     2.409370601     0.000000000
     0.260000000     0.000000000     2.410251249     0.000000000
     0.270000000     0.000000000     2.411168699     0.000000000
     0.280000000     0.000000000     2.412123225     0.000000000
     0.290000000     0.000000000     2.413115112     0.000000000
     0.300000000     0.000000000     2.414144657     0.000000000
     0.310000000     0.000000000     2.415212172     0.000000000
     0.320000000     0.000000000     2.416317980     0.000000000
     0.330000000     0.000000000     2.417462420     0.000000000
     0.340000000     0.000000000     2.418645842     0.000000000
     0.350000000     0.000000000     2.419868614     0.000000000
     0.360000000     0.000000000     2.421131115     0.000000000
     0.370000000     0.000000000     2.422433741     0.000000000
     0.380000000     0.000000000     2.423776903     0.000000000
     0.390000000     0.000000000     2.425161027     0.000000000
     0.400000000     0.000000000     2.426586557     0.000000000
     0.410000000     0.000000000     2.428053952     0.000000000
     0.420000000     0.000000000     2.429563688     0.000000000
     0.430000000     0.000000000     2.431116260     0.000000000
     0.440000000     0.000000000     2.432712179     0.000000000
     0.450000000     0.000000000     2.434351978     0.000000000
     0.460000000     0.000000000     2.436036207     0.000000000
     0.470000000     0.000000000     2.437765434     0.000000000
     0.480000000     0.000000000     2.439540252     0.000000000
     0.490000000     0.000000000     2.441361271     0.000000000
     0.500000000     0.000000000     2.443229125     0.000000000
     0.510000000     0.000000000     2.445144469     0.000000000
     0.520000000     0.000000000     2.447107984     0.000000000
     0.530000000     0.000000000     2.449120373     0.000000000
     0.540000000     0.000000000     2.451182362     0.000000000
     0.550000000     0.000000000     2.453294707     0.000000000
     0.560000000     0.000000000     2.455458188     0.000000000
     0.570000000     0.000000000     2.457673612     0.000000000
     0.580000000     0.000000000     2.459941818     0.000000000
     0.590000000     0.000000000     2.462263670     0.000000000
     0.600000000     0.000000000     2.464640066     0.000000000
     0.610000000     0.000000000     2.467071936     0.000000000
     0.620000000     0.000000000     2.469560241     0.000000000
     0.630000000     0.000000000     2.472105979     0.000000000
     0.640000000     0.000000000     2.474710181     0.000000000
     0.650000000     0.000000000     2.477373919     0.000000000
     0.660000000     0.000000000     2.480098299     0.000000000
     0.670000000     0.000000000     2.482884472     0.000000000
     0.680000000     0.000000000     2.485733627     0.000000000
     0.690000000     0.000000000     2.488647000     0.000000000
     0.700000000     0.000000000     2.491625871     0.000000000
     0.710000000     0.000000000     2.494671566     0.000000000
     0.720000000     0.000000000     2.497785465     0.000000000
     0.730000000     0.000000000     2.500968995     0.000000000
     0.740000000     0.000000000     2.504223640     0.000000000
     0.750000000     0.000000000     2.507550939     0.000000000
     0.760000000     0.000000000     2.510952491     0.000000000
     0.770000000     0.000000000     2.514429956     0.000000000
     0.780000000     0.000000000     2.517985061     0.000000000
     0.790000000     0.000000000     2.521619596     0.000000000
     0.800000000     0.000000000     2.525335427     0.000000000
     0.810000000     0.000000000     2.529134491     0.000000000
     0.820000000     0.000000000     2.533018804     0.000000000
     0.830000000     0.000000000     2.536990465     0.000000000
     0.840000000     0.000000000     2.541051657     0.000000000
     0.850000000     0.000000000     2.545204654     0.000000000
     0.860000000     0.000000000     2.549451826     0.000000000
     0.870000000     0.000000000     2.553795641     0.000000000
     0.880000000     0.000000000     2.558238673     0.000000000
     0.890000000     0.000000000     2.562783607     0.000000000
     0.900000000     0.000000000     2.567433245     0.000000000
     0.910000000     0.000000000     2.572190511     0.000000000
     0.920000000     0.000000000     2.577058459     0.000000000
     0.930000000     0.000000000     2.582040280     0.000000000
     0.940000000     0.000000000     2.587139311     0.000000000
     0.950000000     0.000000000     2.592359041     0.000000000
     0.960000000     0.000000000     2.597703123     0.000000000
     0.970000000     0.000000000     2.603175379     0.000000000
     0.980000000     0.000000000     2.608779816     0.000000000
     0.990000000     0.000000000     2.614520631     0.000000000
     1.000000000     0.000000000     2.620402228     0.000000000
     1.010000000     0.000000000     2.626429230     0.000000000
     1.020000000     0.000000000     2.632606489     0.000000000
     1.030000000     0.000000000     2.638939105     0.000000000
     1.040000000     0.000000000     2.645432440     0.000000000
     1.050000000     0.000000000     2.652092136     0.000000000
     1.060000000     0.000000000     2.658924135     0.000000000
     1.070000000     0.000000000     2.665934696     0.000000000
     1.080000000     0.000000000     2.673130422     0.000000000
     1.090000000     0.000000000     2.680518278     0.000000000
     1.100000000     0.000000000     2.688105623     0.000000000
     1.110000000     0.000000000     2.695900235     0.000000000
     1.120000000     0.000000000     2.703910343     0.000000000
     1.130000000     0.000000000     2.712144660     0.000000000
     1.140000000     0.000000000     2.720612420     0.000000000
     1.150000000     0.000000000     2.729323421     0.000000000
     1.160000000     0.000000000     2.738288065     0.000000000
     1.170000000     0.000000000     2.747517411     0.000000000
     1.180000000     0.000000000     2.757023225     0.000000000
     1.190000000     0.000000000     2.766818042     0.000000000
     1.200000000     0.000000000     2.776915226     0.000000000
     1.210000000     0.000000000     2.787329048     0.000000000
     1.220000000     0.000000000     2.798074763     0.000000000
     1.230000000     0.000000000     2.809168694     0.000000000
     1.240000000     0.000000000     2.820628336     0.000000000
     1.250000000     0.000000000     2.832472460     0.000000000
     1.260000000     0.000000000     2.844721239     0.000000000
     1.270000000     0.000000000     2.857396377     0.000000000
     1.280000000     0.000000000     2.870521264     0.000000000
     1.290000000     0.000000000     2.884121148     0.000000000
     1.300000000     0.000000000     2.898223321     0.000000000
     1.310000000     0.000000000     2.912857336     0.000000000
     1.320000000     0.000000000     2.928055250     0.000000000
     1.330000000     0.000000000     2.943851897     0.000000000
     1.340000000     0.000000000     2.960285198     0.000000000
     1.350000000     0.000000000     2.977396515     0.000000000
     1.360000000     0.000000000     2.995231050     0.000000000
     1.370000000     0.000000000     3.013838306     0.000000000
     1.380000000     0.000000002     3.033272607     0.000000000
     1.390000000     0.000000005     3.053593698     0.000000000
     1.400000000     0.000000018     3.074867435     0.000000000
     1.410000000     0.000000059     3.097166570     0.000000000
     1.420000000     0.000000184     3.120571664     0.000000001
     1.430000000     0.000000555     3.145172132     0.000000002
     1.440000000     0.000001614     3.171067446     0.000000005
     1.450000000     0.000004521     3.198368526     0.000000013
     1.460000000     0.000012215     3.227199327     0.000000031
     1.470000000     0.000031816     3.257698663     0.000000074
     1.480000000     0.000079862     3.290022277     0.000000166
     1.490000000     0.000193155     3.324345159     0.000000362
     1.500000000     0.000450017     3.360864113     0.000000757
     1.510000000     0.001009735     3.399800491     0.000001523
     1.520000000     0.002181448     3.441402969     0.000002948
     1.530000000     0.004536801     3.485950061     0.000005492
     1.540000000     0.009081062     3.533751824     0.000009844
     1.550000000     0.017491480     3.585149724     0.000016984
     1.560000000     0.032415065     3.640512830     0.000028211
     1.570000000     0.057787174     3.700227011     0.000045121
     1.580000000     0.099087819     3.764671217     0.000069507
     1.590000000     0.163402756     3.834170271     0.000103151
     1.600000000     0.259119797     3.908905283     0.000147509
     1.610000000     0.395094832     3.988748249     0.000203319
     1.620000000     0.579194776     4.072962549     0.000270182
     1.630000000     0.816280215     4.159671705     0.000346234
     1.640000000     1.105912083     4.244946025     0.000427985
     1.650000000     1.440297128     4.321315585     0.000510441
     1.660000000     1.803135475     4.375578729     0.000587552
     1.670000000     2.170005190     4.386179440     0.000652944
     1.680000000     2.510658187     4.321801283     0.000700866
     1.690000000     2.793134615     4.146324927     0.000727162
     1.700000000     2.989049057     3.839031559     0.000730109
     1.710000000     3.078945873     3.428332230     0.000710933
     1.720000000     3.056443452     3.002840691     0.000673919
     1.730000000     2.930085168     2.663745299     0.000626075
     1.740000000     2.722351111     2.462238158     0.000576431
     1.750000000     2.465993566     2.390222901     0.000535066
     1.760000000     2.198511456     2.411949071     0.000512048
     1.770000000     1.955975258     2.491243520     0.000516409
     1.780000000     1.767460713     2.600894989     0.000555310
     1.790000000     1.651083458     2.721679543     0.000633478
     1.800000000     1.612178476     2.838335284     0.000752991
     1.810000000     1.643694551     2.935651708     0.000913451
     1.820000000     1.728491437     2.996336596     0.001112549
     1.830000000     1.842983677     3.003056087     0.001346944
     1.840000000     1.961458763     2.946452674     0.001613378
     1.850000000     2.060374556     2.833647986     0.001909848
     1.860000000     2.121988021     2.685215437     0.002236688
     1.870000000     2.136782859     2.524549987     0.002597397
     1.880000000     2.104356234     2.377500777     0.002999106
     1.890000000     2.032688771     2.273537533     0.003452605
     1.900000000     1.936020935     2.232021852     0.003971890
     1.910000000     1.831826615     2.250700160     0.004573197
     1.920000000     1.737538162     2.311508063     0.005273504
     1.930000000     1.667685858     2.391979393     0.006088565
     1.940000000     1.631965205     2.471439528     0.007030601
     1.950000000     1.634484479     2.533660224     0.008105928
     1.960000000     1.674152839     2.570030181     0.009312874
     1.970000000     1.745928191     2.582340128     0.010640357
     1.980000000     1.842508879     2.579733284     0.012067393
     1.990000000     1.956036618     2.569105057     0.013563673
     2.000000000     2.079455648     2.548740968     0.015091157
     2.010000000     2.207302968     2.511401326     0.016606566
     2.020000000     2.335849538     2.453220480     0.018064617
     2.030000000     2.462650720     2.381264926     0.019421899
     2.040000000     2.585686224     2.310263931     0.020641272
     2.050000000     2.702365482     2.249016358     0.021696499
     2.060000000     2.808723396     2.191864450     0.022576578
     2.070000000     2.899107093     2.122960341     0.023288909
     2.080000000     2.966539433     2.025379345     0.023860278
     2.090000000     3.003751941     1.888367649     0.024334790
     2.100000000     3.004658678     1.713035833     0.024768427
     2.110000000     2.965869338     1.516017894     0.025220773
     2.120000000     2.887785726     1.325837759     0.025745315
     2.130000000     2.774923763     1.170722665     0.026380388
     2.140000000     2.635327602     1.065781589     0.027142899
     2.150000000     2.479216280     1.008629169     0.028026444
     2.160000000     2.317228535     0.984691498     0.029004355
     2.170000000     2.158729823     0.976001459     0.030036995
     2.180000000     2.010590215     0.968532596     0.031081591
     2.190000000     1.876664603     0.956154529     0.032102303
     2.200000000     1.757980304     0.940083975     0.033078343
     2.210000000     1.653443199     0.924066008     0.034008555
     2.220000000     1.560769783     0.909902283     0.034911827
     2.230000000     1.477356347     0.898224656     0.035823666
     2.240000000     1.400885381     0.890979171     0.036790053
     2.250000000     1.329597493     0.890256224     0.037860064
     2.260000000     1.262275797     0.895696170     0.039078785
     2.270000000     1.198064120     0.904647928     0.040481710
     2.280000000     1.136257548     0.914296688     0.042091289
     2.290000000     1.076171520     0.922927650     0.043915737
     2.300000000     1.017135227     0.929520028     0.045949703
     2.310000000     0.958592114     0.933495489     0.048176107
     2.320000000     0.900246607     0.936248258     0.050568392
     2.330000000     0.842183409     0.941961744     0.053092568
     2.340000000     0.784903472     0.954822652     0.055708737
     2.350000000     0.729258041     0.975715835     0.058372113
     2.360000000     0.676302294     1.002504269     0.061033807
     2.370000000     0.627117429     1.032387080     0.063641722
     2.380000000     0.582655571     1.063190411     0.066141871
     2.390000000     0.543646517     1.093438695     0.068480176
     2.400000000     0.510577971     1.122593264     0.070604615
     2.410000000     0.483734155     1.151479404     0.072467437
     2.420000000     0.463261720     1.181652243     0.074027188
     2.430000000     0.449230461     1.213816736     0.075250447
     2.440000000     0.441666568     1.247024715     0.076113411
     2.450000000     0.440550598     1.279290485     0.076603588
     2.460000000     0.445784172     1.308830244     0.076721765
     2.470000000     0.457135043     1.335018101     0.076484202
     2.480000000     0.474170730     1.358316635     0.075924549
     2.490000000     0.496190141     1.379212048     0.075094725
     2.500000000     0.522163862     1.397312662     0.074063894
     2.510000000     0.550697751     1.411533386     0.072914907
     2.520000000     0.580038327     1.420867465     0.071738150
     2.530000000     0.608137883     1.424611306     0.070623330
     2.540000000     0.632788897     1.422002194     0.069650344
     2.550000000     0.651821401     1.412339216     0.068880661
     2.560000000     0.663337659     1.395882863     0.068350641
     2.570000000     0.665942755     1.374602736     0.068067851
     2.580000000     0.658924140     1.351894679     0.068010881
     2.590000000     0.642341210     1.331348883     0.068132523
     2.600000000     0.617006028     1.315490813     0.068365642
     2.610000000     0.584362050     1.305345326     0.068630714
     2.620000000     0.546290841     1.300873749     0.068843903
     2.630000000     0.504889744     1.301489194     0.068924707
     2.640000000     0.462263020     1.306281586     0.068802400
     2.650000000     0.420356615     1.314392034     0.068420832
     2.660000000     0.380848166     1.325436022     0.067741341
     2.670000000     0.345086379     1.339413623     0.066743697
     2.680000000     0.314063339     1.356252569     0.065425124
     2.690000000     0.288402318     1.375510318     0.063797604
     2.700000000     0.268350735     1.396383043     0.061883866
     2.710000000     0.253778977     1.417894072     0.059712767
     2.720000000     0.244195453     1.439043198     0.057314901
     2.730000000     0.238792093     1.458783029     0.054719368
     2.740000000     0.236530512     1.476061281     0.051952369
     2.750000000     0.236267856     1.490191178     0.049037879
     2.760000000     0.236906688     1.501186815     0.046000072
     2.770000000     0.237540096     1.509482904     0.042866701
     2.780000000     0.237557194     1.515579658     0.039672290
     2.790000000     0.236679012     1.520580257     0.036460058
     2.800000000     0.234911008     1.526583328     0.033281800
     2.810000000     0.232422237     1.535450282     0.030195488
     2.820000000     0.229385321     1.547260111     0.027260985
     2.830000000     0.225826882     1.560313618     0.024534742
     2.840000000     0.221538160     1.572247502     0.022064603
     2.850000000     0.216078486     1.581067563     0.019885766
     2.860000000     0.208874656     1.585704725     0.018018607
     2.870000000     0.199387305     1.586438282     0.016468570
     2.880000000     0.187292438     1.585402219     0.015227796
     2.890000000     0.172620944     1.586059541     0.014277855
     2.900000000     0.155812919     1.591177854     0.013592793
     2.910000000     0.137671331     1.601389562     0.013141885
     2.920000000     0.119230569     1.615645118     0.012891715
     2.930000000     0.101578687     1.632403986     0.012807557
     2.940000000     0.085680745     1.650363674     0.012854245
     2.950000000     0.072243633     1.668646636     0.012996805
     2.960000000     0.061645243     1.686752974     0.013201091
     2.970000000     0.053930370     1.704441556     0.013434570
     2.980000000     0.048859654     1.721614460     0.013667239
     2.990000000     0.045989893     1.738221555     0.013872603
     3.000000000     0.044764352     1.754158461     0.014028567
     3.010000000     0.044597203     1.769228137     0.014118136
     3.020000000     0.044943354     1.783239906     0.014129819
     3.030000000     0.045350649     1.796189378     0.014057694
     3.040000000     0.045494702     1.808385126     0.013901160
     3.050000000     0.045197589     1.820370957     0.013664431
     3.060000000     0.044431498     1.832637932     0.013355922
     3.070000000     0.043308104     1.845365886     0.012987631
     3.080000000     0.042054431     1.858450667     0.012574638
     3.090000000     0.040976512     1.871776837     0.012134688
     3.100000000     0.040413100     1.885424036     0.011687762
     3.110000000     0.040683111     1.899574232     0.011255452
     3.120000000     0.042032168     1.914266814     0.010859986
     3.130000000     0.044585345     1.929293812     0.010522882
     3.140000000     0.048314181     1.944248174     0.010263347
     3.150000000     0.053025621     1.958595944     0.010096704
     3.160000000     0.058377908     1.971769370     0.010033165
     3.170000000     0.063923916     1.983360299     0.010077196
     3.180000000     0.069176654     1.993358870     0.010227623
     3.190000000     0.073686257     2.002149422     0.010478468
     3.200000000     0.077114466     2.010194320     0.010820427
     3.210000000     0.079292334     2.017912192     0.011242874
     3.220000000     0.080250180     2.025898620     0.011736182
     3.230000000     0.080214602     2.034852620     0.012294116
     3.240000000     0.079574198     2.045156862     0.012915886
     3.250000000     0.078821629     2.056772633     0.013607342
     3.260000000     0.078483246     2.069467292     0.014380829
     3.270000000     0.079048188     2.082930343     0.015253362
     3.280000000     0.080906860     2.096759155     0.016243231
     3.290000000     0.084305318     2.110556927     0.017365557
     3.300000000     0.089318622     2.124108606     0.018627771
     3.310000000     0.095843883     2.137366901     0.020026127
     3.320000000     0.103612795     2.150182742     0.021544192
     3.330000000     0.112223408     2.162160425     0.023153818
     3.340000000     0.121190653     2.172890432     0.024818498
     3.350000000     0.130013622     2.182236065     0.026498459
     3.360000000     0.138254263     2.190355343     0.028156501
     3.370000000     0.145617547     2.197528072     0.029763546
     3.380000000     0.152018688     2.204014352     0.031303033
     3.390000000     0.157620833     2.210184316     0.032773625
     3.400000000     0.162828587     2.216824080     0.034189991
     3.410000000     0.168229889     2.224982558     0.035581686
     3.420000000     0.174490242     2.235265947     0.036990290
     3.430000000     0.182216776     2.247430830     0.038465060
     3.440000000     0.191820993     2.260629006     0.040057521
     3.450000000     0.203414169     2.273797011     0.041815546
     3.460000000     0.216765160     2.285816941     0.043777635
     3.470000000     0.231336278     2.295520342     0.045968165
     3.480000000     0.246391992     2.301778392     0.048394261
     3.490000000     0.261153450     2.303936945     0.051044672
     3.500000000     0.274956613     2.302528776     0.053890701
     3.510000000     0.287369292     2.299554862     0.056888923
     3.520000000     0.298234720     2.297688083     0.059985263
     3.530000000     0.307633168     2.298822248     0.063120013
     3.540000000     0.315780438     2.303082791     0.066233416
     3.550000000     0.322902663     2.308921871     0.069271558
     3.560000000     0.329132889     2.314056064     0.072192168
     3.570000000     0.334463861     2.316608652     0.074969770
     3.580000000     0.338768038     2.315961220     0.077599361
     3.590000000     0.341869442     2.312997511     0.080097653
     3.600000000     0.343633336     2.309563194     0.082501133
     3.610000000     0.344035771     2.307508284     0.084860703
     3.620000000     0.343186349     2.307972050     0.087233544
     3.630000000     0.341298474     2.311132035     0.089673689
     3.640000000     0.338622519     2.316239023     0.092223449
     3.650000000     0.335370367     2.321904184     0.094907851
     3.660000000     0.331660507     2.326775405     0.097733668
     3.670000000     0.327502419     2.330363740     0.100693399
     3.680000000     0.322823089     2.333314497     0.103773158
     3.690000000     0.317523763     2.336765109     0.106962218
     3.700000000     0.311546684     2.341453790     0.110261397
     3.710000000     0.304931170     2.347421629     0.113687744
     3.720000000     0.297844427     2.354388612     0.117274033
     3.730000000     0.290581558     2.362311020     0.121063052
     3.740000000     0.283537842     2.371555887     0.125098150
     3.750000000     0.277162416     2.382556084     0.129412445
     3.760000000     0.271905236     2.395366740     0.134019367
     3.770000000     0.268169023     2.409560895     0.138906672
     3.780000000     0.266275614     2.424473351     0.144035043
     3.790000000     0.266452464     2.439505822     0.149341178
     3.800000000     0.268840704     2.454317047     0.154744283
     3.810000000     0.273521564     2.468881353     0.160154273
     3.820000000     0.280553609     2.483319833     0.165479893
     3.830000000     0.290009744     2.497615504     0.170635300
     3.840000000     0.302000746     2.511519390     0.175544199
     3.850000000     0.316672220     2.524703979     0.180141291
     3.860000000     0.334165247     2.537000278     0.184371427
     3.870000000     0.354538338     2.548512194     0.188187372
     3.880000000     0.377659471     2.559454176     0.191547399
     3.890000000     0.403089773     2.569768272     0.194413996
     3.900000000     0.429991106     2.578822796     0.196754685
     3.910000000     0.457093320     2.585412195     0.198545332
     3.920000000     0.482749468     2.587940616     0.199775475
     3.930000000     0.505088220     2.584725320     0.200454341
     3.940000000     0.522246129     2.574717499     0.200615657
     3.950000000     0.532636667     2.558583519     0.200319347
     3.960000000     0.535197446     2.539226163     0.199648827
     3.970000000     0.529558720     2.520980672     0.198703748
     3.980000000     0.516095623     2.507906599     0.197589295
     3.990000000     0.495857501     2.502144944     0.196404149
     4.000000000     0.470399021     2.503233272     0.195229626
     4.010000000     0.441558725     2.508968632     0.194122143
     4.020000000     0.411235129     2.517276472     0.193110230
     4.030000000     0.381199341     2.527686807     0.192196146
     4.040000000     0.352963519     2.541238914     0.191361142
     4.050000000     0.327705476     2.558958097     0.190572863
     4.060000000     0.306238266     2.580671285     0.189793376
     4.070000000     0.289011519     2.605227254     0.188986735
     4.080000000     0.276135539     2.631196562     0.188125532
     4.090000000     0.267424522     2.657223172     0.187196323
     4.100000000     0.262457382     2.682285277     0.186203927
     4.110000000     0.260652535     2.706013073     0.185174452
     4.120000000     0.261348614     2.728749565     0.184156661
     4.130000000     0.263879924     2.751203459     0.183221113
     4.140000000     0.267635898     2.773930792     0.182456657
     4.150000000     0.272098184     2.797027323     0.181964259
     4.160000000     0.276855175     2.820237883     0.181848748
     4.170000000     0.281599064     2.843298343     0.182209571
     4.180000000     0.286112769     2.866136165     0.183131995
     4.190000000     0.290253098     2.888828418     0.184680087
     4.200000000     0.293933736     2.911597955     0.186892400
     4.210000000     0.297109010     2.934924637     0.189780602
     4.220000000     0.299758436     2.959408840     0.193330582
     4.230000000     0.301872772     2.985344515     0.197504983
     4.240000000     0.303443805     3.012486858     0.202245861
     4.250000000     0.304460796     3.040312818     0.207476321
     4.260000000     0.304915700     3.068526863     0.213100447
     4.270000000     0.304817045     3.097392353     0.219001566
     4.280000000     0.304209766     3.127643255     0.225039583
     4.290000000     0.303196618     3.160041018     0.231048586
     4.300000000     0.301956780     3.194929996     0.236836081
     4.310000000     0.300758918     3.232159859     0.242185012
     4.320000000     0.299968777     3.271462628     0.246859290
     4.330000000     0.300054606     3.312965088     0.250613129
     4.340000000     0.301596900     3.357290111     0.253203999
     4.350000000     0.305311635     3.405060832     0.254408701
     4.360000000     0.312097817     3.456383087     0.254041652
     4.370000000     0.323119602     3.510886684     0.251973981
     4.380000000     0.339928728     3.568124224     0.248151507
     4.390000000     0.364622555     3.627846584     0.242609072
     4.400000000     0.400015087     3.690092415     0.235478537
     4.410000000     0.449773548     3.755162828     0.226987976
     4.420000000     0.518445293     3.823345383     0.217450624
     4.430000000     0.611278206     3.894457252     0.207243627
     4.440000000     0.733736285     3.967495226     0.196778493
     4.450000000     0.890646673     4.040527608     0.186466771
     4.460000000     1.084995784     4.110980613     0.176685489
     4.470000000     1.316516414     4.176034267     0.167747072
     4.480000000     1.580348462     4.231937098     0.159877656
     4.490000000     1.866164467     4.271618553     0.153206330
     4.500000000     2.158168959     4.282135100     0.147766044
     4.510000000     2.436263222     4.244546107     0.143505219
     4.520000000     2.678411078     4.138009279     0.140307631
     4.530000000     2.863900754     3.949451282     0.138017094
     4.540000000     2.976876553     3.687804290     0.136462947
     4.550000000     3.009332078     3.393035065     0.135482352
     4.560000000     2.962801689     3.124469632     0.134936119
     4.570000000     2.848271005     2.930780679     0.134716106
     4.580000000     2.684274183     2.828592485     0.134744170
     4.590000000     2.493614466     2.805702612     0.134964595
     4.600000000     2.299483768     2.837113029     0.135333501
     4.610000000     2.121864038     2.897871270     0.135809275
     4.620000000     1.974950499     2.968441914     0.136347353
     4.630000000     1.866012366     3.035314124     0.136900891
     4.640000000     1.795718670     3.090455402     0.137426647
     4.650000000     1.759624368     3.131531741     0.137893494
     4.660000000     1.750313788     3.161128959     0.138290178
     4.670000000     1.759655848     3.182654901     0.138629432
     4.680000000     1.780710655     3.196720605     0.138947037
     4.690000000     1.808987219     3.204182012     0.139296352
     4.700000000     1.842933329     3.212225871     0.139740322
     4.710000000     1.883701368     3.232339680     0.140343537
     4.720000000     1.934355300     3.270360155     0.141166430
     4.730000000     1.998754704     3.321548256     0.142262506
     4.740000000     2.080370665     3.375478093     0.143678057
     4.750000000     2.181261079     3.423126102     0.145452918
     4.760000000     2.301371161     3.459174042     0.147620583
     4.770000000     2.438245514     3.480174149     0.150206642
     4.780000000     2.587159120     3.483543751     0.153225555
     4.790000000     2.741610354     3.468649363     0.156676793
     4.800000000     2.894076376     3.435838658     0.160541909
     4.810000000     3.036909282     3.383477960     0.164783899
     4.820000000     3.163245831     3.309763706     0.169349397
     4.830000000     3.267810635     3.218302976     0.174173210
     4.840000000     3.347511226     3.118315558     0.179183869
     4.850000000     3.401753785     3.019762511     0.184308717
     4.860000000     3.432448484     2.930495504     0.189477474
     4.870000000     3.443717631     2.855102202     0.194624131
     4.880000000     3.441359306     2.793313966     0.199687883
     4.890000000     3.432146620     2.741396598     0.204614217
     4.900000000     3.423055373     2.697132937     0.209357014
     4.910000000     3.420513498     2.662614389     0.213881775
     4.920000000     3.429759185     2.640608074     0.218169134
     4.930000000     3.454383300     2.628734885     0.222217228
     4.940000000     3.496113384     2.618744786     0.226041504
     4.950000000     3.554865811     2.601228101     0.229671198
     4.960000000     3.629047433     2.570541507     0.233142812
     4.970000000     3.716033985     2.525350523     0.236491954
     4.980000000     3.812704962     2.465794983     0.239745555
     4.990000000     3.915893223     2.392747870     0.242916506
     5.000000000     4.022627253     2.310095507     0.246002184
     5.010000000     4.130106225     2.224225141     0.248987321
     5.020000000     4.235437231     2.138802098     0.251850560
     5.030000000     4.335251444     2.050875056     0.254573098
     5.040000000     4.425370128     1.952836851     0.257147241
     5.050000000     4.500690504     1.837663743     0.259582664
     5.060000000     4.555402503     1.702332132     0.261908707
     5.070000000     4.583548063     1.547904296     0.264171938
     5.080000000     4.579826723     1.378610514     0.266429400
     5.090000000     4.540469793     1.201299491     0.268738961
     5.100000000     4.463975441     1.024899370     0.271148818
     5.110000000     4.351526566     0.859734250     0.273688196
     5.120000000     4.206990698     0.715606780     0.276360821
     5.130000000     4.036501307     0.598475397     0.279141879
     5.140000000     3.847713183     0.508902065     0.281978424
     5.150000000     3.648887043     0.444124545     0.284792692
     5.160000000     3.447978489     0.400859963     0.287487651
     5.170000000     3.251885761     0.376196720     0.289954241
     5.180000000     3.065961808     0.367329293     0.292079863
     5.190000000     2.893835279     0.371256533     0.293757655
     5.200000000     2.737526757     0.384683064     0.294895824
     5.210000000     2.597800021     0.404257761     0.295426075
     5.220000000     2.474657155     0.427365803     0.295310023
     5.230000000     2.367871333     0.452939014     0.294542669
     5.240000000     2.277451799     0.481455066     0.293152466
     5.250000000     2.203951708     0.514298987     0.291197994
     5.260000000     2.148560302     0.552982669     0.288761768
     5.270000000     2.112962795     0.598393104     0.285941950
     5.280000000     2.098997133     0.650098911     0.282842919
     5.290000000     2.108176175     0.705886970     0.279565711
     5.300000000     2.141167011     0.761517370     0.276199457
     5.310000000     2.197320598     0.810932882     0.272814976
     5.320000000     2.274326827     0.847670998     0.269461566
     5.330000000     2.368041793     0.866967930     0.266167585
     5.340000000     2.472507821     0.866689587     0.262944708
     5.350000000     2.580171744     0.846746841     0.259794880
     5.360000000     2.682303358     0.808315350     0.256718240
     5.370000000     2.769614627     0.752877222     0.253720005
     5.380000000     2.833066778     0.680504552     0.250814540
     5.390000000     2.864817285     0.589254539     0.248025638
     5.400000000     2.859204526     0.478145782     0.245383097
     5.410000000     2.813612914     0.352480968     0.242916738
     5.420000000     2.729032728     0.226416956     0.240649727
     5.430000000     2.610150500     0.118886180     0.238593251
     5.440000000     2.464884595     0.045115910     0.236744197
     5.450000000     2.303400164     0.010279307     0.235086611
     5.460000000     2.136762908     0.009768601     0.233596596
     5.470000000     1.975481358     0.034178559     0.232249312
     5.480000000     1.828213420     0.074235576     0.231026052
     5.490000000     1.700867672     0.122914475     0.229919400
     5.500000000     1.596230194     0.174795701     0.228935001
     5.510000000     1.514126025     0.224819769     0.228089617
     5.520000000     1.452015533     0.268357435     0.227406299
     5.530000000     1.405855700     0.302685839     0.226908470
     5.540000000     1.371034591     0.328541423     0.226615059
     5.550000000     1.343208983     0.349814907     0.226538439
     5.560000000     1.318925361     0.370756155     0.226685958
     5.570000000     1.295965099     0.393226561     0.227064572
     5.580000000     1.273410796     0.416755999     0.227686972
     5.590000000     1.251473638     0.440797884     0.228577006
     5.600000000     1.231149063     0.466451677     0.229772247
     5.610000000     1.213781733     0.495808416     0.231322274
     5.620000000     1.200623618     0.529781407     0.233282332
     5.630000000     1.192461920     0.566779365     0.235703083
     5.640000000     1.189376377     0.603202781     0.238617986
     5.650000000     1.190658229     0.634914741     0.242030159
     5.660000000     1.194889239     0.658781249     0.245900472
     5.670000000     1.200146351     0.673769792     0.250138296
     5.680000000     1.204275438     0.681438949     0.254596011
     5.690000000     1.205173574     0.685615230     0.259068167
     5.700000000     1.201033464     0.690662227     0.263296193
     5.710000000     1.190528139     0.698908195     0.266979500
     5.720000000     1.172936092     0.709248435     0.269793498
     5.730000000     1.148215757     0.718407526     0.271414292
     5.740000000     1.117031369     0.724170082     0.271548505
     5.750000000     1.080717420     0.728255607     0.269965197
     5.760000000     1.041160026     0.736496490     0.266525486
     5.770000000     1.000582070     0.755349448     0.261204932
     5.780000000     0.961246808     0.787315677     0.254104222
     5.790000000     0.925131094     0.829577708     0.245445406
     5.800000000     0.893646459     0.876373686     0.235553456
     5.810000000     0.867487493     0.922254810     0.224825746
     5.820000000     0.846656822     0.963918310     0.213694313
     5.830000000     0.830663313     1.000274688     0.202587041
     5.840000000     0.818834906     1.032081061     0.191893684
     5.850000000     0.810651178     1.062288504     0.181941223
     5.860000000     0.805997153     1.095626373     0.172980744
     5.870000000     0.805268770     1.135667246     0.165185625
     5.880000000     0.809309462     1.182164969     0.158658805
     5.890000000     0.819207538     1.231814773     0.153445879
     5.900000000     0.836019453     1.280972428     0.149550584
     5.910000000     0.860496116     1.327779735     0.146949860
     5.920000000     0.892879521     1.372548604     0.145606597
     5.930000000     0.932812468     1.416124862     0.145479036
     5.940000000     0.979374053     1.457624845     0.146526444
     5.950000000     1.031225009     1.493972288     0.148711065
     5.960000000     1.086824415     1.521908799     0.151996604
     5.970000000     1.144665603     1.540871942     0.156343807
     5.980000000     1.203476776     1.553862522     0.161704084
     5.990000000     1.262342506     1.564899919     0.168012494
     6.000000000     1.320724941     1.575980421     0.175181588
     6.010000000     1.378393041     1.586902472     0.183097540
     6.020000000     1.435295455     1.596995256     0.191619505
     6.030000000     1.491428023     1.605713878     0.200582528
     6.040000000     1.546744012     1.611573820     0.209803683
     6.050000000     1.601135033     1.612050492     0.219090650
     6.060000000     1.654481316     1.605693175     0.228251768
     6.070000000     1.706743905     1.594017328     0.237106620
     6.080000000     1.758058874     1.580780226     0.245496328
     6.090000000     1.808798541     1.569427419     0.253292773
     6.100000000     1.859582184     1.560924910     0.260405871
     6.110000000     1.911238468     1.553389042     0.266787899
     6.120000000     1.964733533     1.543422844     0.272433786
     6.130000000     2.021078219     1.528250163     0.277376581
     6.140000000     2.081218989     1.507628070     0.281677932
     6.150000000     2.145909201     1.483842824     0.285414433
     6.160000000     2.215558893     1.459524385     0.288661852
     6.170000000     2.290074395     1.435505918     0.291480051
     6.180000000     2.368717094     1.409965388     0.293901673
     6.190000000     2.450021898     1.378566219     0.295927089
     6.200000000     2.531810385     1.335893208     0.297526802
     6.210000000     2.611309832     1.278180923     0.298650863
     6.220000000     2.685356430     1.205664879     0.299243317
     6.230000000     2.750634355     1.122432703     0.299258648
     6.240000000     2.803896092     1.033556729     0.298676891
     6.250000000     2.842127454     0.942155052     0.297514497
     6.260000000     2.862655112     0.849302908     0.295828960
     6.270000000     2.863227605     0.755477803     0.293716450
     6.280000000     2.842115392     0.660267406     0.291302950
     6.290000000     2.798262655     0.561494671     0.288730568
     6.300000000     2.731488140     0.458218677     0.286141543
     6.310000000     2.642690759     0.355508874     0.283662959
     6.320000000     2.533987986     0.262754561     0.281395082
     6.330000000     2.408715324     0.187000344     0.279405606
     6.340000000     2.271245093     0.130391179     0.277730777
     6.350000000     2.126631196     0.092406843     0.276382869
     6.360000000     1.980134968     0.071835668     0.275361869
     6.370000000     1.836718387     0.066645606     0.274668160
     6.380000000     1.700595529     0.073700959     0.274312688
     6.390000000     1.574912862     0.089767237     0.274321682
     6.400000000     1.461593808     0.112462163     0.274734432
     6.410000000     1.361346228     0.140007873     0.275594458
     6.420000000     1.273803859     0.170632255     0.276936159
     6.430000000     1.197759133     0.202675965     0.278770308
     6.440000000     1.131443910     0.235145418     0.281072107
     6.450000000     1.072821355     0.267661174     0.283775060
     6.460000000     1.019860639     0.299881371     0.286772598
     6.470000000     0.970772789     0.331332363     0.289927772
     6.480000000     0.924190246     0.361895152     0.293089572
     6.490000000     0.879276535     0.392621733     0.296113046
     6.500000000     0.835758320     0.425756454     0.298879474
     6.510000000     0.793881137     0.463402722     0.301312680
     6.520000000     0.754301165     0.506119387     0.303387993
     6.530000000     0.717935522     0.552817283     0.305131661
     6.540000000     0.685799599     0.601875647     0.306610292
     6.550000000     0.658860052     0.652301987     0.307912187
     6.560000000     0.637926349     0.703968637     0.309124494
     6.570000000     0.623594156     0.757063279     0.310311611
     6.580000000     0.616242534     0.811352217     0.311500360
     6.590000000     0.616075740     0.865755193     0.312676042
     6.600000000     0.623190612     0.918763144     0.313790606
     6.610000000     0.637643312     0.969437330     0.314780722
     6.620000000     0.659486814     1.017810944     0.315590467
     6.630000000     0.688755498     1.064330007     0.316191961
     6.640000000     0.725387383     1.109385223     0.316597901
     6.650000000     0.769096485     1.153401509     0.316862598
     6.660000000     0.819232062     1.196536207     0.317071739
     6.670000000     0.874678973     1.237654427     0.317324421
     6.680000000     0.933854790     1.273759523     0.317712884
     6.690000000     0.994839341     1.300937327     0.318305292
     6.700000000     1.055633428     1.316374771     0.319135078
     6.710000000     1.114496273     1.320217569     0.320197790
     6.720000000     1.170271887     1.316120019     0.321454031
     6.730000000     1.222598892     1.309558967     0.322835845
     6.740000000     1.271915943     1.304790960     0.324254025
     6.750000000     1.319224823     1.303347214     0.325604880
     6.760000000     1.365643467     1.305092579     0.326776301
     6.770000000     1.411851562     1.309367729     0.327653818
     6.780000000     1.457579679     1.314487923     0.328127318
     6.790000000     1.501301022     1.316801318     0.328098403
     6.800000000     1.540245438     1.310869479     0.327487366
     6.810000000     1.570774710     1.291328619     0.326238200
     6.820000000     1.589056788     1.255741523     0.324320184
     6.830000000     1.591884422     1.206584254     0.321725534
     6.840000000     1.577431014     1.151364276     0.318463961
     6.850000000     1.545743838     1.100906915     0.314556077
     6.860000000     1.498843957     1.065814377     0.310028016
     6.870000000     1.440413448     1.052400630     0.304909136
     6.880000000     1.375168322     1.060731892     0.299233368
     6.890000000     1.308100250     1.085675346     0.293043364
     6.900000000     1.243793121     1.119606948     0.286395487
     6.910000000     1.185974774     1.155536111     0.279363472
     6.920000000     1.137367821     1.189819176     0.272039196
     6.930000000     1.099792435     1.223027019     0.264530221
     6.940000000     1.074389220     1.257806836     0.256954965
     6.950000000     1.061802443     1.296003664     0.249437086
     6.960000000     1.062202356     1.338686501     0.242100583
     6.970000000     1.075114754     1.387481132     0.235066434
     6.980000000     1.099131493     1.442993183     0.228450536
     6.990000000     1.131655483     1.501604987     0.222362020
     7.000000000     1.168853905     1.555070353     0.216900771
     7.010000000     1.205941497     1.593672568     0.212153553
     7.020000000     1.237806893     1.610843141     0.208188976
     7.030000000     1.259867571     1.607205764     0.205052408
     7.040000000     1.268941657     1.592007241     0.202762261
     7.050000000     1.263896650     1.580043686     0.201308703
     7.060000000     1.245890236     1.584990762     0.200654988
     7.070000000     1.218138046     1.613813214     0.200740535
     7.080000000     1.185284019     1.665723790     0.201484266
     7.090000000     1.152559442     1.734436652     0.202786806
     7.100000000     1.124958811     1.811517649     0.204530939
     7.110000000     1.106624813     1.890094440     0.206580953
     7.120000000     1.100541797     1.967480726     0.208782596
     7.130000000     1.108528069     2.044884147     0.210965787
     7.140000000     1.131434559     2.124835368     0.212951729
     7.150000000     1.169427576     2.209081214     0.214564768
     7.160000000     1.222258121     2.298161044     0.215647639
     7.170000000     1.289478630     2.391478140     0.216077273
     7.180000000     1.370627836     2.487012557     0.215777756
     7.190000000     1.465437349     2.581248194     0.214727420
     7.200000000     1.574106940     2.670071949     0.212958508
     7.210000000     1.697656427     2.750758094     0.210549678
     7.220000000     1.838312010     2.824290964     0.207613323
     7.230000000     1.999848436     2.895930119     0.204280597
     7.240000000     2.187800504     2.972213409     0.200687011
     7.250000000     2.409476309     3.056417851     0.196960534
     7.260000000     2.673733330     3.146351213     0.193212931
     7.270000000     2.990494998     3.235283580     0.189533929
     7.280000000     3.369977543     3.314437740     0.185987361
     7.290000000     3.821573126     3.375222432     0.182608624
     7.300000000     4.352325411     3.410248525     0.179403469
     7.310000000     4.964977153     3.413547388     0.176348828
     7.320000000     5.655692719     3.380003458     0.173396657
     7.330000000     6.411753826     3.302474869     0.170481425
     7.340000000     7.209741106     3.166799104     0.167530982
     7.350000000     8.014858043     2.948967001     0.164479419
     7.360000000     8.782032325     2.618378221     0.161279728
     7.370000000     9.459183389     2.146595652     0.157913769
     7.380000000     9.992587538     1.517685682     0.154397572
     7.390000000    10.333703674     0.738048198     0.150780994
     7.400000000    10.446309614    -0.154699638     0.147141937
     7.410000000    10.312520797    -1.090174734     0.143576439
     7.420000000     9.936345981    -1.980413500     0.140186539
     7.430000000     9.343895411    -2.744826385     0.137068020
     7.440000000     8.580086400    -3.327227877     0.134299931
     7.450000000     7.702483310    -3.705705065     0.131937345
     7.460000000     6.773530943    -3.897548336     0.130008290
     7.470000000     5.852715932    -3.948335777     0.128515179
     7.480000000     4.990060836    -3.909517504     0.127440377
     7.490000000     4.221894688    -3.821101393     0.126754855
     7.500000000     3.569223354    -3.706732100     0.126428139
     7.510000000     3.038442473    -3.578372476     0.126437344
     7.520000000     2.623747991    -3.443560061     0.126773006
     7.530000000     2.310465247    -3.310064124     0.127439984
     7.540000000     2.078601352    -3.187093182     0.128452726
     7.550000000     1.906129912    -3.083916591     0.129825631
     7.560000000     1.771734684    -3.007451407     0.131560481
     7.570000000     1.656897369    -2.960022290     0.133633867
     7.580000000     1.547296379    -2.936602580     0.135987669
     7.590000000     1.433514294    -2.923035364     0.138525095
     7.600000000     1.311074447    -2.900937056     0.141113597
     7.610000000     1.179871517    -2.857874041     0.143594535
     7.620000000     1.043128771    -2.792223944     0.145798067
     7.630000000     0.906082387    -2.709449847     0.147560712
     7.640000000     0.774629673    -2.616454201     0.148742610
     7.650000000     0.654162683    -2.518701810     0.149241678
     7.660000000     0.548743389    -2.419733468     0.149002649
     7.670000000     0.460683321    -2.321611078     0.148020099
     7.680000000     0.390500036    -2.225618775     0.146335817
     7.690000000     0.337159861    -2.132887761     0.144031869
     7.700000000     0.298491469    -2.044660114     0.141221169
     7.710000000     0.271662414    -1.962267946     0.138037295
     7.720000000     0.253636549    -1.887012360     0.134624682
     7.730000000     0.241559124    -1.819715529     0.131129614
     7.740000000     0.233039664    -1.759820120     0.127691839
     7.750000000     0.226318850    -1.704908082     0.124436494
     7.760000000     0.220318031    -1.651813093     0.121466330
     7.770000000     0.214582150    -1.598610519     0.118854685
     7.780000000     0.209139753    -1.545345972     0.116640100
     7.790000000     0.204314759    -1.493094908     0.114823589
     7.800000000     0.200530217    -1.442821872     0.113369241
     7.810000000     0.198141600    -1.394984485     0.112208403
     7.820000000     0.197326620    -1.349648243     0.111247093
     7.830000000     0.198042837    -1.306781874     0.110375947
     7.840000000     0.200047880    -1.266605929     0.109481791
     7.850000000     0.202963863    -1.229607339     0.108459785
     7.860000000     0.206360249    -1.196080235     0.107224955
     7.870000000     0.209829163    -1.165685671     0.105721706
     7.880000000     0.213033276    -1.137475901     0.103929808
     7.890000000     0.215717242    -1.110329749     0.101865489
     7.900000000     0.217686200    -1.083525102     0.099576840
     7.910000000     0.218765574    -1.057124288     0.097133807
     7.920000000     0.218761942    -1.031891566     0.094614234
     7.930000000     0.217443353    -1.008800202     0.092088607
     7.940000000     0.214549524    -0.988410871     0.089606672
     7.950000000     0.209830819    -0.970483296     0.087188913
     7.960000000     0.203104142    -0.954089365     0.084824801
     7.970000000     0.194307852    -0.938061506     0.082478075
     7.980000000     0.183538418    -0.921398216     0.080097563
     7.990000000     0.171058124    -0.903518392     0.077630707
     8.000000000     0.157272515    -0.884372845     0.075036406
     8.010000000     0.142684812    -0.864308551     0.072294207
     8.020000000     0.127839275    -0.843702223     0.069408089
     8.030000000     0.113265665    -0.822646481     0.066404613
     8.040000000     0.099433656    -0.800985226     0.063326676
     8.050000000     0.086721298    -0.778620249     0.060224990
     8.060000000     0.075397738    -0.755701331     0.057149616
     8.070000000     0.065618118    -0.732565411     0.054143423
     8.080000000     0.057428103    -0.709587396     0.051238507
     8.090000000     0.050775930    -0.687065599     0.048455674
     8.100000000     0.045530258    -0.665166875     0.045806299
     8.110000000     0.041502186    -0.643941810     0.043295464
     8.120000000     0.038469337    -0.623402490     0.040925149
     8.130000000     0.036199499    -0.603577789     0.038696525
     8.140000000     0.034471249    -0.584478629     0.036610806
     8.150000000     0.033089443    -0.566040238     0.034668653
     8.160000000     0.031894481    -0.548152260     0.032868585
     8.170000000     0.030765397    -0.530734869     0.031205166
     8.180000000     0.029617966    -0.513737588     0.029667758
     8.190000000     0.028399628    -0.497104454     0.028240462
     8.200000000     0.027083256    -0.480795091     0.026903433
     8.210000000     0.025661339    -0.464811459     0.025635302
     8.220000000     0.024141478    -0.449172094     0.024416087
     8.230000000     0.022543186    -0.433861714     0.023229760
     8.240000000     0.020895404    -0.418805121     0.022065789
     8.250000000     0.019233828    -0.403898319     0.020919248
     8.260000000     0.017597396    -0.389066614     0.019789559
     8.270000000     0.016023852    -0.374294133     0.018678305
     8.280000000     0.014544900    -0.359616616     0.017586823
     8.290000000     0.013181970    -0.345091235     0.016514288
     8.300000000     0.011943652    -0.330765526     0.015456843
     8.310000000     0.010825506    -0.316661260     0.014407975
     8.320000000     0.009812360    -0.302772295     0.013360001
     8.330000000     0.008882524    -0.289072137     0.012306247
     8.340000000     0.008012888    -0.275528095     0.011243327
     8.350000000     0.007183733    -0.262108148     0.010172953
     8.360000000     0.006382244    -0.248775214     0.009102803
     8.370000000     0.005604206    -0.235489347     0.008046205
     8.380000000     0.004853893    -0.222216081     0.007020655
     8.390000000     0.004142736    -0.208925251     0.006045438
     8.400000000     0.003487835    -0.195592305     0.005138844
     8.410000000     0.002911758    -0.182204854     0.004315548
     8.420000000     0.002445347    -0.168759503     0.003584735
     8.430000000     0.002135464    -0.155250196     0.002949314
     8.440000000     0.002059658    -0.141658289     0.002406347
     8.450000000     0.002349351    -0.127949041     0.001948446
     8.460000000     0.003221982    -0.114076207     0.001565728
     8.470000000     0.005020054    -0.099991271     0.001247779
     8.480000000     0.008250811    -0.085649496     0.000985188
     8.490000000     0.013614621    -0.071011799     0.000770396
     8.500000000     0.022004307    -0.056048442     0.000597843
     8.510000000     0.034454134    -0.040749814     0.000463571
     8.520000000     0.052019652    -0.025148580     0.000364543
     8.530000000     0.075580997    -0.009360297     0.000297919
     8.540000000     0.105583777     0.006344264     0.000260456
     8.550000000     0.141759714     0.021413391     0.000248121
     8.560000000     0.182895645     0.034805803     0.000255938
     8.570000000     0.226732456     0.044679246     0.000278063
     8.580000000     0.270064418     0.048037770     0.000308063
     8.590000000     0.309069807     0.040672182     0.000339386
     8.600000000     0.339842414     0.018254923     0.000365954
     8.610000000     0.359028187    -0.020452207     0.000382798
     8.620000000     0.364425363    -0.069674527     0.000386613
     8.630000000     0.355399890    -0.117352782     0.000376090
     8.640000000     0.333007806    -0.152515984     0.000351948
     8.650000000     0.299791880    -0.171392710     0.000316641
     8.660000000     0.259306611    -0.176417563     0.000273793
     8.670000000     0.215494187    -0.172101875     0.000227496
     8.680000000     0.172062315    -0.162385803     0.000181631
     8.690000000     0.131997040    -0.149946685     0.000139332
     8.700000000     0.097290593    -0.136390890     0.000102695
     8.710000000     0.068897859    -0.122612110     0.000072724
     8.720000000     0.046877973    -0.109077059     0.000049481
     8.730000000     0.030645037    -0.096010034     0.000032347
     8.740000000     0.019247737    -0.083502267     0.000020316
     8.750000000     0.011615220    -0.071574180     0.000012260
     8.760000000     0.006734470    -0.060210083     0.000007108
     8.770000000     0.003751523    -0.049377255     0.000003960
     8.780000000     0.002007891    -0.039036287     0.000002119
     8.790000000     0.001032525    -0.029146537     0.000001090
     8.800000000     0.000510140    -0.019668907     0.000000538
     8.810000000     0.000242162    -0.010567120     0.000000256
     8.820000000     0.000110447    -0.001808199     0.000000117
     8.830000000     0.000048398     0.006637490     0.000000051
     8.840000000     0.000020376     0.014796398     0.000000022
     8.850000000     0.000008242     0.022692062     0.000000009
     8.860000000     0.000003203     0.030345397     0.000000003
     8.870000000     0.000001196     0.037774994     0.000000001
     8.880000000     0.000000429     0.044997393     0.000000000
     8.890000000     0.000000148     0.052027338     0.000000000
     8.900000000     0.000000049     0.058877997     0.000000000
     8.910000000     0.000000016     0.065561162     0.000000000
     8.920000000     0.000000005     0.072087417     0.000000000
     8.930000000     0.000000001     0.078466290     0.000000000
     8.940000000     0.000000000     0.084706383     0.000000000
     8.950000000     0.000000000     0.090815479     0.000000000
     8.960000000     0.000000000     0.096800645     0.000000000
     8.970000000     0.000000000     0.102668312     0.000000000
     8.980000000     0.000000000     0.108424349     0.000000000
     8.990000000     0.000000000     0.114074128     0.000000000
     9.000000000     0.000000000     0.119622574     0.000000000
     9.010000000     0.000000000     0.125074219     0.000000000
     9.020000000     0.000000000     0.130433241     0.000000000
     9.030000000     0.000000000     0.135703500     0.000000000
     9.040000000     0.000000000     0.140888573     0.000000000
     9.050000000     0.000000000     0.145991780     0.000000000
     9.060000000     0.000000000     0.151016209     0.000000000
     9.070000000     0.000000000     0.155964739     0.000000000
     9.080000000     0.000000000     0.160840060     0.000000000
     9.090000000     0.000000000     0.165644688     0.000000000
     9.100000000     0.000000000     0.170380985     0.000000000
     9.110000000     0.000000000     0.175051166     0.000000000
     9.120000000     0.000000000     0.179657318     0.000000000
     9.130000000     0.000000000     0.184201407     0.000000000
     9.140000000     0.000000000     0.188685290     0.000000000
     9.150000000     0.000000000     0.193110721     0.000000000
     9.160000000     0.000000000     0.197479363     0.000000000
     9.170000000     0.000000000     0.201792790     0.000000000
     9.180000000     0.000000000     0.206052499     0.000000000
     9.190000000     0.000000000     0.210259912     0.000000000
     9.200000000     0.000000000     0.214416385     0.000000000
     9.210000000     0.000000000     0.218523207     0.000000000
     9.220000000     0.000000000     0.222581612     0.000000000
     9.230000000     0.000000000     0.226592775     0.000000000
     9.240000000     0.000000000     0.230557823     0.000000000
     9.250000000     0.000000000     0.234477834     0.000000000
     9.260000000     0.000000000     0.238353840     0.000000000
     9.270000000     0.000000000     0.242186833     0.000000000
     9.280000000     0.000000000     0.245977764     0.000000000
     9.290000000     0.000000000     0.249727549     0.000000000
     9.300000000     0.000000000     0.253437067     0.000000000
     9.310000000     0.000000000     0.257107166     0.000000000
     9.320000000     0.000000000     0.260738664     0.000000000
     9.330000000     0.000000000     0.264332347     0.000000000
     9.340000000     0.000000000     0.267888976     0.000000000
     9.350000000     0.000000000     0.271409286     0.000000000
     9.360000000     0.000000000     0.274893989     0.000000000
     9.370000000     0.000000000     0.278343770     0.000000000
     9.380000000     0.000000000     0.281759297     0.000000000
     9.390000000     0.000000000     0.285141214     0.000000000
     9.400000000     0.000000000     0.288490147     0.000000000
     9.410000000     0.000000000     0.291806705     0.000000000
     9.420000000     0.000000000     0.295091478     0.000000000
     9.430000000     0.000000000     0.298345041     0.000000000
     9.440000000     0.000000000     0.301567951     0.000000000
     9.450000000     0.000000000     0.304760755     0.000000000
     9.460000000     0.000000000     0.307923984     0.000000000
     9.470000000     0.000000000     0.311058157     0.000000000
     9.480000000     0.000000001     0.314163781     0.000000001
     9.490000000     0.000000003     0.317241353     0.000000002
     9.500000000     0.000000008     0.320291361     0.000000004
     9.510000000     0.000000021     0.323314283     0.000000011
     9.520000000     0.000000050     0.326310591     0.000000027
     9.530000000     0.000000118     0.329280748     0.000000063
     9.540000000     0.000000268     0.332225215     0.000000142
     9.550000000     0.000000581     0.335144444     0.000000308
     9.560000000     0.000001212     0.338038888     0.000000643
     9.570000000     0.000002429     0.340908992     0.000001289
     9.580000000     0.000004677     0.343755202     0.000002481
     9.590000000     0.000008653     0.346577959     0.000004591
     9.600000000     0.000015380     0.349377696     0.000008160
     9.610000000     0.000026267     0.352154835     0.000013937
     9.620000000     0.000043100     0.354909770     0.000022868
     9.630000000     0.000067948     0.357642848     0.000036052
     9.640000000     0.000102921     0.360354323     0.000054608
     9.650000000     0.000149782     0.363044276     0.000079472
     9.660000000     0.000209433     0.365712473     0.000111121
     9.670000000     0.000281357     0.368358116     0.000149283
     9.680000000     0.000363161     0.370979432     0.000192687
     9.690000000     0.000450369     0.373573053     0.000238958
     9.700000000     0.000536619     0.376133313     0.000284720
     9.710000000     0.000614316     0.378652126     0.000325945
     9.720000000     0.000675687     0.381121130     0.000358508
     9.730000000     0.000714049     0.383538045     0.000378862
     9.740000000     0.000725000     0.385914496     0.000384672
     9.750000000     0.000707256     0.388274673     0.000375258
     9.760000000     0.000662894     0.390640725     0.000351720
     9.770000000     0.000596951     0.393020510     0.000316732
     9.780000000     0.000516490     0.395409482     0.000274041
     9.790000000     0.000429352     0.397798904     0.000227807
     9.800000000     0.000342921     0.400181146     0.000181948
     9.810000000     0.000263149     0.402551088     0.000139622
     9.820000000     0.000194016     0.404905739     0.000102942
     9.830000000     0.000137437     0.407243527     0.000072921
     9.840000000     0.000093539     0.409563731     0.000049630
     9.850000000     0.000061167     0.411866107     0.000032454
     9.860000000     0.000038430     0.414150678     0.000020390
     9.870000000     0.000023198     0.416417599     0.000012308
     9.880000000     0.000013454     0.418667100     0.000007138
     9.890000000     0.000007497     0.420899436     0.000003978
     9.900000000     0.000004014     0.423114877     0.000002130
     9.910000000     0.000002065     0.425313687     0.000001095
     9.920000000     0.000001020     0.427496128     0.000000541
     9.930000000     0.000000485     0.429662452     0.000000257
     9.940000000     0.000000221     0.431812901     0.000000117
     9.950000000     0.000000097     0.433947707     0.000000051
     9.960000000     0.000000041     0.436067093     0.000000022
     9.970000000     0.000000017     0.438171275     0.000000009
     9.980000000     0.000000006     0.440260458     0.000000003
     9.990000000     0.000000002     0.442334843     0.000000001
    10.000000000     0.000000001     0.444394621     0.000000000
    10.010000000     0.000000000     0.446439979     0.000000000
    10.020000000     0.000000000     0.448471097     0.000000000
    10.030000000     0.000000000     0.450488152     0.000000000
    10.040000000     0.000000000     0.452491313     0.000000000
    10.050000000     0.000000000     0.454480746     0.000000000
    10.060000000     0.000000000     0.456456615     0.000000000
    10.070000000     0.000000000     0.458419076     0.000000000
    10.080000000     0.000000000     0.460368284     0.000000000
    10.090000000     0.000000000     0.462304391     0.000000000
    10.100000000     0.000000000     0.464227543     0.000000000
    10.110000000     0.000000000     0.466137886     0.000000000
    10.120000000     0.000000000     0.468035562     0.000000000
    10.130000000     0.000000000     0.469920708     0.000000000
    10.140000000     0.000000000     0.471793462     0.000000000
    10.150000000     0.000000000     0.473653957     0.000000000
    10.160000000     0.000000000     0.475502325     0.000000000
    10.170000000     0.000000000     0.477338694     0.000000000
    10.180000000     0.000000000     0.479163191     0.000000000
    10.190000000     0.000000000     0.480975941     0.000000000
    10.200000000     0.000000000     0.482777065     0.000000000
    10.210000000     0.000000000     0.484566685     0.000000000
    10.220000000     0.000000000     0.486344919     0.000000000
    10.230000000     0.000000000     0.488111882     0.000000000
    10.240000000     0.000000000     0.489867690     0.000000000
    10.250000000     0.000000000     0.491612456     0.000000000
    10.260000000     0.000000000     0.493346290     0.000000000
    10.270000000     0.000000000     0.495069302     0.000000000
    10.280000000     0.000000000     0.496781599     0.000000000
    10.290000000     0.000000000     0.498483288     0.000000000
    10.300000000     0.000000000     0.500174472     0.000000000
    10.310000000     0.000000000     0.501855256     0.000000000
    10.320000000     0.000000000     0.503525739     0.000000000
    10.330000000     0.000000000     0.505186022     0.000000000
    10.340000000     0.000000000     0.506836204     0.000000000
    10.350000000     0.000000000     0.508476381     0.000000000
    10.360000000     0.000000000     0.510106649     0.000000000
    10.370000000     0.000000000     0.511727103     0.000000000
    10.380000000     0.000000000     0.513337835     0.000000000
    10.390000000     0.000000000     0.514938938     0.000000000
    10.400000000     0.000000000     0.516530501     0.000000000
    10.410000000     0.000000000     0.518112613     0.000000000
    10.420000000     0.000000000     0.519685364     0.000000000
    10.430000000     0.000000000     0.521248840     0.000000000
    10.440000000     0.000000000     0.522803125     0.000000000
    10.450000000     0.000000000     0.524348306     0.000000000
    10.460000000     0.000000000     0.525884464     0.000000000
    10.470000000     0.000000000     0.527411683     0.000000000
    10.480000000     0.000000000     0.528930043     0.000000000
    10.490000000     0.000000000     0.530439625     0.000000000
    10.500000000     0.000000000     0.531940508     0.000000000
    10.510000000     0.000000000     0.533432770     0.000000000
    10.520000000     0.000000000     0.534916487     0.000000000
    10.530000000     0.000000000     0.536391737     0.000000000
    10.540000000     0.000000000     0.537858594     0.000000000
    10.550000000     0.000000000     0.539317131     0.000000000
    10.560000000     0.000000000     0.540767423     0.000000000
    10.570000000     0.000000000     0.542209542     0.000000000
    10.580000000     0.000000000     0.543643559     0.000000000
    10.590000000     0.000000000     0.545069545     0.000000000
    10.600000000     0.000000000     0.546487568     0.000000000
    10.610000000     0.000000000     0.547897699     0.000000000
    10.620000000     0.000000000     0.549300005     0.000000000
    10.630000000     0.000000000     0.550694552     0.000000000
    10.640000000     0.000000000     0.552081408     0.000000000
    10.650000000     0.000000000     0.553460638     0.000000000
    10.660000000     0.000000000     0.554832306     0.000000000
    10.670000000     0.000000000     0.556196477     0.000000000
    10.680000000     0.000000000     0.557553214     0.000000000
    10.690000000     0.000000000     0.558902578     0.000000000
    10.700000000     0.000000000     0.560244632     0.000000000
    10.710000000     0.000000000     0.561579437     0.000000000
    10.720000000     0.000000000     0.562907052     0.000000000
    10.730000000     0.000000000     0.564227538     0.000000000
    10.740000000     0.000000000     0.565540953     0.000000000
    10.750000000     0.000000000     0.566847355     0.000000000
    10.760000000     0.000000000     0.568146802     0.000000000
    10.770000000     0.000000000     0.569439351     0.000000000
    10.780000000     0.000000000     0.570725058     0.000000000
    10.790000000     0.000000000     0.572003978     0.000000000
    10.800000000     0.000000000     0.573276166     0.000000000
    10.810000000     0.000000000     0.574541676     0.000000000
    10.820000000     0.000000000     0.575800563     0.000000000
    10.830000000     0.000000000     0.577052879     0.000000000
    10.840000000     0.000000000     0.578298676     0.000000000
    10.850000000     0.000000000     0.579538007     0.000000000
    10.860000000     0.000000000     0.580770923     0.000000000
    10.870000000     0.000000000     0.581997474     0.000000000
    10.880000000     0.000000000     0.583217711     0.000000000
    10.890000000     0.000000000     0.584431683     0.000000000
    10.900000000     0.000000000     0.585639439     0.000000000
    10.910000000     0.000000000     0.586841028     0.000000000
    10.920000000     0.000000000     0.588036499     0.000000000
    10.930000000     0.000000000     0.589225897     0.000000000
    10.940000000     0.000000000     0.590409271     0.000000000
    10.950000000     0.000000000     0.591586667     0.000000000
    10.960000000     0.000000000     0.592758130     0.000000000
    10.970000000     0.000000000     0.593923706     0.000000000
    10.980000000     0.000000000     0.595083441     0.000000000
    10.990000000     0.000000000     0.596237379     0.000000000
    11.000000000     0.000000000     0.597385563     0.000000000
