 # Column 1: omega
 # Column 2: eps2(omega)
 # Column 3: eps1(omega)
 # Column 4: JDOS(omega)
     0.000000000     0.000000000     2.397753758     0.000000000
     0.010000000     0.000000000     2.397770466     0.000000000
     0.020000000     0.000000000     2.397820594     0.000000000
     0.030000000     0.000000000     2.397904158     0.000000000
     0.040000000     0.000000000     2.398021179     0.000000000
     0.050000000     0.000000000     2.398171691     0.000000000
     0.060000000     0.000000000     2.398355736     0.000000000
     0.070000000     0.000000000     2.398573364     0.000000000
     0.080000000     0.000000000     2.398824637     0.000000000
     0.090000000     0.000000000     2.399109624     0.000000000
     0.100000000     0.000000000     2.399428406     0.000000000
     0.110000000     0.000000000     2.399781072     0.000000000
     0.120000000     0.000000000     2.400167721     0.000000000
     0.130000000     0.000000000     2.400588461     0.000000000
     0.140000000     0.000000000     2.401043412     0.000000000
     0.150000000     0.000000000     2.401532702     0.000000000
     0.160000000     0.000000000     2.402056470     0.000000000
     0.170000000     0.000000000     2.402614865     0.000000000
     0.180000000     0.000000000     2.403208045     0.000000000
     0.190000000     0.000000000     2.403836182     0.000000000
     0.200000000     0.000000000     2.404499453     0.000000000
     0.210000000     0.000000000     2.405198052     0.000000000
     0.220000000     0.000000000     2.405932180     0.000000000
     0.230000000     0.000000000     2.406702049     0.000000000
     0.240000000     0.000000000     2.407507885     0.000000000
     0.250000000     0.000000000     2.408349923     0.000000000
     0.260000000     0.000000000     2.409228410     0.000000000
     0.270000000     0.000000000     2.410143606     0.000000000
     0.280000000     0.000000000     2.411095783     0.000000000
     0.290000000     0.000000000     2.412085224     0.000000000
     0.300000000     0.000000000     2.413112227     0.000000000
     0.310000000     0.000000000     2.414177101     0.000000000
     0.320000000     0.000000000     2.415280168     0.000000000
     0.330000000     0.000000000     2.416421765     0.000000000
     0.340000000     0.000000000     2.417602243     0.000000000
     0.350000000     0.000000000     2.418821966     0.000000000
     0.360000000     0.000000000     2.420081312     0.000000000
     0.370000000     0.000000000     2.421380676     0.000000000
     0.380000000     0.000000000     2.422720467     0.000000000
     0.390000000     0.000000000     2.424101109     0.000000000
     0.400000000     0.000000000     2.425523044     0.000000000
     0.410000000     0.000000000     2.426986729     0.000000000
     0.420000000     0.000000000     2.428492639     0.000000000
     0.430000000     0.000000000     2.430041266     0.000000000
     0.440000000     0.000000000     2.431633120     0.000000000
     0.450000000     0.000000000     2.433268730     0.000000000
     0.460000000     0.000000000     2.434948644     0.000000000
     0.470000000     0.000000000     2.436673429     0.000000000
     0.480000000     0.000000000     2.438443673     0.000000000
     0.490000000     0.000000000     2.440259986     0.000000000
     0.500000000     0.000000000     2.442122998     0.000000000
     0.510000000     0.000000000     2.444033362     0.000000000
     0.520000000     0.000000000     2.445991754     0.000000000
     0.530000000     0.000000000     2.447998875     0.000000000
     0.540000000     0.000000000     2.450055449     0.000000000
     0.550000000     0.000000000     2.452162227     0.000000000
     0.560000000     0.000000000     2.454319986     0.000000000
     0.570000000     0.000000000     2.456529530     0.000000000
     0.580000000     0.000000000     2.458791693     0.000000000
     0.590000000     0.000000000     2.461107336     0.000000000
     0.600000000     0.000000000     2.463477354     0.000000000
     0.610000000     0.000000000     2.465902670     0.000000000
     0.620000000     0.000000000     2.468384243     0.000000000
     0.630000000     0.000000000     2.470923064     0.000000000
     0.640000000     0.000000000     2.473520162     0.000000000
     0.650000000     0.000000000     2.476176602     0.000000000
     0.660000000     0.000000000     2.478893486     0.000000000
     0.670000000     0.000000000     2.481671959     0.000000000
     0.680000000     0.000000000     2.484513205     0.000000000
     0.690000000     0.000000000     2.487418452     0.000000000
     0.700000000     0.000000000     2.490388976     0.000000000
     0.710000000     0.000000000     2.493426097     0.000000000
     0.720000000     0.000000000     2.496531186     0.000000000
     0.730000000     0.000000000     2.499705664     0.000000000
     0.740000000     0.000000000     2.502951008     0.000000000
     0.750000000     0.000000000     2.506268750     0.000000000
     0.760000000     0.000000000     2.509660480     0.000000000
     0.770000000     0.000000000     2.513127851     0.000000000
     0.780000000     0.000000000     2.516672578     0.000000000
     0.790000000     0.000000000     2.520296446     0.000000000
     0.800000000     0.000000000     2.524001309     0.000000000
     0.810000000     0.000000000     2.527789095     0.000000000
     0.820000000     0.000000000     2.531661808     0.000000000
     0.830000000     0.000000000     2.535621538     0.000000000
     0.840000000     0.000000000     2.539670455     0.000000000
     0.850000000     0.000000000     2.543810821     0.000000000
     0.860000000     0.000000000     2.548044994     0.000000000
     0.870000000     0.000000000     2.552375428     0.000000000
     0.880000000     0.000000000     2.556804684     0.000000000
     0.890000000     0.000000000     2.561335431     0.000000000
     0.900000000     0.000000000     2.565970456     0.000000000
     0.910000000     0.000000000     2.570712667     0.000000000
     0.920000000     0.000000000     2.575565100     0.000000000
     0.930000000     0.000000000     2.580530929     0.000000000
     0.940000000     0.000000000     2.585613470     0.000000000
     0.950000000     0.000000000     2.590816195     0.000000000
     0.960000000     0.000000000     2.596142732     0.000000000
     0.970000000     0.000000000     2.601596882     0.000000000
     0.980000000     0.000000000     2.607182629     0.000000000
     0.990000000     0.000000000     2.612904144     0.000000000
     1.000000000     0.000000000     2.618765804     0.000000000
     1.010000000     0.000000000     2.624772205     0.000000000
     1.020000000     0.000000000     2.630928167     0.000000000
     1.030000000     0.000000000     2.637238759     0.000000000
     1.040000000     0.000000000     2.643709310     0.000000000
     1.050000000     0.000000000     2.650345425     0.000000000
     1.060000000     0.000000000     2.657153007     0.000000000
     1.070000000     0.000000000     2.664138277     0.000000000
     1.080000000     0.000000000     2.671307790     0.000000000
     1.090000000     0.000000000     2.678668469     0.000000000
     1.100000000     0.000000000     2.686227621     0.000000000
     1.110000000     0.000000000     2.693992971     0.000000000
     1.120000000     0.000000000     2.701972691     0.000000000
     1.130000000     0.000000000     2.710175433     0.000000000
     1.140000000     0.000000000     2.718610367     0.000000000
     1.150000000     0.000000000     2.727287219     0.000000000
     1.160000000     0.000000000     2.736216317     0.000000000
     1.170000000     0.000000000     2.745408637     0.000000000
     1.180000000     0.000000000     2.754875859     0.000000000
     1.190000000     0.000000000     2.764630420     0.000000000
     1.200000000     0.000000000     2.774685584     0.000000000
     1.210000000     0.000000000     2.785055512     0.000000000
     1.220000000     0.000000000     2.795755335     0.000000000
     1.230000000     0.000000000     2.806801248     0.000000000
     1.240000000     0.000000000     2.818210604     0.000000000
     1.250000000     0.000000000     2.830002018     0.000000000
     1.260000000     0.000000000     2.842195493     0.000000000
     1.270000000     0.000000000     2.854812550     0.000000000
     1.280000000     0.000000000     2.867876376     0.000000000
     1.290000000     0.000000000     2.881411996     0.000000000
     1.300000000     0.000000000     2.895446458     0.000000000
     1.310000000     0.000000000     2.910009047     0.000000000
     1.320000000     0.000000000     2.925131522     0.000000000
     1.330000000     0.000000000     2.940848390     0.000000000
     1.340000000     0.000000000     2.957197207     0.000000000
     1.350000000     0.000000000     2.974218931     0.000000000
     1.360000000     0.000000000     2.991958316     0.000000000
     1.370000000     0.000000000     3.010464360     0.000000000
     1.380000000     0.000000001     3.029790828     0.000000000
     1.390000000     0.000000005     3.049996837     0.000000000
     1.400000000     0.000000017     3.071147533     0.000000000
     1.410000000     0.000000054     3.093314876     0.000000000
     1.420000000     0.000000168     3.116578528     0.000000001
     1.430000000     0.000000508     3.141026887     0.000000002
     1.440000000     0.000001480     3.166758277     0.000000005
     1.450000000     0.000004161     3.193882311     0.000000012
     1.460000000     0.000011276     3.222521460     0.000000029
     1.470000000     0.000029460     3.252812854     0.000000069
     1.480000000     0.000074176     3.284910315     0.000000157
     1.490000000     0.000179949     3.318986657     0.000000343
     1.500000000     0.000420517     3.355236220     0.000000720
     1.510000000     0.000946383     3.393877586     0.000001452
     1.520000000     0.002050699     3.435156348     0.000002819
     1.530000000     0.004277572     3.479347650     0.000005265
     1.540000000     0.008587534     3.526757977     0.000009463
     1.550000000     0.016589630     3.577725217     0.000016370
     1.560000000     0.030834007     3.632615243     0.000027263
     1.570000000     0.055129306     3.691811869     0.000043719
     1.580000000     0.094805796     3.755694514     0.000067522
     1.590000000     0.156795493     3.824593536     0.000100465
     1.600000000     0.249362339     3.898705217     0.000144039
     1.610000000     0.381315678     3.977934542     0.000199044
     1.620000000     0.560606959     4.061610059     0.000265175
     1.630000000     0.792358517     4.147977128     0.000340678
     1.640000000     1.076590275     4.233323836     0.000422178
     1.650000000     1.406141447     4.310549663     0.000504781
     1.660000000     1.765441045     4.367033764     0.000582495
     1.670000000     2.130767796     4.382023307     0.000648953
     1.680000000     2.472397444     4.325030265     0.000698345
     1.690000000     2.758582221     4.160039353     0.000726400
     1.700000000     2.960756508     3.864306383     0.000731236
     1.710000000     3.058895270     3.461676951     0.000713906
     1.720000000     3.045750656     3.036884589     0.000678533
     1.730000000     2.928862313     2.691984273     0.000631999
     1.740000000     2.729752119     2.482414256     0.000583246
     1.750000000     2.480416920     2.403413103     0.000542310
     1.760000000     2.217896857     2.420238440     0.000519241
     1.770000000     1.978117135     2.496378021     0.000523066
     1.780000000     1.790273930     2.603929878     0.000560933
     1.790000000     1.672786353     2.723018395     0.000637549
     1.800000000     1.631391084     2.837825431     0.000754973
     1.810000000     1.659472168     2.932693985     0.000912812
     1.820000000     1.740319268     2.990181019     0.001108796
     1.830000000     1.850749830     2.993554958     0.001339682
     1.840000000     1.965409225     2.935095710     0.001602351
     1.850000000     2.061044855     2.823560729     0.001894955
     1.860000000     2.120107492     2.679120043     0.002217957
     1.870000000     2.133157472     2.522620030     0.002574906
     1.880000000     2.099747858     2.377565323     0.002972872
     1.890000000     2.027714751     2.273067942     0.003422469
     1.900000000     1.931093076     2.229717924     0.003937442
     1.910000000     1.827134733     2.246589112     0.004533763
     1.920000000     1.733066609     2.306275974     0.005228237
     1.930000000     1.663240408     2.386476384     0.006036613
     1.940000000     1.627188100     2.466466868     0.006971342
     1.950000000     1.628847757     2.529742791     0.008039221
     1.960000000     1.666938987     2.567045684     0.009239283
     1.970000000     1.736224145     2.579326022     0.010561306
     1.980000000     1.829246186     2.575389223     0.011985238
     1.990000000     1.938102841     2.562618351     0.013481673
     2.000000000     2.055880849     2.540115022     0.015013358
     2.010000000     2.177496832     2.501495825     0.016537574
     2.020000000     2.299838800     2.443772627     0.018009271
     2.030000000     2.421252629     2.374661568     0.019384835
     2.040000000     2.540558392     2.309128900     0.020626381
     2.050000000     2.655896591     2.255850239     0.021706343
     2.060000000     2.763767723     2.208671413     0.022611841
     2.070000000     2.858607997     2.150611495     0.023348023
     2.080000000     2.933119833     2.062577755     0.023939335
     2.090000000     2.979362160     1.930915547     0.024427844
     2.100000000     2.990358454     1.755256813     0.024868198
     2.110000000     2.961784384     1.553919782     0.025319665
     2.120000000     2.893231153     1.358262898     0.025836590
     2.130000000     2.788642522     1.197987203     0.026459270
     2.140000000     2.655766507     1.088753517     0.027207400
     2.150000000     2.504763261     1.028704405     0.028077734
     2.160000000     2.346360816     1.003481175     0.029046604
     2.170000000     2.190063074     0.994536848     0.030076710
     2.180000000     2.042857503     0.986499070     0.031126548
     2.190000000     1.908676661     0.971711639     0.032160241
     2.200000000     1.788617487     0.950627765     0.033155600
     2.210000000     1.681706652     0.927767607     0.034108833
     2.220000000     1.585885667     0.907142859     0.035035235
     2.230000000     1.498897028     0.891777786     0.035966166
     2.240000000     1.418857888     0.884670199     0.036943396
     2.250000000     1.344457105     0.887115183     0.038012267
     2.260000000     1.274847288     0.896722079     0.039215138
     2.270000000     1.209384146     0.908711303     0.040586259
     2.280000000     1.147376501     0.919250956     0.042148652
     2.290000000     1.087963161     0.927119876     0.043913033
     2.300000000     1.030155742     0.932405924     0.045878317
     2.310000000     0.973011777     0.935035006     0.048032980
     2.320000000     0.915855363     0.936157627     0.050356574
     2.330000000     0.858454465     0.939831022     0.052820871
     2.340000000     0.801090988     0.950614730     0.055390512
     2.350000000     0.744506259     0.969724691     0.058023345
     2.360000000     0.689750517     0.995024505     0.060670900
     2.370000000     0.637993517     1.023611069     0.063279442
     2.380000000     0.590356260     1.053252072     0.065791862
     2.390000000     0.547804178     1.082533075     0.068150335
     2.400000000     0.511111132     1.111210765     0.070299387
     2.410000000     0.480875439     1.140513047     0.072188838
     2.420000000     0.457554412     1.172151574     0.073776178
     2.430000000     0.441485943     1.206616995     0.075028197
     2.440000000     0.432879994     1.242573531     0.075922056
     2.450000000     0.431780720     1.277670298     0.076446223
     2.460000000     0.438013107     1.309852842     0.076601696
     2.470000000     0.451132041     1.338288155     0.076403692
     2.480000000     0.470387779     1.363149418     0.075883493
     2.490000000     0.494714357     1.384460748     0.075089724
     2.500000000     0.522741503     1.401462078     0.074088100
     2.510000000     0.552828876     1.413281496     0.072958843
     2.520000000     0.583123166     1.419830795     0.071791374
     2.530000000     0.611640766     1.421446324     0.070676597
     2.540000000     0.636378054     1.417869669     0.069697731
     2.550000000     0.655446303     1.408474112     0.068921100
     2.560000000     0.667220211     1.393449747     0.068388437
     2.570000000     0.670481383     1.374362456     0.068112024
     2.580000000     0.664534510     1.353833834     0.068073488
     2.590000000     0.649276758     1.334741106     0.068226374
     2.600000000     0.625209258     1.319066390     0.068501975
     2.610000000     0.593390794     1.307242590     0.068817362
     2.620000000     0.555343745     1.299017531     0.069084328
     2.630000000     0.512928059     1.294703021     0.069217957
     2.640000000     0.468199571     1.295146563     0.069143809
     2.650000000     0.423265541     1.300959982     0.068803074
     2.660000000     0.380145483     1.312168565     0.068155422
     2.670000000     0.340641636     1.328170379     0.067179599
     2.680000000     0.306222308     1.347795811     0.065872023
     2.690000000     0.277922901     1.369703480     0.064243821
     2.700000000     0.256272677     1.392884564     0.062316848
     2.710000000     0.241258557     1.416678563     0.060119382
     2.720000000     0.232338241     1.440262093     0.057682213
     2.730000000     0.228512091     1.462288616     0.055035821
     2.740000000     0.228455084     1.481176900     0.052209115
     2.750000000     0.230697559     1.495853611     0.049229896
     2.760000000     0.233828849     1.506266021     0.046126763
     2.770000000     0.236686083     1.513099473     0.042931817
     2.780000000     0.238486774     1.517404288     0.039683243
     2.790000000     0.238872207     1.521006564     0.036426849
     2.800000000     0.237849206     1.526419721     0.033215836
     2.810000000     0.235645905     1.535299397     0.030108518
     2.820000000     0.232523820     1.547243264     0.027164233
     2.830000000     0.228604007     1.560221582     0.024438222
     2.840000000     0.223762548     1.571774673     0.021976537
     2.850000000     0.217629242     1.579970914     0.019812068
     2.860000000     0.209689820     1.583906940     0.017962479
     2.870000000     0.199457761     1.584140906     0.016430320
     2.880000000     0.186659176     1.583095855     0.015205012
     2.890000000     0.171371152     1.584244300     0.014265981
     2.900000000     0.154070909     1.590052154     0.013586055
     2.910000000     0.135583136     1.600848910     0.013134372
     2.920000000     0.116944413     1.615474402     0.012878395
     2.930000000     0.099225879     1.632417918     0.012785009
     2.940000000     0.083361840     1.650445688     0.012820967
     2.950000000     0.070023037     1.668743200     0.012953104
     2.960000000     0.059554648     1.686853751     0.013148633
     2.970000000     0.051978688     1.704555743     0.013375753
     2.980000000     0.047045452     1.721762151     0.013604552
     2.990000000     0.044312172     1.738440998     0.013808108
     3.000000000     0.043228663     1.754512014     0.013963595
     3.010000000     0.043216057     1.769787730     0.014053218
     3.020000000     0.043731868     1.784035199     0.014064828
     3.030000000     0.044319799     1.797145706     0.013992143
     3.040000000     0.044645002     1.809343249     0.013834562
     3.050000000     0.044515527     1.821203549     0.013596645
     3.060000000     0.043889920     1.833316054     0.013287373
     3.070000000     0.042870319     1.845918783     0.012919377
     3.080000000     0.041680760     1.858918720     0.012508240
     3.090000000     0.040631425     1.872202841     0.012071925
     3.100000000     0.040071214     1.885851362     0.011630267
     3.110000000     0.040332860     1.900032086     0.011204358
     3.120000000     0.041676698     1.914760394     0.010815686
     3.130000000     0.044240748     1.929812377     0.010484948
     3.140000000     0.048005603     1.944779332     0.010230636
     3.150000000     0.052781858     1.959135349     0.010067607
     3.160000000     0.058225201     1.972324793     0.010005917
     3.170000000     0.063879756     1.983948520     0.010050173
     3.180000000     0.069244534     1.993990148     0.010199533
     3.190000000     0.073852464     2.002799766     0.010448407
     3.200000000     0.077347825     2.010783306     0.010787802
     3.210000000     0.079547402     2.018318678     0.011207225
     3.220000000     0.080473584     2.026031761     0.011696969
     3.230000000     0.080353394     2.034733397     0.012250542
     3.240000000     0.079584520     2.044916707     0.012866808
     3.250000000     0.078675839     2.056556503     0.013551310
     3.260000000     0.078174157     2.069349960     0.014316245
     3.270000000     0.078589836     2.082920965     0.015178745
     3.280000000     0.080332117     2.096843676     0.016157534
     3.290000000     0.083661211     2.110715902     0.017268478
     3.300000000     0.088660354     2.124318726     0.018519996
     3.310000000     0.095228322     2.137615474     0.019909442
     3.320000000     0.103091802     2.150485581     0.021421430
     3.330000000     0.111837151     2.162546876     0.023028631
     3.340000000     0.120961115     2.173362893     0.024694976
     3.350000000     0.129938862     2.182749485     0.026380651
     3.360000000     0.138304426     2.190830558     0.028047908
     3.370000000     0.145733859     2.197876507     0.029666675
     3.380000000     0.152116583     2.204158582     0.031219064
     3.390000000     0.157597813     2.210076111     0.032702246
     3.400000000     0.162576567     2.216466391     0.034129415
     3.410000000     0.167650769     2.224437057     0.035528837
     3.420000000     0.173512578     2.234627120     0.036941106
     3.430000000     0.180810789     2.246796674     0.038414877
     3.440000000     0.190009027     2.260095962     0.040001454
     3.450000000     0.201274066     2.273467774     0.041748811
     3.460000000     0.214425020     2.285807022     0.043695781
     3.470000000     0.228960514     2.295955643     0.045867211
     3.480000000     0.244160363     2.302764878     0.048270777
     3.490000000     0.259236331     2.305493661     0.050895882
     3.500000000     0.273490810     2.304518559     0.053714680
     3.510000000     0.286438790     2.301686082     0.056684950
     3.520000000     0.297859763     2.299636026     0.059754319
     3.530000000     0.307769306     2.300393596     0.062865340
     3.540000000     0.316327066     2.304272667     0.065961008
     3.550000000     0.323718817     2.309824213     0.068990377
     3.560000000     0.330057013     2.314726042     0.071913950
     3.570000000     0.335334184     2.317004647     0.074708340
     3.580000000     0.339440796     2.316029529     0.077369507
     3.590000000     0.342233252     2.312800926     0.079913741
     3.600000000     0.343618968     2.309278995     0.082375731
     3.610000000     0.343621233     2.307304013     0.084803500
     3.620000000     0.342397412     2.307914873     0.087250765
     3.630000000     0.340204647     2.311206665     0.089768077
     3.640000000     0.337328313     2.316427352     0.092394700
     3.650000000     0.334001775     2.322253803     0.095153273
     3.660000000     0.330347172     2.327409707     0.098048755
     3.670000000     0.326357038     2.331402539     0.101072086
     3.680000000     0.321920850     2.334746698     0.104207627
     3.690000000     0.316885635     2.338394433     0.107442326
     3.700000000     0.311130579     2.342981435     0.110773948
     3.710000000     0.304634015     2.348600220     0.114215950
     3.720000000     0.297516129     2.355117831     0.117797510
     3.730000000     0.290049141     2.362614655     0.121558631
     3.740000000     0.282635519     2.371517481     0.125541550
     3.750000000     0.275761828     2.382309040     0.129780656
     3.760000000     0.269940105     2.395129568     0.134293309
     3.770000000     0.265649941     2.409632517     0.139073571
     3.780000000     0.263293226     2.425143530     0.144089934
     3.790000000     0.263169996     2.440921189     0.149287142
     3.800000000     0.265478760     2.456406840     0.154591283
     3.810000000     0.270338891     2.471451052     0.159916860
     3.820000000     0.277827002     2.486247912     0.165174305
     3.830000000     0.288014873     2.500926297     0.170276648
     3.840000000     0.300994121     2.515276591     0.175144342
     3.850000000     0.316873487     2.528882274     0.179707818
     3.860000000     0.335738832     2.541435791     0.183907852
     3.870000000     0.357574327     2.552931062     0.187694370
     3.880000000     0.382155013     2.563560576     0.191024756
     3.890000000     0.408933920     2.573335850     0.193862866
     3.900000000     0.436957015     2.581715455     0.196179784
     3.910000000     0.464841783     2.587502073     0.197956757
     3.920000000     0.490846437     2.588974899     0.199189914
     3.930000000     0.513036494     2.584314615     0.199895450
     3.940000000     0.529528310     2.572575146     0.200113448
     3.950000000     0.538763733     2.554832824     0.199908482
     3.960000000     0.539755886     2.534437393     0.199365860
     3.970000000     0.532249547     2.515887806     0.198583533
     3.980000000     0.516760673     2.503080625     0.197661002
     3.990000000     0.494491267     2.497834440     0.196687480
     4.000000000     0.467146732     2.499408044     0.195731871
     4.010000000     0.436702653     2.505551907     0.194836622
     4.020000000     0.405170999     2.514412264     0.194016418
     4.030000000     0.374403997     2.525795649     0.193261473
     4.040000000     0.345954681     2.540765000     0.192544148
     4.050000000     0.320995260     2.560060113     0.191827150
     4.060000000     0.300284157     2.583171724     0.191071717
     4.070000000     0.284170809     2.608743695     0.190244702
     4.080000000     0.272630665     2.635244813     0.189324183
     4.090000000     0.265326143     2.661289283     0.188303662
     4.100000000     0.261689241     2.685916374     0.187195144
     4.110000000     0.261017710     2.708908957     0.186031180
     4.120000000     0.262572077     2.730817321     0.184865659
     4.130000000     0.265658783     2.752540189     0.183772917
     4.140000000     0.269687389     2.774737270     0.182844654
     4.150000000     0.274196664     2.797516522     0.182184505
     4.160000000     0.278852621     2.820598372     0.181900542
     4.170000000     0.283427780     2.843689822     0.182096597
     4.180000000     0.287773001     2.866661576     0.182863611
     4.190000000     0.291791032     2.889489740     0.184272368
     4.200000000     0.295416342     2.912291341     0.186368653
     4.210000000     0.298601507     2.935497818     0.189171274
     4.220000000     0.301308189     2.959740780     0.192672672
     4.230000000     0.303501076     2.985393540     0.196841113
     4.240000000     0.305144913     3.012287054     0.201623137
     4.250000000     0.306206292     3.039923828     0.206944914
     4.260000000     0.306661899     3.067965022     0.212711748
     4.270000000     0.306513357     3.096611135     0.218805715
     4.280000000     0.305806465     3.126586544     0.225082282
     4.290000000     0.304650861     3.158693556     0.231367338
     4.300000000     0.303235868     3.193309231     0.237456212
     4.310000000     0.301839909     3.230290252     0.243116002
     4.320000000     0.300833815     3.269388217     0.248091972
     4.330000000     0.300681977     3.310775233     0.252118190
     4.340000000     0.301948764     3.355078791     0.254932065
     4.350000000     0.305320310     3.402825708     0.256292066
     4.360000000     0.311652938     3.453976667     0.255997573
     4.370000000     0.322058163     3.508095981     0.253909357
     4.380000000     0.338029093     3.564807974     0.249968688
     4.390000000     0.361602506     3.624000367     0.244212495
     4.400000000     0.395533789     3.685841218     0.236781720
     4.410000000     0.443438453     3.750741282     0.227920297
     4.420000000     0.509827445     3.819031305     0.217963124
     4.430000000     0.599942042     3.890471190     0.207313063
     4.440000000     0.719290899     3.963966527     0.196408960
     4.450000000     0.872822754     4.037532480     0.185688497
     4.460000000     1.063744947     4.108607436     0.175550876
     4.470000000     1.292118445     4.174521293     0.166324478
     4.480000000     1.553500455     4.231850212     0.158243859
     4.490000000     1.838018792     4.273924429     0.151438789
     4.500000000     2.130289398     4.288190696     0.145936113
     4.510000000     2.410482802     4.255965147     0.141673212
     4.520000000     2.656599342     4.156160415     0.138520295
     4.530000000     2.847676055     3.974524902     0.136307573
     4.540000000     2.967321330     3.717867568     0.134852866
     4.550000000     3.006777348     3.424067289     0.133985289
     4.560000000     2.966736716     3.152021163     0.133561517
     4.570000000     2.857407160     2.952096991     0.133472677
     4.580000000     2.696756070     2.843337433     0.133642006
     4.590000000     2.507337180     2.815134665     0.134015592
     4.600000000     2.312452311     2.842957881     0.134550097
     4.610000000     2.132524631     2.901726635     0.135201931
     4.620000000     1.982433421     2.971680571     0.135921493
     4.630000000     1.870247263     3.039183407     0.136654134
     4.640000000     1.797409438     3.096221755     0.137347066
     4.650000000     1.760095853     3.140483891     0.137959411
     4.660000000     1.751262885     3.174208027     0.138471635
     4.670000000     1.762853049     3.199944294     0.138891102
     4.680000000     1.787703860     3.217273457     0.139252037
     4.690000000     1.820857093     3.226176034     0.139610239
     4.700000000     1.860138591     3.233357969     0.140034544
     4.710000000     1.906034375     3.250491091     0.140597771
     4.720000000     1.961006036     3.284092192     0.141369551
     4.730000000     2.028459768     3.330155538     0.142412214
     4.740000000     2.111608501     3.378994294     0.143779509
     4.750000000     2.212449870     3.422413317     0.145516800
     4.760000000     2.331032967     3.455664970     0.147661086
     4.770000000     2.465116887     3.475203548     0.150239667
     4.780000000     2.610248852     3.477826085     0.153267266
     4.790000000     2.760221924     3.462297337     0.156742518
     4.800000000     2.907820021     3.428699681     0.160645266
     4.810000000     3.045723903     3.375325775     0.164936046
     4.820000000     3.167436252     3.300484114     0.169558357
     4.830000000     3.268087242     3.208471461     0.174443289
     4.840000000     3.345004744     3.109642164     0.179515268
     4.850000000     3.397974387     3.014526806     0.184697404
     4.860000000     3.429168353     2.930331215     0.189915363
     4.870000000     3.442776894     2.860372917     0.195099551
     4.880000000     3.444420267     2.803263849     0.200186246
     4.890000000     3.440441851     2.754238017     0.205118755
     4.900000000     3.437184196     2.710162516     0.209849507
     4.910000000     3.440335274     2.673091683     0.214343228
     4.920000000     3.454411846     2.646805577     0.218580501
     4.930000000     3.482427140     2.629966964     0.222560340
     4.940000000     3.525771049     2.614599070     0.226300383
     4.950000000     3.584307484     2.591317497     0.229833867
     4.960000000     3.656661126     2.555380117     0.233203515
     4.970000000     3.740626876     2.507093822     0.236453486
     4.980000000     3.833600812     2.447449265     0.239621211
     4.990000000     3.932917622     2.376527266     0.242731096
     5.000000000     4.035999103     2.296340192     0.245791628
     5.010000000     4.140273265     2.211609018     0.248796617
     5.020000000     4.242900907     2.125738435     0.251730242
     5.030000000     4.340421525     2.036714166     0.254574649
     5.040000000     4.428475461     1.937849788     0.257318159
     5.050000000     4.501754717     1.822449331     0.259961980
     5.060000000     4.554277724     1.687368527     0.262523598
     5.070000000     4.579989203     1.533267402     0.265035860
     5.080000000     4.573584538     1.363855960     0.267541798
     5.090000000     4.531381681     1.185918006     0.270086301
     5.100000000     4.452037087     1.009338879     0.272706460
     5.110000000     4.336933416     0.845785155     0.275422569
     5.120000000     4.190144654     0.705085578     0.278231431
     5.130000000     4.017984024     0.591658560     0.281102941
     5.140000000     3.828232190     0.504729143     0.283980173
     5.150000000     3.629204112     0.441573809     0.286782674
     5.160000000     3.428831404     0.399875030     0.289412401
     5.170000000     3.233915387     0.377565893     0.291761675
     5.180000000     3.049656694     0.371749708     0.293722421
     5.190000000     2.879505748     0.378397063     0.295195862
     5.200000000     2.725318506     0.393174837     0.296101599
     5.210000000     2.587752355     0.412712491     0.296384938
     5.220000000     2.466802538     0.435245458     0.296021491
     5.230000000     2.362362156     0.460419601     0.295018517
     5.240000000     2.274690026     0.489006563     0.293413117
     5.250000000     2.204690934     0.522619708     0.291267884
     5.260000000     2.153950215     0.562971672     0.288664888
     5.270000000     2.124513226     0.610896413     0.285698798
     5.280000000     2.118450537     0.665513813     0.282469707
     5.290000000     2.137290172     0.723686175     0.279076019
     5.300000000     2.181420291     0.779847364     0.275607770
     5.310000000     2.249566379     0.826838987     0.272140909
     5.320000000     2.338430529     0.858274040     0.268733302
     5.330000000     2.442555476     0.870707888     0.265423199
     5.340000000     2.554451247     0.863142922     0.262230590
     5.350000000     2.665000713     0.835002210     0.259161250
     5.360000000     2.764138305     0.785599143     0.256212567
     5.370000000     2.841766286     0.714477283     0.253379737
     5.380000000     2.888830305     0.621323289     0.250660786
     5.390000000     2.898425179     0.507292829     0.248059256
     5.400000000     2.866758306     0.378527273     0.245584110
     5.410000000     2.793783407     0.248472491     0.243247282
     5.420000000     2.683348693     0.134760861     0.241059998
     5.430000000     2.542783977     0.051927875     0.239029357
     5.440000000     2.381964314     0.005913858     0.237156511
     5.450000000     2.212002400    -0.006075743     0.235437196
     5.460000000     2.043803804     0.008342980     0.233864519
     5.470000000     1.886744169     0.040872870     0.232433075
     5.480000000     1.747690676     0.084732789     0.231142893
     5.490000000     1.630505687     0.134799445     0.230001683
     5.500000000     1.536064835     0.186564689     0.229024353
     5.510000000     1.462722585     0.235453117     0.228229706
     5.520000000     1.407086007     0.277383954     0.227635268
     5.530000000     1.364921668     0.310293681     0.227252001
     5.540000000     1.332021406     0.335417323     0.227080931
     5.550000000     1.304883887     0.356735062     0.227113283
     5.560000000     1.281121278     0.378561926     0.227334718
     5.570000000     1.259563098     0.403586864     0.227732930
     5.580000000     1.240090840     0.432916181     0.228306698
     5.590000000     1.223285472     0.466834774     0.229073737
     5.600000000     1.209996187     0.504321615     0.230074754
     5.610000000     1.200938167     0.542139661     0.231371837
     5.620000000     1.196401953     0.576159470     0.233040602
     5.630000000     1.196115821     0.604386213     0.235156931
     5.640000000     1.199257940     0.627955080     0.237780302
     5.650000000     1.204579294     0.648710998     0.240936366
     5.660000000     1.210580147     0.666639947     0.244601445
     5.670000000     1.215684831     0.680287061     0.248691171
     5.680000000     1.218378548     0.689360215     0.253054824
     5.690000000     1.217297226     0.696206992     0.257476241
     5.700000000     1.211286671     0.704100596     0.261681729
     5.710000000     1.199460305     0.714239974     0.265355056
     5.720000000     1.181279910     0.724747544     0.268159168
     5.730000000     1.156662317     0.732483454     0.269763639
     5.740000000     1.126085769     0.736095477     0.269875790
     5.750000000     1.090646969     0.738303096     0.268272267
     5.760000000     1.052016942     0.745558371     0.264826840
     5.770000000     1.012267041     0.764242422     0.259529900
     5.780000000     0.973579966     0.796256861     0.252495806
     5.790000000     0.937908096     0.838206095     0.243956005
     5.800000000     0.906672023     0.884157449     0.234238308
     5.810000000     0.880590446     0.928915033     0.223735324
     5.820000000     0.859696141     0.969562324     0.212867092
     5.830000000     0.843533914     1.005158042     0.202043876
     5.840000000     0.831477550     1.036337228     0.191634670
     5.850000000     0.823065905     1.066002966     0.181945390
     5.860000000     0.818256414     1.099002816     0.173208442
     5.870000000     0.817525820     1.138940028     0.165583020
     5.880000000     0.821799143     1.185455878     0.159163741
     5.890000000     0.832239263     1.235103148     0.153994256
     5.900000000     0.849964603     1.284171565     0.150082531
     5.910000000     0.875773056     1.330894396     0.147415084
     5.920000000     0.909938357     1.375678836     0.145968437
     5.930000000     0.952118349     1.419131026     0.145716900
     5.940000000     1.001383221     1.459880079     0.146636446
     5.950000000     1.056343726     1.494680168     0.148704837
     5.960000000     1.115339922     1.520716197     0.151898469
     5.970000000     1.176642843     1.538112827     0.156186710
     5.980000000     1.238625689     1.550019846     0.161524835
     5.990000000     1.299876652     1.559673840     0.167846960
     6.000000000     1.359248388     1.567994279     0.175060468
     6.010000000     1.415862211     1.574364512     0.183043199
     6.020000000     1.469099576     1.578471110     0.191644164
     6.030000000     1.518612622     1.580176260     0.200687918
     6.040000000     1.564368834     1.578117069     0.209982109
     6.050000000     1.606718835     1.570517709     0.219327316
     6.060000000     1.646453331     1.558266435     0.228528147
     6.070000000     1.684807025     1.545966553     0.237404551
     6.080000000     1.723379602     1.538990810     0.245802369
     6.090000000     1.763972180     1.539594105     0.253602116
     6.100000000     1.808369252     1.545402795     0.260724969
     6.110000000     1.858116055     1.550946282     0.267134893
     6.120000000     1.914340346     1.550856258     0.272836105
     6.130000000     1.977646842     1.542716663     0.277865608
     6.140000000     2.048083501     1.527694812     0.282281431
     6.150000000     2.125156202     1.508384485     0.286148209
     6.160000000     2.207862889     1.486137191     0.289522621
     6.170000000     2.294729996     1.460369969     0.292441512
     6.180000000     2.383853439     1.429149171     0.294915183
     6.190000000     2.472959780     1.389405017     0.296927252
     6.200000000     2.559501081     1.337579179     0.298441035
     6.210000000     2.640780106     1.271585853     0.299410898
     6.220000000     2.714081696     1.192828218     0.299796012
     6.230000000     2.776775871     1.106196986     0.299573620
     6.240000000     2.826368121     1.017098332     0.298749262
     6.250000000     2.860500872     0.927995925     0.297362309
     6.260000000     2.876943711     0.838166393     0.295486173
     6.270000000     2.873630223     0.745977145     0.293223551
     6.280000000     2.848792092     0.649799958     0.290697707
     6.290000000     2.801204880     0.547603581     0.288041301
     6.300000000     2.730507874     0.439930557     0.285384445
     6.310000000     2.637514378     0.334034571     0.282843775
     6.320000000     2.524409973     0.240627708     0.280514219
     6.330000000     2.394754350     0.166530670     0.278464808
     6.340000000     2.253251861     0.112984752     0.276739244
     6.350000000     2.105318713     0.078691719     0.275361004
     6.360000000     1.956528175     0.061872680     0.274341765
     6.370000000     1.812041902     0.060079050     0.273690952
     6.380000000     1.676129944     0.070038862     0.273423816
     6.390000000     1.551850552     0.088658981     0.273565575
     6.400000000     1.440917789     0.113608047     0.274150060
     6.410000000     1.343745163     0.142871374     0.275212707
     6.420000000     1.259627219     0.174434671     0.276779289
     6.430000000     1.187010947     0.206662920     0.278853097
     6.440000000     1.123811286     0.238771143     0.281403902
     6.450000000     1.067733306     0.270512610     0.284361873
     6.460000000     1.016571707     0.301486580     0.287618620
     6.470000000     0.968463459     0.331115084     0.291035997
     6.480000000     0.922072607     0.359506617     0.294461564
     6.490000000     0.876690531     0.388424912     0.297748055
     6.500000000     0.832243328     0.420776382     0.300773131
     6.510000000     0.789210702     0.458703843     0.303455397
     6.520000000     0.748475586     0.502344413     0.305763132
     6.530000000     0.711135903     0.550189916     0.307713543
     6.540000000     0.678315475     0.600330307     0.309362319
     6.550000000     0.651007984     0.651541503     0.310785599
     6.560000000     0.629977430     0.703552916     0.312058509
     6.570000000     0.615724056     0.756556060     0.313235663
     6.580000000     0.608510160     0.810418828     0.314338812
     6.590000000     0.608428361     0.864237579     0.315355096
     6.600000000     0.615486903     0.916774359     0.316246380
     6.610000000     0.629683093     0.967298256     0.316966824
     6.620000000     0.651037537     1.015768634     0.317483315
     6.630000000     0.679569959     1.062406093     0.317792453
     6.640000000     0.715212725     1.107550337     0.317929002
     6.650000000     0.757679277     1.151721012     0.317963487
     6.660000000     0.806326413     1.195070668     0.317990059
     6.670000000     0.860063641     1.236363636     0.318108556
     6.680000000     0.917361614     1.272578374     0.318405906
     6.690000000     0.976390533     1.299916348     0.318941431
     6.700000000     1.035281211     1.315813009     0.319738637
     6.710000000     1.092456474     1.320798848     0.320783672
     6.720000000     1.146943876     1.318816407     0.322028765
     6.730000000     1.198566861     1.315113370     0.323398290
     6.740000000     1.247929445     1.313240625     0.324795510
     6.750000000     1.296158334     1.314155596     0.326109188
     6.760000000     1.344435219     1.317691103     0.327220273
     6.770000000     1.393422192     1.323501629     0.328009273
     6.780000000     1.442733217     1.330224431     0.328364514
     6.790000000     1.490615816     1.334397711     0.328190557
     6.800000000     1.533970146     1.330461502     0.327415210
     6.810000000     1.568751552     1.312352108     0.325993301
     6.820000000     1.590696603     1.276429399     0.323906019
     6.830000000     1.596212197     1.224300251     0.321155961
     6.840000000     1.583206004     1.164041381     0.317759488
     6.850000000     1.551638663     1.108388262     0.313738998
     6.860000000     1.503648580     1.069729435     0.309117748
     6.870000000     1.443219757     1.054996842     0.303918880
     6.880000000     1.375493599     1.063903219     0.298168717
     6.890000000     1.305923101     1.090612091     0.291902822
     6.900000000     1.239498873     1.126851867     0.285172407
     6.910000000     1.180231424     1.165189143     0.278048732
     6.920000000     1.130970615     1.201709357     0.270624104
     6.930000000     1.093519876     1.236730077     0.263009404
     6.940000000     1.068904563     1.272538397     0.255329243
     6.950000000     1.057615742     1.310613583     0.247716343
     6.960000000     1.059685540     1.352042923     0.240306462
     6.970000000     1.074543823     1.399227763     0.233234360
     6.980000000     1.100722360     1.454070042     0.226630390
     6.990000000     1.135566010     1.513864505     0.220616822
     7.000000000     1.175142108     1.570044385     0.215303080
     7.010000000     1.214492024     1.611198273     0.210779807
     7.020000000     1.248255883     1.628685807     0.207112549
     7.030000000     1.271562706     1.622398261     0.204336497
     7.040000000     1.280966648     1.602773711     0.202453751
     7.050000000     1.275170553     1.586488584     0.201433921
     7.060000000     1.255328834     1.588414691     0.201217758
     7.070000000     1.224845464     1.615757620     0.201722468
     7.080000000     1.188733661     1.667523896     0.202846835
     7.090000000     1.152725994     1.737214971     0.204474566
     7.100000000     1.122375102     1.816249259     0.206475299
     7.110000000     1.102353757     1.897611694     0.208704095
     7.120000000     1.096069784     1.978405788     0.211001316
     7.130000000     1.105598626     2.059522483     0.213195198
     7.140000000     1.131848710     2.143079167     0.215108772
     7.150000000     1.174840126     2.230332342     0.216571406
     7.160000000     1.233997579     2.321323124     0.217433538
     7.170000000     1.308412947     2.415078107     0.217581763
     7.180000000     1.397088978     2.509401573     0.216950969
     7.190000000     1.499206129     2.600784127     0.215530703
     7.200000000     1.614447886     2.685279456     0.213364369
     7.210000000     1.743384261     2.760594749     0.210541624
     7.220000000     1.887869911     2.828523496     0.207185832
     7.230000000     2.051385000     2.895195751     0.203439271
     7.240000000     2.239245310     2.967420568     0.199448688
     7.250000000     2.458627973     3.047926553     0.195353014
     7.260000000     2.718381622     3.133506765     0.191273956
     7.270000000     3.028594229     3.216611831     0.187309304
     7.280000000     3.399870305     3.288791713     0.183528366
     7.290000000     3.842236233     3.343456032     0.179969151
     7.300000000     4.363583477     3.375746134     0.176637428
     7.310000000     4.967615765     3.380551952     0.173508267
     7.320000000     5.651411884     3.351579520     0.170530831
     7.330000000     6.402935449     3.280543995     0.167636721
     7.340000000     7.199054246     3.153255705     0.164751358
     7.350000000     8.004777366     2.945209906     0.161806938
     7.360000000     8.774380166     2.623047635     0.158754755
     7.370000000     9.454809852     2.154067940     0.155574622
     7.380000000     9.991271971     1.519912500     0.152279584
     7.390000000    10.334303046     0.729497480     0.148915129
     7.400000000    10.447113454    -0.173080375     0.145553233
     7.410000000    10.311719870    -1.112346257     0.142282562
     7.420000000     9.932498881    -2.000808364     0.139196711
     7.430000000     9.336288151    -2.761570177     0.136382526
     7.440000000     8.568917089    -3.340434903     0.133910318
     7.450000000     7.688851446    -3.715342790     0.131827314
     7.460000000     6.759252904    -3.903235413     0.130155171
     7.470000000     5.840014986    -3.949605400     0.128891765
     7.480000000     4.981190238    -3.906222474     0.128016820
     7.490000000     4.218751337    -3.813912035     0.127500301
     7.500000000     3.573004250    -3.697228738     0.127311887
     7.510000000     3.049390952    -3.568692179     0.127429451
     7.520000000     2.641031066    -3.435961322     0.127844456
     7.530000000     2.332212927    -3.306766772     0.128562714
     7.540000000     2.102119254    -3.190315925     0.129599865
     7.550000000     1.928266978    -3.095709686     0.130972224
     7.560000000     1.789353314    -3.029067635     0.132684803
     7.570000000     1.667363703    -2.990683359     0.134719164
     7.580000000     1.548895023    -2.972237168     0.137023922
     7.590000000     1.425702122    -2.957026254     0.139510292
     7.600000000     1.294522183    -2.927508209     0.142054033
     7.610000000     1.156290862    -2.874836458     0.144503845
     7.620000000     1.014932332    -2.800593166     0.146694995
     7.630000000     0.875958469    -2.711541698     0.148465913
     7.640000000     0.745124592    -2.614525971     0.149675005
     7.650000000     0.627348813    -2.514455555     0.150214979
     7.660000000     0.526019428    -2.414301797     0.150022642
     7.670000000     0.442716364    -2.315728250     0.149083136
     7.680000000     0.377288534    -2.219799760     0.147428786
     7.690000000     0.328179142    -2.127555688     0.145133670
     7.700000000     0.292879707    -2.040242224     0.142305497
     7.710000000     0.268410875    -1.959243436     0.139076305
     7.720000000     0.251757910    -1.885799676     0.135592941
     7.730000000     0.240217432    -1.820326621     0.132007633
     7.740000000     0.231633251    -1.761530852     0.128468548
     7.750000000     0.224513615    -1.706481635     0.125110207
     7.760000000     0.218034088    -1.652295330     0.122044041
     7.770000000     0.211942399    -1.597853021     0.119349877
     7.780000000     0.206393874    -1.543771588     0.117069568
     7.790000000     0.201755186    -1.491191960     0.115203893
     7.800000000     0.198416566    -1.440898052     0.113713510
     7.810000000     0.196646643    -1.393183050     0.112524073
     7.820000000     0.196510889    -1.348056224     0.111535011
     7.830000000     0.197857915    -1.305573782     0.110631036
     7.840000000     0.200362051    -1.266079374     0.109695158
     7.850000000     0.203599418    -1.229995617     0.108621877
     7.860000000     0.207130363    -1.197338794     0.107329052
     7.870000000     0.210563970    -1.167488577     0.105766876
     7.880000000     0.213589262    -1.139379005     0.103922445
     7.890000000     0.215970142    -1.111968288     0.101818813
     7.900000000     0.217513502    -1.084802261     0.099508215
     7.910000000     0.218028564    -1.058299359     0.097060346
     7.920000000     0.217297552    -1.033480760     0.094547718
     7.930000000     0.215072543    -1.011296207     0.092031037
     7.940000000     0.211102678    -0.991948635     0.089547741
     7.950000000     0.205183984    -0.974695428     0.087106211
     7.960000000     0.197215358    -0.958278560     0.084686851
     7.970000000     0.187242098    -0.941510469     0.082249537
     7.980000000     0.175473050    -0.923596536     0.079745349
     7.990000000     0.162266675    -0.904290546     0.077129560
     8.000000000     0.148091068    -0.883888609     0.074372728
     8.010000000     0.133469542    -0.862920851     0.071467493
     8.020000000     0.118924976    -0.841700090     0.068430016
     8.030000000     0.104933211    -0.820133068     0.065296433
     8.040000000     0.091890579    -0.797971381     0.062115853
     8.050000000     0.080095730    -0.775163807     0.058941993
     8.060000000     0.069743018    -0.751939277     0.055825468
     8.070000000     0.060924176    -0.728666035     0.052808213
     8.080000000     0.053635930    -0.705692108     0.049920675
     8.090000000     0.047792493    -0.683260059     0.047181696
     8.100000000     0.043242403    -0.661488698     0.044600360
     8.110000000     0.039788866    -0.640414521     0.042178829
     8.120000000     0.037211868    -0.620059498     0.039915153
     8.130000000     0.035289580    -0.600444042     0.037805273
     8.140000000     0.033816407    -0.581538444     0.035843858
     8.150000000     0.032615645    -0.563245957     0.034024020
     8.160000000     0.031545925    -0.545463267     0.032336395
     8.170000000     0.030501940    -0.528122791     0.030768225
     8.180000000     0.029411063    -0.511175108     0.029303098
     8.190000000     0.028227966    -0.494589572     0.027921724
     8.200000000     0.026929189    -0.478369967     0.026603717
     8.210000000     0.025508900    -0.462531562     0.025330002
     8.220000000     0.023976143    -0.447059119     0.024085168
     8.230000000     0.022352983    -0.431881881     0.022859093
     8.240000000     0.020672519    -0.416888676     0.021647358
     8.250000000     0.018975829    -0.401980550     0.020450333
     8.260000000     0.017307438    -0.387115534     0.019271230
     8.270000000     0.015709672    -0.372316587     0.018113689
     8.280000000     0.014216914    -0.357641563     0.016979624
     8.290000000     0.012851050    -0.343141922     0.015867906
     8.300000000     0.011619203    -0.328843809     0.014774234
     8.310000000     0.010514298    -0.314752450     0.013692187
     8.320000000     0.009518270    -0.300860116     0.012615142
     8.330000000     0.008607055    -0.287151906     0.011538510
     8.340000000     0.007756157    -0.273608411     0.010461728
     8.350000000     0.006945548    -0.260196597     0.009389465
     8.360000000     0.006162951    -0.246866146     0.008331759
     8.370000000     0.005405110    -0.233566777     0.007303006
     8.380000000     0.004677230    -0.220260634     0.006320013
     8.390000000     0.003991366    -0.206921932     0.005399538
     8.400000000     0.003364997    -0.193539137     0.004555839
     8.410000000     0.002821357    -0.180112658     0.003798773
     8.420000000     0.002393327    -0.166642038     0.003132821
     8.430000000     0.002132815    -0.153112312     0.002557165
     8.440000000     0.002127492    -0.139489271     0.002066683
     8.450000000     0.002526224    -0.125726816     0.001653508
     8.460000000     0.003573185    -0.111778441     0.001308694
     8.470000000     0.005647733    -0.097601809     0.001023599
     8.480000000     0.009302677    -0.083157479     0.000790737
     8.490000000     0.015287606    -0.068409343     0.000604061
     8.500000000     0.024538422    -0.053330872     0.000458796
     8.510000000     0.038111650    -0.037919235     0.000351012
     8.520000000     0.057046376    -0.022221378     0.000277136
     8.530000000     0.082150456    -0.006380706     0.000233522
     8.540000000     0.113731179     0.009280386     0.000216134
     8.550000000     0.151319284     0.024118107     0.000220361
     8.560000000     0.193459734     0.036934948     0.000240950
     8.570000000     0.237651032     0.045646559     0.000272082
     8.580000000     0.280497161     0.046949704     0.000307608
     8.590000000     0.318090573     0.036430043     0.000341457
     8.600000000     0.346580291     0.010089687     0.000368161
     8.610000000     0.362815919    -0.031988401     0.000383445
     8.620000000     0.364919934    -0.082220428     0.000384713
     8.630000000     0.352644675    -0.127971875     0.000371324
     8.640000000     0.327420163    -0.159588271     0.000344562
     8.650000000     0.292079982    -0.175015825     0.000307284
     8.660000000     0.250337790    -0.177527037     0.000263332
     8.670000000     0.206148068    -0.171667275     0.000216834
     8.680000000     0.163102401    -0.161113348     0.000171552
     8.690000000     0.123985147    -0.148276420     0.000130406
     8.700000000     0.090553906    -0.134574567     0.000095243
     8.710000000     0.063543765    -0.120785399     0.000066834
     8.720000000     0.042841721    -0.107308619     0.000045060
     8.730000000     0.027751669    -0.094331245     0.000029188
     8.740000000     0.017271876    -0.081924348     0.000018166
     8.750000000     0.010328046    -0.070097787     0.000010863
     8.760000000     0.005933692    -0.058830626     0.000006241
     8.770000000     0.003275368    -0.048087810     0.000003445
     8.780000000     0.001737094    -0.037829147     0.000001827
     8.790000000     0.000885146    -0.028014033     0.000000931
     8.800000000     0.000433346    -0.018603803     0.000000456
     8.810000000     0.000203837    -0.009562790     0.000000214
     8.820000000     0.000092121    -0.000858673     0.000000097
     8.830000000     0.000040000     0.007537534     0.000000042
     8.840000000     0.000016688     0.015651682     0.000000018
     8.850000000     0.000006689     0.023506760     0.000000007
     8.860000000     0.000002576     0.031123198     0.000000003
     8.870000000     0.000000953     0.038519157     0.000000001
     8.880000000     0.000000339     0.045710800     0.000000000
     8.890000000     0.000000116     0.052712541     0.000000000
     8.900000000     0.000000038     0.059537262     0.000000000
     8.910000000     0.000000012     0.066196502     0.000000000
     8.920000000     0.000000004     0.072700629     0.000000000
     8.930000000     0.000000001     0.079058977     0.000000000
     8.940000000     0.000000000     0.085279981     0.000000000
     8.950000000     0.000000000     0.091371278     0.000000000
     8.960000000     0.000000000     0.097339805     0.000000000
     8.970000000     0.000000000     0.103191879     0.000000000
     8.980000000     0.000000000     0.108933270     0.000000000
     8.990000000     0.000000000     0.114569258     0.000000000
     9.000000000     0.000000000     0.120104693     0.000000000
     9.010000000     0.000000000     0.125544034     0.000000000
     9.020000000     0.000000000     0.130891398     0.000000000
     9.030000000     0.000000000     0.136150589     0.000000000
     9.040000000     0.000000000     0.141325133     0.000000000
     9.050000000     0.000000000     0.146418305     0.000000000
     9.060000000     0.000000000     0.151433153     0.000000000
     9.070000000     0.000000000     0.156372520     0.000000000
     9.080000000     0.000000000     0.161239062     0.000000000
     9.090000000     0.000000000     0.166035266     0.000000000
     9.100000000     0.000000000     0.170763465     0.000000000
     9.110000000     0.000000000     0.175425851     0.000000000
     9.120000000     0.000000000     0.180024487     0.000000000
     9.130000000     0.000000000     0.184561320     0.000000000
     9.140000000     0.000000000     0.189038185     0.000000000
     9.150000000     0.000000000     0.193456820     0.000000000
     9.160000000     0.000000000     0.197818870     0.000000000
     9.170000000     0.000000000     0.202125897     0.000000000
     9.180000000     0.000000000     0.206379381     0.000000000
     9.190000000     0.000000000     0.210580733     0.000000000
     9.200000000     0.000000000     0.214731295     0.000000000
     9.210000000     0.000000000     0.218832346     0.000000000
     9.220000000     0.000000000     0.222885106     0.000000000
     9.230000000     0.000000000     0.226890743     0.000000000
     9.240000000     0.000000000     0.230850372     0.000000000
     9.250000000     0.000000000     0.234765063     0.000000000
     9.260000000     0.000000000     0.238635837     0.000000000
     9.270000000     0.000000000     0.242463679     0.000000000
     9.280000000     0.000000000     0.246249531     0.000000000
     9.290000000     0.000000000     0.249994299     0.000000000
     9.300000000     0.000000000     0.253698856     0.000000000
     9.310000000     0.000000000     0.257364041     0.000000000
     9.320000000     0.000000000     0.260990663     0.000000000
     9.330000000     0.000000000     0.264579500     0.000000000
     9.340000000     0.000000000     0.268131306     0.000000000
     9.350000000     0.000000000     0.271646806     0.000000000
     9.360000000     0.000000000     0.275126703     0.000000000
     9.370000000     0.000000000     0.278571675     0.000000000
     9.380000000     0.000000000     0.281982379     0.000000000
     9.390000000     0.000000000     0.285359449     0.000000000
     9.400000000     0.000000000     0.288703502     0.000000000
     9.410000000     0.000000000     0.292015134     0.000000000
     9.420000000     0.000000000     0.295294923     0.000000000
     9.430000000     0.000000000     0.298543432     0.000000000
     9.440000000     0.000000000     0.301761206     0.000000000
     9.450000000     0.000000000     0.304948774     0.000000000
     9.460000000     0.000000000     0.308106651     0.000000000
     9.470000000     0.000000000     0.311235338     0.000000000
     9.480000000     0.000000000     0.314335323     0.000000001
     9.490000000     0.000000001     0.317407078     0.000000003
     9.500000000     0.000000002     0.320451068     0.000000007
     9.510000000     0.000000005     0.323467742     0.000000017
     9.520000000     0.000000011     0.326457540     0.000000040
     9.530000000     0.000000025     0.329420892     0.000000092
     9.540000000     0.000000056     0.332358216     0.000000205
     9.550000000     0.000000118     0.335269921     0.000000436
     9.560000000     0.000000242     0.338156409     0.000000893
     9.570000000     0.000000477     0.341018071     0.000001756
     9.580000000     0.000000901     0.343855291     0.000003320
     9.590000000     0.000001637     0.346668444     0.000006028
     9.600000000     0.000002856     0.349457895     0.000010518
     9.610000000     0.000004788     0.352224003     0.000017632
     9.620000000     0.000007711     0.354967111     0.000028399
     9.630000000     0.000011933     0.357687549     0.000043947
     9.640000000     0.000017742     0.360385621     0.000065340
     9.650000000     0.000025345     0.363061592     0.000093338
     9.660000000     0.000034786     0.365715661     0.000128106
     9.670000000     0.000045871     0.368347918     0.000168929
     9.680000000     0.000058117     0.370958266     0.000214027
     9.690000000     0.000070745     0.373546326     0.000260532
     9.700000000     0.000082740     0.376111353     0.000304707
     9.710000000     0.000092974     0.378652330     0.000342398
     9.720000000     0.000100378     0.381168542     0.000369666
     9.730000000     0.000104123     0.383660718     0.000383455
     9.740000000     0.000103772     0.386131760     0.000382163
     9.750000000     0.000099367     0.388585549     0.000365941
     9.760000000     0.000091418     0.391024631     0.000336667
     9.770000000     0.000080807     0.393449384     0.000297591
     9.780000000     0.000068627     0.395858941     0.000252736
     9.790000000     0.000055998     0.398252266     0.000206225
     9.800000000     0.000043901     0.400628624     0.000161676
     9.810000000     0.000033068     0.402987626     0.000121780
     9.820000000     0.000023931     0.405329140     0.000088132
     9.830000000     0.000016640     0.407653193     0.000061281
     9.840000000     0.000011117     0.409959901     0.000040939
     9.850000000     0.000007135     0.412249431     0.000026277
     9.860000000     0.000004400     0.414521974     0.000016205
     9.870000000     0.000002607     0.416777732     0.000009602
     9.880000000     0.000001484     0.419016910     0.000005466
     9.890000000     0.000000812     0.421239716     0.000002990
     9.900000000     0.000000427     0.423446352     0.000001571
     9.910000000     0.000000215     0.425637018     0.000000793
     9.920000000     0.000000104     0.427811911     0.000000385
     9.930000000     0.000000049     0.429971222     0.000000179
     9.940000000     0.000000022     0.432115139     0.000000080
     9.950000000     0.000000009     0.434243846     0.000000035
     9.960000000     0.000000004     0.436357523     0.000000014
     9.970000000     0.000000002     0.438456346     0.000000006
     9.980000000     0.000000001     0.440540488     0.000000002
     9.990000000     0.000000000     0.442610118     0.000000001
    10.000000000     0.000000000     0.444665402     0.000000000
    10.010000000     0.000000000     0.446706503     0.000000000
    10.020000000     0.000000000     0.448733581     0.000000000
    10.030000000     0.000000000     0.450746793     0.000000000
    10.040000000     0.000000000     0.452746293     0.000000000
    10.050000000     0.000000000     0.454732233     0.000000000
    10.060000000     0.000000000     0.456704760     0.000000000
    10.070000000     0.000000000     0.458664022     0.000000000
    10.080000000     0.000000000     0.460610163     0.000000000
    10.090000000     0.000000000     0.462543323     0.000000000
    10.100000000     0.000000000     0.464463642     0.000000000
    10.110000000     0.000000000     0.466371256     0.000000000
    10.120000000     0.000000000     0.468266301     0.000000000
    10.130000000     0.000000000     0.470148909     0.000000000
    10.140000000     0.000000000     0.472019211     0.000000000
    10.150000000     0.000000000     0.473877333     0.000000000
    10.160000000     0.000000000     0.475723404     0.000000000
    10.170000000     0.000000000     0.477557548     0.000000000
    10.180000000     0.000000000     0.479379886     0.000000000
    10.190000000     0.000000000     0.481190541     0.000000000
    10.200000000     0.000000000     0.482989630     0.000000000
    10.210000000     0.000000000     0.484777270     0.000000000
    10.220000000     0.000000000     0.486553578     0.000000000
    10.230000000     0.000000000     0.488318667     0.000000000
    10.240000000     0.000000000     0.490072649     0.000000000
    10.250000000     0.000000000     0.491815634     0.000000000
    10.260000000     0.000000000     0.493547732     0.000000000
    10.270000000     0.000000000     0.495269048     0.000000000
    10.280000000     0.000000000     0.496979690     0.000000000
    10.290000000     0.000000000     0.498679761     0.000000000
    10.300000000     0.000000000     0.500369364     0.000000000
    10.310000000     0.000000000     0.502048601     0.000000000
    10.320000000     0.000000000     0.503717571     0.000000000
    10.330000000     0.000000000     0.505376373     0.000000000
    10.340000000     0.000000000     0.507025104     0.000000000
    10.350000000     0.000000000     0.508663859     0.000000000
    10.360000000     0.000000000     0.510292734     0.000000000
    10.370000000     0.000000000     0.511911822     0.000000000
    10.380000000     0.000000000     0.513521214     0.000000000
    10.390000000     0.000000000     0.515121002     0.000000000
    10.400000000     0.000000000     0.516711274     0.000000000
    10.410000000     0.000000000     0.518292120     0.000000000
    10.420000000     0.000000000     0.519863626     0.000000000
    10.430000000     0.000000000     0.521425879     0.000000000
    10.440000000     0.000000000     0.522978963     0.000000000
    10.450000000     0.000000000     0.524522962     0.000000000
    10.460000000     0.000000000     0.526057959     0.000000000
    10.470000000     0.000000000     0.527584035     0.000000000
    10.480000000     0.000000000     0.529101272     0.000000000
    10.490000000     0.000000000     0.530609748     0.000000000
    10.500000000     0.000000000     0.532109542     0.000000000
    10.510000000     0.000000000     0.533600732     0.000000000
    10.520000000     0.000000000     0.535083394     0.000000000
    10.530000000     0.000000000     0.536557604     0.000000000
    10.540000000     0.000000000     0.538023437     0.000000000
    10.550000000     0.000000000     0.539480965     0.000000000
    10.560000000     0.000000000     0.540930263     0.000000000
    10.570000000     0.000000000     0.542371401     0.000000000
    10.580000000     0.000000000     0.543804452     0.000000000
    10.590000000     0.000000000     0.545229484     0.000000000
    10.600000000     0.000000000     0.546646568     0.000000000
    10.610000000     0.000000000     0.548055772     0.000000000
    10.620000000     0.000000000     0.549457163     0.000000000
    10.630000000     0.000000000     0.550850808     0.000000000
    10.640000000     0.000000000     0.552236773     0.000000000
    10.650000000     0.000000000     0.553615124     0.000000000
    10.660000000     0.000000000     0.554985924     0.000000000
    10.670000000     0.000000000     0.556349238     0.000000000
    10.680000000     0.000000000     0.557705128     0.000000000
    10.690000000     0.000000000     0.559053657     0.000000000
    10.700000000     0.000000000     0.560394885     0.000000000
    10.710000000     0.000000000     0.561728874     0.000000000
    10.720000000     0.000000000     0.563055684     0.000000000
    10.730000000     0.000000000     0.564375374     0.000000000
    10.740000000     0.000000000     0.565688002     0.000000000
    10.750000000     0.000000000     0.566993627     0.000000000
    10.760000000     0.000000000     0.568292306     0.000000000
    10.770000000     0.000000000     0.569584095     0.000000000
    10.780000000     0.000000000     0.570869051     0.000000000
    10.790000000     0.000000000     0.572147228     0.000000000
    10.800000000     0.000000000     0.573418682     0.000000000
    10.810000000     0.000000000     0.574683466     0.000000000
    10.820000000     0.000000000     0.575941634     0.000000000
    10.830000000     0.000000000     0.577193240     0.000000000
    10.840000000     0.000000000     0.578438334     0.000000000
    10.850000000     0.000000000     0.579676970     0.000000000
    10.860000000     0.000000000     0.580909197     0.000000000
    10.870000000     0.000000000     0.582135068     0.000000000
    10.880000000     0.000000000     0.583354631     0.000000000
    10.890000000     0.000000000     0.584567936     0.000000000
    10.900000000     0.000000000     0.585775033     0.000000000
    10.910000000     0.000000000     0.586975969     0.000000000
    10.920000000     0.000000000     0.588170792     0.000000000
    10.930000000     0.000000000     0.589359550     0.000000000
    10.940000000     0.000000000     0.590542290     0.000000000
    10.950000000     0.000000000     0.591719058     0.000000000
    10.960000000     0.000000000     0.592889900     0.000000000
    10.970000000     0.000000000     0.594054861     0.000000000
    10.980000000     0.000000000     0.595213986     0.000000000
    10.990000000     0.000000000     0.596367320     0.000000000
    11.000000000     0.000000000     0.597514906     0.000000000
