 # Column 1: omega
 # Column 2: eps2(omega)
 # Column 3: eps1(omega)
 # Column 4: JDOS(omega)
     0.000000000     0.000000000     2.136096796     0.000000000
     0.010000000     0.000000000     2.136106251     0.000000000
     0.020000000     0.000000000     2.136134617     0.000000000
     0.030000000     0.000000000     2.136181902     0.000000000
     0.040000000     0.000000000     2.136248115     0.000000000
     0.050000000     0.000000000     2.136333270     0.000000000
     0.060000000     0.000000000     2.136437388     0.000000000
     0.070000000     0.000000000     2.136560490     0.000000000
     0.080000000     0.000000000     2.136702603     0.000000000
     0.090000000     0.000000000     2.136863760     0.000000000
     0.100000000     0.000000000     2.137043995     0.000000000
     0.110000000     0.000000000     2.137243348     0.000000000
     0.120000000     0.000000000     2.137461865     0.000000000
     0.130000000     0.000000000     2.137699592     0.000000000
     0.140000000     0.000000000     2.137956584     0.000000000
     0.150000000     0.000000000     2.138232897     0.000000000
     0.160000000     0.000000000     2.138528593     0.000000000
     0.170000000     0.000000000     2.138843739     0.000000000
     0.180000000     0.000000000     2.139178405     0.000000000
     0.190000000     0.000000000     2.139532667     0.000000000
     0.200000000     0.000000000     2.139906605     0.000000000
     0.210000000     0.000000000     2.140300304     0.000000000
     0.220000000     0.000000000     2.140713853     0.000000000
     0.230000000     0.000000000     2.141147348     0.000000000
     0.240000000     0.000000000     2.141600888     0.000000000
     0.250000000     0.000000000     2.142074577     0.000000000
     0.260000000     0.000000000     2.142568525     0.000000000
     0.270000000     0.000000000     2.143082846     0.000000000
     0.280000000     0.000000000     2.143617662     0.000000000
     0.290000000     0.000000000     2.144173098     0.000000000
     0.300000000     0.000000000     2.144749284     0.000000000
     0.310000000     0.000000000     2.145346358     0.000000000
     0.320000000     0.000000000     2.145964461     0.000000000
     0.330000000     0.000000000     2.146603743     0.000000000
     0.340000000     0.000000000     2.147264357     0.000000000
     0.350000000     0.000000000     2.147946463     0.000000000
     0.360000000     0.000000000     2.148650229     0.000000000
     0.370000000     0.000000000     2.149375827     0.000000000
     0.380000000     0.000000000     2.150123437     0.000000000
     0.390000000     0.000000000     2.150893245     0.000000000
     0.400000000     0.000000000     2.151685443     0.000000000
     0.410000000     0.000000000     2.152500233     0.000000000
     0.420000000     0.000000000     2.153337821     0.000000000
     0.430000000     0.000000000     2.154198422     0.000000000
     0.440000000     0.000000000     2.155082258     0.000000000
     0.450000000     0.000000000     2.155989560     0.000000000
     0.460000000     0.000000000     2.156920565     0.000000000
     0.470000000     0.000000000     2.157875521     0.000000000
     0.480000000     0.000000000     2.158854681     0.000000000
     0.490000000     0.000000000     2.159858311     0.000000000
     0.500000000     0.000000000     2.160886681     0.000000000
     0.510000000     0.000000000     2.161940076     0.000000000
     0.520000000     0.000000000     2.163018785     0.000000000
     0.530000000     0.000000000     2.164123110     0.000000000
     0.540000000     0.000000000     2.165253363     0.000000000
     0.550000000     0.000000000     2.166409867     0.000000000
     0.560000000     0.000000000     2.167592953     0.000000000
     0.570000000     0.000000000     2.168802967     0.000000000
     0.580000000     0.000000000     2.170040264     0.000000000
     0.590000000     0.000000000     2.171305212     0.000000000
     0.600000000     0.000000000     2.172598190     0.000000000
     0.610000000     0.000000000     2.173919592     0.000000000
     0.620000000     0.000000000     2.175269824     0.000000000
     0.630000000     0.000000000     2.176649306     0.000000000
     0.640000000     0.000000000     2.178058473     0.000000000
     0.650000000     0.000000000     2.179497772     0.000000000
     0.660000000     0.000000000     2.180967669     0.000000000
     0.670000000     0.000000000     2.182468644     0.000000000
     0.680000000     0.000000000     2.184001193     0.000000000
     0.690000000     0.000000000     2.185565830     0.000000000
     0.700000000     0.000000000     2.187163087     0.000000000
     0.710000000     0.000000000     2.188793514     0.000000000
     0.720000000     0.000000000     2.190457680     0.000000000
     0.730000000     0.000000000     2.192156174     0.000000000
     0.740000000     0.000000000     2.193889607     0.000000000
     0.750000000     0.000000000     2.195658611     0.000000000
     0.760000000     0.000000000     2.197463839     0.000000000
     0.770000000     0.000000000     2.199305970     0.000000000
     0.780000000     0.000000000     2.201185706     0.000000000
     0.790000000     0.000000000     2.203103775     0.000000000
     0.800000000     0.000000000     2.205060932     0.000000000
     0.810000000     0.000000000     2.207057959     0.000000000
     0.820000000     0.000000000     2.209095668     0.000000000
     0.830000000     0.000000000     2.211174901     0.000000000
     0.840000000     0.000000000     2.213296532     0.000000000
     0.850000000     0.000000000     2.215461468     0.000000000
     0.860000000     0.000000000     2.217670651     0.000000000
     0.870000000     0.000000000     2.219925059     0.000000000
     0.880000000     0.000000000     2.222225709     0.000000000
     0.890000000     0.000000000     2.224573657     0.000000000
     0.900000000     0.000000000     2.226970003     0.000000000
     0.910000000     0.000000000     2.229415888     0.000000000
     0.920000000     0.000000000     2.231912502     0.000000000
     0.930000000     0.000000000     2.234461082     0.000000000
     0.940000000     0.000000000     2.237062916     0.000000000
     0.950000000     0.000000000     2.239719347     0.000000000
     0.960000000     0.000000000     2.242431773     0.000000000
     0.970000000     0.000000000     2.245201653     0.000000000
     0.980000000     0.000000000     2.248030506     0.000000000
     0.990000000     0.000000000     2.250919921     0.000000000
     1.000000000     0.000000000     2.253871553     0.000000000
     1.010000000     0.000000000     2.256887133     0.000000000
     1.020000000     0.000000000     2.259968468     0.000000000
     1.030000000     0.000000000     2.263117447     0.000000000
     1.040000000     0.000000000     2.266336048     0.000000000
     1.050000000     0.000000000     2.269626339     0.000000000
     1.060000000     0.000000000     2.272990484     0.000000000
     1.070000000     0.000000000     2.276430754     0.000000000
     1.080000000     0.000000000     2.279949525     0.000000000
     1.090000000     0.000000000     2.283549291     0.000000000
     1.100000000     0.000000000     2.287232671     0.000000000
     1.110000000     0.000000000     2.291002412     0.000000000
     1.120000000     0.000000000     2.294861401     0.000000000
     1.130000000     0.000000000     2.298812675     0.000000000
     1.140000000     0.000000000     2.302859427     0.000000000
     1.150000000     0.000000000     2.307005020     0.000000000
     1.160000000     0.000000000     2.311252997     0.000000000
     1.170000000     0.000000000     2.315607092     0.000000000
     1.180000000     0.000000000     2.320071246     0.000000000
     1.190000000     0.000000000     2.324649621     0.000000000
     1.200000000     0.000000000     2.329346611     0.000000000
     1.210000000     0.000000000     2.334166868     0.000000000
     1.220000000     0.000000000     2.339115312     0.000000000
     1.230000000     0.000000000     2.344197157     0.000000000
     1.240000000     0.000000000     2.349417929     0.000000000
     1.250000000     0.000000000     2.354783495     0.000000000
     1.260000000     0.000000000     2.360300084     0.000000000
     1.270000000     0.000000000     2.365974323     0.000000000
     1.280000000     0.000000000     2.371813259     0.000000000
     1.290000000     0.000000000     2.377824406     0.000000000
     1.300000000     0.000000000     2.384015772     0.000000000
     1.310000000     0.000000000     2.390395912     0.000000000
     1.320000000     0.000000000     2.396973965     0.000000000
     1.330000000     0.000000000     2.403759714     0.000000000
     1.340000000     0.000000000     2.410763639     0.000000000
     1.350000000     0.000000000     2.417996982     0.000000000
     1.360000000     0.000000000     2.425471818     0.000000000
     1.370000000     0.000000000     2.433201131     0.000000000
     1.380000000     0.000000000     2.441198908     0.000000000
     1.390000000     0.000000000     2.449480230     0.000000000
     1.400000000     0.000000000     2.458061388     0.000000000
     1.410000000     0.000000000     2.466960000     0.000000000
     1.420000000     0.000000000     2.476195157     0.000000001
     1.430000000     0.000000000     2.485787571     0.000000002
     1.440000000     0.000000001     2.495759756     0.000000005
     1.450000000     0.000000003     2.506136224     0.000000012
     1.460000000     0.000000007     2.516943712     0.000000029
     1.470000000     0.000000017     2.528211436     0.000000069
     1.480000000     0.000000040     2.539971384     0.000000157
     1.490000000     0.000000091     2.552258643     0.000000343
     1.500000000     0.000000201     2.565111783     0.000000720
     1.510000000     0.000000426     2.578573287     0.000001452
     1.520000000     0.000000873     2.592690048     0.000002819
     1.530000000     0.000001728     2.607513942     0.000005265
     1.540000000     0.000003306     2.623102484     0.000009463
     1.550000000     0.000006117     2.639519583     0.000016370
     1.560000000     0.000010970     2.656836412     0.000027263
     1.570000000     0.000019122     2.675132418     0.000043719
     1.580000000     0.000032547     2.694496465     0.000067522
     1.590000000     0.000054515     2.715028166     0.000100465
     1.600000000     0.000090868     2.736839383     0.000144039
     1.610000000     0.000152956     2.760055930     0.000199044
     1.620000000     0.000264067     2.784819458     0.000265175
     1.630000000     0.000472809     2.811289514     0.000340678
     1.640000000     0.000879267     2.839645697     0.000422178
     1.650000000     0.001682945     2.870089865     0.000504781
     1.660000000     0.003264770     2.902848304     0.000582495
     1.670000000     0.006317408     2.938173707     0.000648953
     1.680000000     0.012035891     2.976346345     0.000698345
     1.690000000     0.022370353     3.017673428     0.000726400
     1.700000000     0.040320612     3.062486194     0.000731236
     1.710000000     0.070216869     3.111132094     0.000713906
     1.720000000     0.117886090     3.163948081     0.000678533
     1.730000000     0.190562471     3.221192626     0.000631999
     1.740000000     0.296384627     3.282921562     0.000583246
     1.750000000     0.443358157     3.348783388     0.000542310
     1.760000000     0.637769350     3.417661430     0.000519241
     1.770000000     0.882211801     3.487032143     0.000523066
     1.780000000     1.173595910     3.551850441     0.000560933
     1.790000000     1.501680730     3.602741242     0.000637549
     1.800000000     1.848711487     3.623458107     0.000754973
     1.810000000     2.190597566     3.588525565     0.000912812
     1.820000000     2.499718642     3.464681653     0.001108796
     1.830000000     2.748978619     3.223607913     0.001339682
     1.840000000     2.916287995     2.869814741     0.001602351
     1.850000000     2.988415457     2.462551805     0.001894955
     1.860000000     2.963226791     2.091763511     0.002217957
     1.870000000     2.849728756     1.820008172     0.002574906
     1.880000000     2.665935035     1.656348883     0.002972872
     1.890000000     2.435164701     1.575584629     0.003422469
     1.900000000     2.181765645     1.543266175     0.003937442
     1.910000000     1.927307342     1.528842435     0.004533763
     1.920000000     1.688021599     1.513397915     0.005228237
     1.930000000     1.473814859     1.494238939     0.006036613
     1.940000000     1.288710536     1.480274866     0.006971342
     1.950000000     1.132256584     1.479128318     0.008039221
     1.960000000     1.001321997     1.489434422     0.009239283
     1.970000000     0.891784237     1.504448556     0.010561306
     1.980000000     0.799795540     1.519067216     0.011985238
     1.990000000     0.722515828     1.533034022     0.013481673
     2.000000000     0.658348424     1.549641029     0.015013358
     2.010000000     0.606791238     1.572192067     0.016537574
     2.020000000     0.568035600     1.601471318     0.018009271
     2.030000000     0.542436587     1.635964933     0.019384835
     2.040000000     0.529966049     1.673087223     0.020626381
     2.050000000     0.529750580     1.709605208     0.021706343
     2.060000000     0.539785892     1.741784137     0.022611841
     2.070000000     0.556896037     1.765998248     0.023348023
     2.080000000     0.576964483     1.779437493     0.023939335
     2.090000000     0.595407586     1.780176381     0.024427844
     2.100000000     0.607802394     1.767116819     0.024868198
     2.110000000     0.610537735     1.741689739     0.025319665
     2.120000000     0.601345766     1.710252239     0.025836590
     2.130000000     0.579597356     1.682548180     0.026459270
     2.140000000     0.546303144     1.666184585     0.027207400
     2.150000000     0.503835528     1.663196185     0.028077734
     2.160000000     0.455452616     1.671260879     0.029046604
     2.170000000     0.404743367     1.686584062     0.030076710
     2.180000000     0.355114507     1.706015526     0.031126548
     2.190000000     0.309408430     1.727965480     0.032160241
     2.200000000     0.269692109     1.752202339     0.033155600
     2.210000000     0.237208708     1.778930280     0.034108833
     2.220000000     0.212450871     1.807915642     0.035035235
     2.230000000     0.195303211     1.838209290     0.035966166
     2.240000000     0.185208135     1.868406595     0.036943396
     2.250000000     0.181324941     1.897133234     0.038012267
     2.260000000     0.182668128     1.923522395     0.039215138
     2.270000000     0.188221516     1.947503806     0.040586259
     2.280000000     0.197029237     1.969687459     0.042148652
     2.290000000     0.208265338     1.990791685     0.043913033
     2.300000000     0.221283721     2.011047196     0.045878317
     2.310000000     0.235651505     2.030159301     0.048032980
     2.320000000     0.251171267     2.047866933     0.050356574
     2.330000000     0.267899403     2.064454213     0.052820871
     2.340000000     0.286166642     2.080593304     0.055390512
     2.350000000     0.306600980     2.096721375     0.058023345
     2.360000000     0.330143307     2.112641137     0.060670900
     2.370000000     0.358034451     2.127683727     0.063279442
     2.380000000     0.391744185     2.141260087     0.065791862
     2.390000000     0.432814038     2.153407520     0.068150335
     2.400000000     0.482600874     2.164936514     0.070299387
     2.410000000     0.541937147     2.176797657     0.072188838
     2.420000000     0.610760193     2.188652946     0.073776178
     2.430000000     0.687794416     2.197764414     0.075028197
     2.440000000     0.770382430     2.199322524     0.075922056
     2.450000000     0.854543859     2.187787338     0.076446223
     2.460000000     0.935292998     2.158364068     0.076601696
     2.470000000     1.007180858     2.108496569     0.076403692
     2.480000000     1.064964330     2.039589287     0.075883493
     2.490000000     1.104267615     1.958258762     0.075089724
     2.500000000     1.122103072     1.874755667     0.074088100
     2.510000000     1.117159460     1.797797399     0.072958843
     2.520000000     1.089829910     1.730468897     0.071791374
     2.530000000     1.042016017     1.671377536     0.070676597
     2.540000000     0.976786752     1.618646809     0.069697731
     2.550000000     0.897980948     1.572376001     0.068921100
     2.560000000     0.809823734     1.534538001     0.068388437
     2.570000000     0.716594809     1.507585436     0.068112024
     2.580000000     0.622356791     1.493093951     0.068073488
     2.590000000     0.530736219     1.490939596     0.068226374
     2.600000000     0.444749913     1.499210664     0.068501975
     2.610000000     0.366678625     1.515003618     0.068817362
     2.620000000     0.297998768     1.535489527     0.069084328
     2.630000000     0.239384060     1.558498026     0.069217957
     2.640000000     0.190780746     1.582545568     0.069143809
     2.650000000     0.151546288     1.606662935     0.068803074
     2.660000000     0.120628336     1.630264975     0.068155422
     2.670000000     0.096753786     1.653054499     0.067179599
     2.680000000     0.078598899     1.674922180     0.065872023
     2.690000000     0.064919720     1.695873216     0.064243821
     2.700000000     0.054633816     1.715997524     0.062316848
     2.710000000     0.046855739     1.735420017     0.060119382
     2.720000000     0.040896682     1.754196963     0.057682213
     2.730000000     0.036242293     1.772262231     0.055035821
     2.740000000     0.032521754     1.789497564     0.052209115
     2.750000000     0.029477551     1.805861922     0.049229896
     2.760000000     0.026940492     1.821459537     0.046126763
     2.770000000     0.024810237     1.836475493     0.042931817
     2.780000000     0.023038863     1.851064046     0.039683243
     2.790000000     0.021614388     1.865324407     0.036426849
     2.800000000     0.020542309     1.879327694     0.033215836
     2.810000000     0.019825554     1.893104514     0.030108518
     2.820000000     0.019445514     1.906622777     0.027164233
     2.830000000     0.019348339     1.919794857     0.024438222
     2.840000000     0.019440521     1.932487775     0.021976537
     2.850000000     0.019596026     1.944530653     0.019812068
     2.860000000     0.019674245     1.955760422     0.017962479
     2.870000000     0.019544848     1.966138649     0.016430320
     2.880000000     0.019113343     1.975882739     0.015205012
     2.890000000     0.018340607     1.985441225     0.014265981
     2.900000000     0.017251270     1.995249877     0.013586055
     2.910000000     0.015928923     2.005498963     0.013134372
     2.920000000     0.014499768     2.016128903     0.012878395
     2.930000000     0.013109259     2.026970564     0.012785009
     2.940000000     0.011897479     2.037860530     0.012820967
     2.950000000     0.010978438     2.048683295     0.012953104
     2.960000000     0.010426448     2.059371176     0.013148633
     2.970000000     0.010270301     2.069895027     0.013375753
     2.980000000     0.010494069     2.080255151     0.013604552
     2.990000000     0.011042472     2.090465114     0.013808108
     3.000000000     0.011829021     2.100526042     0.013963595
     3.010000000     0.012745975     2.110405692     0.014053218
     3.020000000     0.013675982     2.120032995     0.014064828
     3.030000000     0.014505544     2.129321241     0.013992143
     3.040000000     0.015140082     2.138239664     0.013834562
     3.050000000     0.015519528     2.146888667     0.013596645
     3.060000000     0.015632452     2.155479765     0.013287373
     3.070000000     0.015526245     2.164220119     0.012919377
     3.080000000     0.015310816     2.173226599     0.012508240
     3.090000000     0.015153773     2.182539705     0.012071925
     3.100000000     0.015265888     2.192180010     0.011630267
     3.110000000     0.015876739     2.202159238     0.011204358
     3.120000000     0.017201746     2.212446918     0.010815686
     3.130000000     0.019403547     2.222954977     0.010484948
     3.140000000     0.022552725     2.233547075     0.010230636
     3.150000000     0.026594887     2.244042208     0.010067607
     3.160000000     0.031332333     2.254204918     0.010005917
     3.170000000     0.036428023     2.263734983     0.010050173
     3.180000000     0.041436459     2.272269293     0.010199533
     3.190000000     0.045860683     2.279410688     0.010448407
     3.200000000     0.049227737     2.284859610     0.010787802
     3.210000000     0.051168886     2.288760246     0.011207225
     3.220000000     0.051487785     2.292021517     0.011696969
     3.230000000     0.050201123     2.296002196     0.012250542
     3.240000000     0.047542170     2.301683480     0.012866808
     3.250000000     0.043926354     2.309273962     0.013551310
     3.260000000     0.039886856     2.318477468     0.014316245
     3.270000000     0.035994396     2.328874665     0.015178745
     3.280000000     0.032777342     2.340093072     0.016157534
     3.290000000     0.030655980     2.351827395     0.017268478
     3.300000000     0.029899616     2.363831182     0.018519996
     3.310000000     0.030609350     2.375904304     0.019909442
     3.320000000     0.032724507     2.387856144     0.021421430
     3.330000000     0.036047841     2.399455754     0.023028631
     3.340000000     0.040283496     2.410424249     0.024694976
     3.350000000     0.045081782     2.420519912     0.026380651
     3.360000000     0.050085270     2.429694520     0.028047908
     3.370000000     0.054971258     2.438157871     0.029666675
     3.380000000     0.059486258     2.446212802     0.031219064
     3.390000000     0.063469061     2.454082617     0.032702246
     3.400000000     0.066860272     2.461978479     0.034129415
     3.410000000     0.069697869     2.470145250     0.035528837
     3.420000000     0.072100054     2.478690955     0.036941106
     3.430000000     0.074238264     2.487537790     0.038414877
     3.440000000     0.076304351     2.496630264     0.040001454
     3.450000000     0.078476717     2.506064782     0.041748811
     3.460000000     0.080890436     2.515952664     0.043695781
     3.470000000     0.083616009     2.526211448     0.045867211
     3.480000000     0.086650245     2.536518453     0.048270777
     3.490000000     0.089920758     2.546456682     0.050895882
     3.500000000     0.093303047     2.555741539     0.053714680
     3.510000000     0.096646604     2.564406488     0.056684950
     3.520000000     0.099804747     2.572800620     0.059754319
     3.530000000     0.102662351     2.581331486     0.062865340
     3.540000000     0.105156533     2.590193951     0.065961008
     3.550000000     0.107287117     2.599352321     0.068990377
     3.560000000     0.109115911     2.608714169     0.071913950
     3.570000000     0.110755725     2.618272303     0.074708340
     3.580000000     0.112351555     2.628144189     0.077369507
     3.590000000     0.114057370     2.638534155     0.079913741
     3.600000000     0.116012652     2.649589136     0.082375731
     3.610000000     0.118323045     2.661233689     0.084803500
     3.620000000     0.121049117     2.673164648     0.087250765
     3.630000000     0.124205825     2.685011359     0.089768077
     3.640000000     0.127773025     2.696522939     0.092394700
     3.650000000     0.131714646     2.707667606     0.095153273
     3.660000000     0.136001806     2.718620355     0.098048755
     3.670000000     0.140634006     2.729674567     0.101072086
     3.680000000     0.145652979     2.741092811     0.104207627
     3.690000000     0.151145672     2.752948154     0.107442326
     3.700000000     0.157235377     2.765093549     0.110773948
     3.710000000     0.164062597     2.777309884     0.114215950
     3.720000000     0.171758957     2.789486268     0.117797510
     3.730000000     0.180418373     2.801637292     0.121558631
     3.740000000     0.190069757     2.813738912     0.125541550
     3.750000000     0.200655115     2.825605682     0.129780656
     3.760000000     0.212016290     2.836961271     0.134293309
     3.770000000     0.223892882     2.847538498     0.139073571
     3.780000000     0.235933219     2.857071081     0.144089934
     3.790000000     0.247719640     2.865325861     0.149287142
     3.800000000     0.258808567     2.872310651     0.154591283
     3.810000000     0.268784536     2.878438930     0.159916860
     3.820000000     0.277324836     2.884265694     0.165174305
     3.830000000     0.284267345     2.889970034     0.170276648
     3.840000000     0.289668957     2.895268873     0.175144342
     3.850000000     0.293837477     2.899969063     0.179707818
     3.860000000     0.297318834     2.904622054     0.183907852
     3.870000000     0.300826759     2.910566549     0.187694370
     3.880000000     0.305114681     2.919201571     0.191024756
     3.890000000     0.310807472     2.931082630     0.193862866
     3.900000000     0.318228321     2.945493461     0.196179784
     3.910000000     0.327266148     2.960627125     0.197956757
     3.920000000     0.337325828     2.974079532     0.199189914
     3.930000000     0.347385365     2.983486339     0.199895450
     3.940000000     0.356155595     2.987375131     0.200113448
     3.950000000     0.362308269     2.986018460     0.199908482
     3.960000000     0.364718252     2.981664984     0.199365860
     3.970000000     0.362662526     2.977760547     0.198583533
     3.980000000     0.355933777     2.977481724     0.197661002
     3.990000000     0.344853287     2.982328627     0.196687480
     4.000000000     0.330196151     2.991685658     0.195731871
     4.010000000     0.313061279     3.003763630     0.194836622
     4.020000000     0.294723664     3.017196674     0.194016418
     4.030000000     0.276498146     3.032096482     0.193261473
     4.040000000     0.259628802     3.049729833     0.192544148
     4.050000000     0.245204175     3.071131321     0.191827150
     4.060000000     0.234091498     3.096130923     0.191071717
     4.070000000     0.226884102     3.123601818     0.190244702
     4.080000000     0.223862208     3.152195143     0.189324183
     4.090000000     0.224973391     3.180734326     0.188303662
     4.100000000     0.229841265     3.208284445     0.187195144
     4.110000000     0.237807998     3.234211684     0.186031180
     4.120000000     0.248009715     3.258283390     0.184865659
     4.130000000     0.259476431     3.280638393     0.183772917
     4.140000000     0.271242701     3.301559707     0.182844654
     4.150000000     0.282453024     3.321254796     0.182184505
     4.160000000     0.292447250     3.339889720     0.181900542
     4.170000000     0.300814964     3.357865660     0.182096597
     4.180000000     0.307412989     3.375995351     0.182863611
     4.190000000     0.312345893     3.395214348     0.184272368
     4.200000000     0.315914903     3.416080411     0.186368653
     4.210000000     0.318545266     3.438673033     0.189171274
     4.220000000     0.320704858     3.462829398     0.192672672
     4.230000000     0.322827320     3.488264353     0.196841113
     4.240000000     0.325250835     3.514604985     0.201623137
     4.250000000     0.328179592     3.541507821     0.206944914
     4.260000000     0.331670166     3.568768022     0.212711748
     4.270000000     0.335640751     3.596349607     0.218805715
     4.280000000     0.339898399     3.624359356     0.225082282
     4.290000000     0.344178285     3.652955863     0.231367338
     4.300000000     0.348189123     3.682190357     0.237456212
     4.310000000     0.351659498     3.711894596     0.243116002
     4.320000000     0.354380617     3.741863477     0.248091972
     4.330000000     0.356241693     3.772320096     0.252118190
     4.340000000     0.357255238     3.804104185     0.254932065
     4.350000000     0.357570817     3.838159159     0.256292066
     4.360000000     0.357477351     3.874826314     0.255997573
     4.370000000     0.357395053     3.913809007     0.253909357
     4.380000000     0.357858233     3.954721736     0.249968688
     4.390000000     0.359489638     3.997468864     0.244212495
     4.400000000     0.362966143     4.042303343     0.236781720
     4.410000000     0.368975570     4.089739219     0.227920297
     4.420000000     0.378165335     4.140184386     0.217963124
     4.430000000     0.391085455     4.193500349     0.207313063
     4.440000000     0.408130304     4.248886245     0.196408960
     4.450000000     0.429484956     4.305051918     0.185688497
     4.460000000     0.455083086     4.360751679     0.175550876
     4.470000000     0.484584788     4.415616742     0.166324478
     4.480000000     0.517384557     4.470369296     0.158243859
     4.490000000     0.552660547     4.525826159     0.151438789
     4.500000000     0.589473512     4.581746675     0.145936113
     4.510000000     0.626914534     4.636772440     0.141673212
     4.520000000     0.664284376     4.689321213     0.138520295
     4.530000000     0.701268095     4.738754615     0.136307573
     4.540000000     0.738054431     4.786357911     0.134852866
     4.550000000     0.775350134     4.835580905     0.133985289
     4.560000000     0.814260336     4.890768141     0.133561517
     4.570000000     0.856045225     4.954614786     0.133472677
     4.580000000     0.901808996     5.026554036     0.133642006
     4.590000000     0.952211900     5.103327830     0.134015592
     4.600000000     1.007303699     5.180408870     0.134550097
     4.610000000     1.066549205     5.253384433     0.135201931
     4.620000000     1.129059583     5.319533921     0.135921493
     4.630000000     1.193975017     5.378970181     0.136654134
     4.640000000     1.260889994     5.434528707     0.137347066
     4.650000000     1.330193174     5.491117572     0.137959411
     4.660000000     1.403218916     5.554721321     0.138471635
     4.670000000     1.482169790     5.629841018     0.138891102
     4.680000000     1.569846810     5.716532456     0.139252037
     4.690000000     1.669287938     5.810343511     0.139610239
     4.700000000     1.783440491     5.905725696     0.140034544
     4.710000000     1.914967821     5.999207905     0.140597771
     4.720000000     2.066222405     6.088768019     0.141369551
     4.730000000     2.239331571     6.171389244     0.142412214
     4.740000000     2.436273736     6.244033151     0.143779509
     4.750000000     2.658804735     6.307494527     0.145516800
     4.760000000     2.908141523     6.367132756     0.147661086
     4.770000000     3.184413972     6.428446130     0.150239667
     4.780000000     3.486018156     6.491232121     0.153267266
     4.790000000     3.809095327     6.547048344     0.156742518
     4.800000000     4.147374415     6.580740386     0.160645266
     4.810000000     4.492534744     6.574198497     0.164936046
     4.820000000     4.835091455     6.514175459     0.169558357
     4.830000000     5.165634746     6.402864886     0.174443289
     4.840000000     5.476132772     6.259765085     0.179515268
     4.850000000     5.760985589     6.109589831     0.184697404
     4.860000000     6.017601257     5.968498538     0.189915363
     4.870000000     6.246417858     5.839524978     0.195099551
     4.880000000     6.450453285     5.715880517     0.200186246
     4.890000000     6.634569310     5.588125484     0.205118755
     4.900000000     6.804659572     5.451398704     0.209849507
     4.910000000     6.966924606     5.309410173     0.214343228
     4.920000000     7.127320030     5.171761074     0.218580501
     4.930000000     7.291197917     5.045133113     0.222560340
     4.940000000     7.463127581     4.927115123     0.226300383
     4.950000000     7.646873685     4.808850361     0.229833867
     4.960000000     7.845502263     4.682398873     0.233203515
     4.970000000     8.061557823     4.543443488     0.236453486
     4.980000000     8.297207004     4.388075445     0.239621211
     4.990000000     8.554202186     4.212732830     0.242731096
     5.000000000     8.833520850     4.019738979     0.245791628
     5.010000000     9.134612257     3.818036490     0.248796617
     5.020000000     9.454329492     3.614502075     0.251730242
     5.030000000     9.785799907     3.404389187     0.254574649
     5.040000000    10.117620686     3.170786655     0.257318159
     5.050000000    10.433788887     2.892667784     0.259961980
     5.060000000    10.714650223     2.552228946     0.262523598
     5.070000000    10.938895893     2.138812757     0.265035860
     5.080000000    11.086325661     1.654529075     0.267541798
     5.090000000    11.140832558     1.118792582     0.270086301
     5.100000000    11.092946557     0.565613898     0.272706460
     5.110000000    10.941349953     0.035118483     0.275422569
     5.120000000    10.693026381    -0.438888696     0.278231431
     5.130000000    10.362046927    -0.840653268     0.281102941
     5.140000000     9.967319759    -1.173686832     0.283980173
     5.150000000     9.529836927    -1.451155830     0.286782674
     5.160000000     9.069995250    -1.685687725     0.289412401
     5.170000000     8.605460462    -1.884696620     0.291761675
     5.180000000     8.149844900    -2.050373863     0.293722421
     5.190000000     7.712254506    -2.183182771     0.295195862
     5.200000000     7.297590582    -2.286483546     0.296101599
     5.210000000     6.907391589    -2.368158556     0.296384938
     5.220000000     6.540965173    -2.437838683     0.296021491
     5.230000000     6.196569425    -2.502001807     0.295018517
     5.240000000     5.872436407    -2.560433515     0.293413117
     5.250000000     5.567482452    -2.606962454     0.291267884
     5.260000000     5.281619242    -2.633997375     0.288664888
     5.270000000     5.015665231    -2.636880533     0.285698798
     5.280000000     4.770946080    -2.615967651     0.282469707
     5.290000000     4.548742063    -2.576816204     0.279076019
     5.300000000     4.349765544    -2.528967791     0.275607770
     5.310000000     4.173820864    -2.482982442     0.272140909
     5.320000000     4.019721555    -2.445693144     0.268733302
     5.330000000     3.885444894    -2.417065294     0.265423199
     5.340000000     3.768427791    -2.392459880     0.262230590
     5.350000000     3.665879037    -2.367491167     0.259161250
     5.360000000     3.575007432    -2.339801624     0.256212567
     5.370000000     3.493126818    -2.308936488     0.253379737
     5.380000000     3.417666266    -2.277479114     0.250660786
     5.390000000     3.346155953    -2.251222714     0.248059256
     5.400000000     3.276260314    -2.235754591     0.245584110
     5.410000000     3.205893766    -2.231785356     0.243247282
     5.420000000     3.133400863    -2.234292594     0.241059998
     5.430000000     3.057737856    -2.236690625     0.239029357
     5.440000000     2.978575797    -2.235240431     0.237156511
     5.450000000     2.896262420    -2.229587061     0.235437196
     5.460000000     2.811623474    -2.220676008     0.233864519
     5.470000000     2.725637671    -2.208956195     0.232433075
     5.480000000     2.639065083    -2.194045304     0.231142893
     5.490000000     2.552132654    -2.175627325     0.230001683
     5.500000000     2.464375034    -2.154661949     0.229024353
     5.510000000     2.374694008    -2.133960553     0.228229706
     5.520000000     2.281642777    -2.117762860     0.227635268
     5.530000000     2.183876181    -2.109483094     0.227252001
     5.540000000     2.080653304    -2.107754269     0.227080931
     5.550000000     1.972253244    -2.105054508     0.227113283
     5.560000000     1.860179674    -2.092224873     0.227334718
     5.570000000     1.747084246    -2.063839979     0.227732930
     5.580000000     1.636417436    -2.019057773     0.228306698
     5.590000000     1.531892706    -1.960178709     0.229073737
     5.600000000     1.436900004    -1.891847144     0.230074754
     5.610000000     1.354011011    -1.820145452     0.231371837
     5.620000000     1.284681186    -1.750679435     0.233040602
     5.630000000     1.229187853    -1.686508306     0.235156931
     5.640000000     1.186773920    -1.627514377     0.237780302
     5.650000000     1.155916624    -1.571965290     0.240936366
     5.660000000     1.134623801    -1.518680805     0.244601445
     5.670000000     1.120677158    -1.467823992     0.248691171
     5.680000000     1.111781834    -1.420514840     0.253054824
     5.690000000     1.105627570    -1.377883757     0.257476241
     5.700000000     1.099902784    -1.340018121     0.261681729
     5.710000000     1.092318228    -1.306066213     0.265355056
     5.720000000     1.080688595    -1.275758489     0.268159168
     5.730000000     1.063092887    -1.250365938     0.269763639
     5.740000000     1.038097489    -1.231375528     0.269875790
     5.750000000     1.004992417    -1.217876279     0.268272267
     5.760000000     0.963972709    -1.205470324     0.264826840
     5.770000000     0.916200673    -1.188176589     0.259529900
     5.780000000     0.863710548    -1.161565625     0.252495806
     5.790000000     0.809157262    -1.124377288     0.243956005
     5.800000000     0.755452628    -1.078216413     0.234238308
     5.810000000     0.705362059    -1.026250398     0.223735324
     5.820000000     0.661143800    -0.971495596     0.212867092
     5.830000000     0.624299386    -0.915701144     0.202043876
     5.840000000     0.595474092    -0.859744304     0.191634670
     5.850000000     0.574509684    -0.804754312     0.181945390
     5.860000000     0.560619047    -0.752261943     0.173208442
     5.870000000     0.552630802    -0.703346581     0.165583020
     5.880000000     0.549245253    -0.658152440     0.159163741
     5.890000000     0.549250341    -0.615981293     0.153994256
     5.900000000     0.551664380    -0.575323742     0.150082531
     5.910000000     0.555795635    -0.534399707     0.147415084
     5.920000000     0.561231054    -0.492420549     0.145968437
     5.930000000     0.567781434    -0.450082382     0.145716900
     5.940000000     0.575414101    -0.408843733     0.146636446
     5.950000000     0.584196455    -0.370023037     0.148704837
     5.960000000     0.594258458    -0.334148217     0.151898469
     5.970000000     0.605766680    -0.300609978     0.156186710
     5.980000000     0.618894053    -0.267878549     0.161524835
     5.990000000     0.633772436    -0.234310304     0.167846960
     6.000000000     0.650428176    -0.199190176     0.175060468
     6.010000000     0.668717757    -0.163290136     0.183043199
     6.020000000     0.688292764    -0.128533231     0.191644164
     6.030000000     0.708623855    -0.097096833     0.200687918
     6.040000000     0.729100559    -0.070365184     0.209982109
     6.050000000     0.749201500    -0.048176337     0.219327316
     6.060000000     0.768706359    -0.028880244     0.228528147
     6.070000000     0.787904568    -0.010155767     0.237404551
     6.080000000     0.807751411     0.010018153     0.245802369
     6.090000000     0.829929527     0.032813979     0.253602116
     6.100000000     0.856788541     0.058520506     0.260724969
     6.110000000     0.891152166     0.086757311     0.267134893
     6.120000000     0.935997042     0.116689912     0.272836105
     6.130000000     0.994020800     0.147215048     0.277865608
     6.140000000     1.067131518     0.177022972     0.282281431
     6.150000000     1.155909965     0.204211286     0.286148209
     6.160000000     1.259120017     0.225700712     0.289522621
     6.170000000     1.373365688     0.237353861     0.292441512
     6.180000000     1.493004360     0.234789397     0.294915183
     6.190000000     1.610412249     0.213845582     0.296927252
     6.200000000     1.716650893     0.170648229     0.298441035
     6.210000000     1.802504132     0.102312919     0.299410898
     6.220000000     1.859758793     0.008502813     0.299796012
     6.230000000     1.882515939    -0.106331312     0.299573620
     6.240000000     1.868273968    -0.230765680     0.298749262
     6.250000000     1.818542337    -0.347523680     0.297362309
     6.260000000     1.738829156    -0.439518438     0.295486173
     6.270000000     1.637977721    -0.496707961     0.293223551
     6.280000000     1.526968876    -0.518725681     0.290697707
     6.290000000     1.417415940    -0.512448728     0.288041301
     6.300000000     1.320026433    -0.487393216     0.285384445
     6.310000000     1.243282669    -0.452280020     0.282843775
     6.320000000     1.192518025    -0.413872495     0.280514219
     6.330000000     1.169469384    -0.377218938     0.278464808
     6.340000000     1.172300443    -0.346208282     0.276739244
     6.350000000     1.196034279    -0.324153167     0.275361004
     6.360000000     1.233307385    -0.314587407     0.274341765
     6.370000000     1.275348430    -0.321734274     0.273690952
     6.380000000     1.313077690    -0.349432591     0.273423816
     6.390000000     1.338209979    -0.398532690     0.273565575
     6.400000000     1.344229890    -0.464578919     0.274150060
     6.410000000     1.327107402    -0.537654396     0.275212707
     6.420000000     1.285647955    -0.605320778     0.276779289
     6.430000000     1.221427674    -0.657687871     0.278853097
     6.440000000     1.138340946    -0.690890174     0.281403902
     6.450000000     1.041862783    -0.706155898     0.284361873
     6.460000000     0.938179123    -0.706446136     0.287618620
     6.470000000     0.833349659    -0.694459091     0.291035997
     6.480000000     0.732638921    -0.672633420     0.294461564
     6.490000000     0.640094737    -0.643365520     0.297748055
     6.500000000     0.558388350    -0.608838570     0.300773131
     6.510000000     0.488876226    -0.570896193     0.303455397
     6.520000000     0.431811555    -0.531084406     0.305763132
     6.530000000     0.386626086    -0.490697980     0.307713543
     6.540000000     0.352215284    -0.450674280     0.309362319
     6.550000000     0.327182877    -0.411472237     0.310785599
     6.560000000     0.310025809    -0.373176351     0.312058509
     6.570000000     0.299260793    -0.335817579     0.313235663
     6.580000000     0.293505410    -0.299722194     0.314338812
     6.590000000     0.291529771    -0.265605033     0.315355096
     6.600000000     0.292290955    -0.234205444     0.316246380
     6.610000000     0.294955410    -0.205684253     0.316966824
     6.620000000     0.298908224    -0.179327146     0.317483315
     6.630000000     0.303745666    -0.153897515     0.317792453
     6.640000000     0.309249713    -0.128384697     0.317929002
     6.650000000     0.315348986    -0.102515037     0.317963487
     6.660000000     0.322076315    -0.076752344     0.317990059
     6.670000000     0.329535592    -0.052020298     0.318108556
     6.680000000     0.337887330    -0.029166873     0.318405906
     6.690000000     0.347354009    -0.008277028     0.318941431
     6.700000000     0.358235371     0.011377472     0.319738637
     6.710000000     0.370914792     0.030568035     0.320783672
     6.720000000     0.385834541     0.049556249     0.322028765
     6.730000000     0.403422821     0.068245753     0.323398290
     6.740000000     0.423969036     0.086445489     0.324795510
     6.750000000     0.447463244     0.103862620     0.326109188
     6.760000000     0.473436088     0.120053147     0.327220273
     6.770000000     0.500849907     0.134410904     0.328009273
     6.780000000     0.528093261     0.145904747     0.328364514
     6.790000000     0.553115271     0.152644534     0.328190557
     6.800000000     0.573703549     0.152025020     0.327415210
     6.810000000     0.587867060     0.142136365     0.325993301
     6.820000000     0.594245765     0.124027475     0.323906019
     6.830000000     0.592446680     0.102873678     0.321155961
     6.840000000     0.583211534     0.086022981     0.317759488
     6.850000000     0.568356293     0.078949063     0.313738998
     6.860000000     0.550478699     0.082954062     0.309117748
     6.870000000     0.532490227     0.096066725     0.303918880
     6.880000000     0.517075184     0.115048562     0.298168717
     6.890000000     0.506198756     0.136649808     0.291902822
     6.900000000     0.500773164     0.157982047     0.285172407
     6.910000000     0.500551881     0.176621020     0.278048732
     6.920000000     0.504267690     0.190795271     0.270624104
     6.930000000     0.509975047     0.199491456     0.263009404
     6.940000000     0.515513260     0.202224644     0.255329243
     6.950000000     0.518983241     0.199154263     0.247716343
     6.960000000     0.519131456     0.192326423     0.240306462
     6.970000000     0.515559788     0.186364000     0.233234360
     6.980000000     0.508723908     0.186296988     0.226630390
     6.990000000     0.499735009     0.194368939     0.220616822
     7.000000000     0.490027522     0.209395994     0.215303080
     7.010000000     0.480985631     0.228418111     0.210779807
     7.020000000     0.473626127     0.248285387     0.207112549
     7.030000000     0.468413463     0.266496134     0.204336497
     7.040000000     0.465242315     0.281770430     0.202453751
     7.050000000     0.463576257     0.294113404     0.201433921
     7.060000000     0.462691963     0.304164368     0.201217758
     7.070000000     0.461956774     0.312889069     0.201722468
     7.080000000     0.461066867     0.321907713     0.202846835
     7.090000000     0.460190683     0.333129223     0.204474566
     7.100000000     0.459990169     0.347637001     0.206475299
     7.110000000     0.461522285     0.365370410     0.208704095
     7.120000000     0.466048090     0.385829259     0.211001316
     7.130000000     0.474792669     0.408583569     0.213195198
     7.140000000     0.488705316     0.433033670     0.215108772
     7.150000000     0.508266657     0.458006928     0.216571406
     7.160000000     0.533379629     0.481768933     0.217433538
     7.170000000     0.563366141     0.502429270     0.217581763
     7.180000000     0.597072691     0.518478551     0.216950969
     7.190000000     0.633068409     0.529142741     0.215530703
     7.200000000     0.669900816     0.534394350     0.213364369
     7.210000000     0.706361434     0.534936670     0.210541624
     7.220000000     0.741708496     0.532371847     0.207185832
     7.230000000     0.775799375     0.528875640     0.203439271
     7.240000000     0.809101231     0.526133715     0.199448688
     7.250000000     0.842572378     0.524823420     0.195353014
     7.260000000     0.877434700     0.525160443     0.191273956
     7.270000000     0.914883087     0.527215728     0.187309304
     7.280000000     0.955794940     0.530331104     0.183528366
     7.290000000     1.000506149     0.532671446     0.179969151
     7.300000000     1.048707086     0.531608567     0.176637428
     7.310000000     1.099484929     0.524258129     0.173508267
     7.320000000     1.151503395     0.508212014     0.170530831
     7.330000000     1.203277241     0.483070135     0.167636721
     7.340000000     1.253476502     0.451278328     0.164751358
     7.350000000     1.301190669     0.416526893     0.161806938
     7.360000000     1.346096060     0.381315881     0.158754755
     7.370000000     1.388494260     0.346504896     0.155574622
     7.380000000     1.429216255     0.312268415     0.152279584
     7.390000000     1.469407509     0.278045217     0.148915129
     7.400000000     1.510221167     0.241975862     0.145553233
     7.410000000     1.552453481     0.201837995     0.142282562
     7.420000000     1.596164511     0.157197690     0.139196711
     7.430000000     1.640342127     0.110079296     0.136382526
     7.440000000     1.682684745     0.062326071     0.133910318
     7.450000000     1.719586028     0.012154570     0.131827314
     7.460000000     1.746388119    -0.046390173     0.130155171
     7.470000000     1.757920870    -0.120666093     0.128891765
     7.480000000     1.749269299    -0.214765824     0.128016820
     7.490000000     1.716632762    -0.325336374     0.127500301
     7.500000000     1.658087724    -0.441035205     0.127311887
     7.510000000     1.574066981    -0.546707775     0.127429451
     7.520000000     1.467428685    -0.630081424     0.127844456
     7.530000000     1.343091876    -0.686545700     0.128562714
     7.540000000     1.207327095    -0.718887772     0.129599865
     7.550000000     1.066872974    -0.733238481     0.130972224
     7.560000000     0.928077196    -0.734921175     0.132684803
     7.570000000     0.796228942    -0.726937038     0.134719164
     7.580000000     0.675177557    -0.711004711     0.137023922
     7.590000000     0.567247629    -0.688809809     0.139510292
     7.600000000     0.473391917    -0.662125498     0.142054033
     7.610000000     0.393487010    -0.632471723     0.144503845
     7.620000000     0.326674385    -0.600995614     0.146694995
     7.630000000     0.271672120    -0.568514599     0.148465913
     7.640000000     0.227015716    -0.535624050     0.149675005
     7.650000000     0.191217640    -0.502836320     0.150214979
     7.660000000     0.162856808    -0.470634664     0.150022642
     7.670000000     0.140619400    -0.439446827     0.149083136
     7.680000000     0.123313089    -0.409622247     0.147428786
     7.690000000     0.109871671    -0.381424776     0.145133670
     7.700000000     0.099359731    -0.355015294     0.142305497
     7.710000000     0.090979983    -0.330415739     0.139076305
     7.720000000     0.084081042    -0.307462549     0.135592941
     7.730000000     0.078161059    -0.285805787     0.132007633
     7.740000000     0.072863022    -0.265029518     0.128468548
     7.750000000     0.067959733    -0.244840299     0.125110207
     7.760000000     0.063329508    -0.225151855     0.122044041
     7.770000000     0.058926364    -0.205993272     0.119349877
     7.780000000     0.054749849    -0.187390747     0.117069568
     7.790000000     0.050819501    -0.169364424     0.115203893
     7.800000000     0.047157228    -0.151959759     0.113713510
     7.810000000     0.043778542    -0.135201699     0.112524073
     7.820000000     0.040691285    -0.119025663     0.111535011
     7.830000000     0.037898986    -0.103302099     0.110631036
     7.840000000     0.035405586    -0.087934470     0.109695158
     7.850000000     0.033218899    -0.072901021     0.108621877
     7.860000000     0.031351330    -0.058209898     0.107329052
     7.870000000     0.029817683    -0.043857674     0.105766876
     7.880000000     0.028630819    -0.029842904     0.103922445
     7.890000000     0.027796441    -0.016189465     0.101818813
     7.900000000     0.027308209    -0.002928800     0.099508215
     7.910000000     0.027144106     0.009929980     0.097060346
     7.920000000     0.027264531     0.022383621     0.094547718
     7.930000000     0.027612241     0.034397870     0.092031037
     7.940000000     0.028114052     0.045923057     0.089547741
     7.950000000     0.028684179     0.056955531     0.087106211
     7.960000000     0.029229123     0.067555612     0.084686851
     7.970000000     0.029654021     0.077780279     0.082249537
     7.980000000     0.029870261     0.087631527     0.079745349
     7.990000000     0.029803852     0.097098473     0.077129560
     8.000000000     0.029403632     0.106216595     0.074372728
     8.010000000     0.028647984     0.115076014     0.071467493
     8.020000000     0.027548606     0.123804203     0.068430016
     8.030000000     0.026150147     0.132545016     0.065296433
     8.040000000     0.024525200     0.141425612     0.062115853
     8.050000000     0.022765170     0.150516383     0.058941993
     8.060000000     0.020968487     0.159812948     0.055825468
     8.070000000     0.019228306     0.169251029     0.052808213
     8.080000000     0.017621895     0.178736227     0.049920675
     8.090000000     0.016203418     0.188180808     0.047181696
     8.100000000     0.015000940     0.197543787     0.044600360
     8.110000000     0.014017466     0.206836350     0.042178829
     8.120000000     0.013235074     0.216076224     0.039915153
     8.130000000     0.012620822     0.225251121     0.037805273
     8.140000000     0.012133135     0.234334002     0.035843858
     8.150000000     0.011727699     0.243317162     0.034024020
     8.160000000     0.011362307     0.252222414     0.032336395
     8.170000000     0.011000466     0.261085784     0.030768225
     8.180000000     0.010613798     0.269937456     0.029303098
     8.190000000     0.010183372     0.278794066     0.027921724
     8.200000000     0.009700081     0.287671488     0.026603717
     8.210000000     0.009164165     0.296599165     0.025330002
     8.220000000     0.008583965     0.305616746     0.024085168
     8.230000000     0.007974028     0.314761462     0.022859093
     8.240000000     0.007352746     0.324057111     0.021647358
     8.250000000     0.006739787     0.333511760     0.020450333
     8.260000000     0.006153613     0.343127259     0.019271230
     8.270000000     0.005609350     0.352910122     0.018113689
     8.280000000     0.005117268     0.362873860     0.016979624
     8.290000000     0.004681964     0.373033299     0.015867906
     8.300000000     0.004302313     0.383400427     0.014774234
     8.310000000     0.003972090     0.393989702     0.013692187
     8.320000000     0.003681188     0.404825889     0.012615142
     8.330000000     0.003417230     0.415943328     0.011538510
     8.340000000     0.003167445     0.427379117     0.010461728
     8.350000000     0.002920587     0.439171415     0.009389465
     8.360000000     0.002668798     0.451365018     0.008331759
     8.370000000     0.002409372     0.464018587     0.007303006
     8.380000000     0.002146730     0.477208802     0.006320013
     8.390000000     0.001895439     0.491024033     0.005399538
     8.400000000     0.001686036     0.505550027     0.004555839
     8.410000000     0.001576766     0.520865093     0.003798773
     8.420000000     0.001676030     0.537048938     0.003132821
     8.430000000     0.002182091     0.554193258     0.002557165
     8.440000000     0.003447665     0.572406856     0.002066683
     8.450000000     0.006075926     0.591815845     0.001653508
     8.460000000     0.011049388     0.612561085     0.001308694
     8.470000000     0.019881838     0.634793648     0.001023599
     8.480000000     0.034765156     0.658666775     0.000790737
     8.490000000     0.058659229     0.684320429     0.000604061
     8.500000000     0.095250631     0.711851804     0.000458796
     8.510000000     0.148695719     0.741260442     0.000351012
     8.520000000     0.223080341     0.772347838     0.000277136
     8.530000000     0.321582709     0.804536132     0.000233522
     8.540000000     0.445418357     0.836545760     0.000216134
     8.550000000     0.592758829     0.865838090     0.000220361
     8.560000000     0.757911849     0.887705492     0.000240950
     8.570000000     0.931083463     0.893966279     0.000272082
     8.580000000     1.098973393     0.871663813     0.000307608
     8.590000000     1.246275746     0.803488786     0.000341457
     8.600000000     1.357905059     0.673764219     0.000368161
     8.610000000     1.421519834     0.482802632     0.000383445
     8.620000000     1.429765049     0.260305599     0.000384713
     8.630000000     1.381671046     0.055764131     0.000371324
     8.640000000     1.282841085    -0.093006179     0.000344562
     8.650000000     1.144377437    -0.177968919     0.000307284
     8.660000000     0.980830435    -0.211955807     0.000263332
     8.670000000     0.807693898    -0.212785274     0.000216834
     8.680000000     0.639039776    -0.194872313     0.000171552
     8.690000000     0.485777283    -0.167672727     0.000130406
     8.700000000     0.354792746    -0.136751036     0.000095243
     8.710000000     0.248966253    -0.105162054     0.000066834
     8.720000000     0.167855067    -0.074479660     0.000045060
     8.730000000     0.108731818    -0.045444133     0.000029188
     8.740000000     0.067671696    -0.018341185     0.000018166
     8.750000000     0.040465573     0.006783546     0.000010863
     8.760000000     0.023248372     0.030005320     0.000006241
     8.770000000     0.012832983     0.051454963     0.000003445
     8.780000000     0.006805984     0.071283633     0.000001827
     8.790000000     0.003468027     0.089644319     0.000000931
     8.800000000     0.001697861     0.106682608     0.000000456
     8.810000000     0.000798638     0.122532540     0.000000214
     8.820000000     0.000360933     0.137315217     0.000000097
     8.830000000     0.000156722     0.151138855     0.000000042
     8.840000000     0.000065383     0.164099546     0.000000018
     8.850000000     0.000026207     0.176282338     0.000000007
     8.860000000     0.000010093     0.187762393     0.000000003
     8.870000000     0.000003734     0.198606132     0.000000001
     8.880000000     0.000001328     0.208872295     0.000000000
     8.890000000     0.000000453     0.218612897     0.000000000
     8.900000000     0.000000149     0.227874075     0.000000000
     8.910000000     0.000000047     0.236696840     0.000000000
     8.920000000     0.000000014     0.245117716     0.000000000
     8.930000000     0.000000004     0.253169313     0.000000000
     8.940000000     0.000000001     0.260880806     0.000000000
     8.950000000     0.000000000     0.268278364     0.000000000
     8.960000000     0.000000000     0.275385509     0.000000000
     8.970000000     0.000000000     0.282223435     0.000000000
     8.980000000     0.000000000     0.288811281     0.000000000
     8.990000000     0.000000000     0.295166369     0.000000000
     9.000000000     0.000000000     0.301304410     0.000000000
     9.010000000     0.000000000     0.307239685     0.000000000
     9.020000000     0.000000000     0.312985201     0.000000000
     9.030000000     0.000000000     0.318552826     0.000000000
     9.040000000     0.000000000     0.323953416     0.000000000
     9.050000000     0.000000000     0.329196915     0.000000000
     9.060000000     0.000000000     0.334292448     0.000000000
     9.070000000     0.000000000     0.339248408     0.000000000
     9.080000000     0.000000000     0.344072523     0.000000000
     9.090000000     0.000000000     0.348771922     0.000000000
     9.100000000     0.000000000     0.353353195     0.000000000
     9.110000000     0.000000000     0.357822440     0.000000000
     9.120000000     0.000000000     0.362185308     0.000000000
     9.130000000     0.000000000     0.366447047     0.000000000
     9.140000000     0.000000000     0.370612533     0.000000000
     9.150000000     0.000000000     0.374686307     0.000000000
     9.160000000     0.000000000     0.378672603     0.000000000
     9.170000000     0.000000000     0.382575369     0.000000000
     9.180000000     0.000000000     0.386398299     0.000000000
     9.190000000     0.000000000     0.390144846     0.000000000
     9.200000000     0.000000000     0.393818247     0.000000000
     9.210000000     0.000000000     0.397421538     0.000000000
     9.220000000     0.000000000     0.400957570     0.000000000
     9.230000000     0.000000000     0.404429020     0.000000000
     9.240000000     0.000000000     0.407838412     0.000000000
     9.250000000     0.000000000     0.411188120     0.000000000
     9.260000000     0.000000000     0.414480383     0.000000000
     9.270000000     0.000000000     0.417717317     0.000000000
     9.280000000     0.000000000     0.420900918     0.000000000
     9.290000000     0.000000000     0.424033075     0.000000000
     9.300000000     0.000000000     0.427115578     0.000000000
     9.310000000     0.000000000     0.430150118     0.000000000
     9.320000000     0.000000000     0.433138304     0.000000000
     9.330000000     0.000000000     0.436081659     0.000000000
     9.340000000     0.000000000     0.438981631     0.000000000
     9.350000000     0.000000000     0.441839597     0.000000000
     9.360000000     0.000000000     0.444656867     0.000000000
     9.370000000     0.000000000     0.447434687     0.000000000
     9.380000000     0.000000000     0.450174245     0.000000000
     9.390000000     0.000000000     0.452876674     0.000000000
     9.400000000     0.000000000     0.455543055     0.000000000
     9.410000000     0.000000000     0.458174420     0.000000000
     9.420000000     0.000000000     0.460771755     0.000000000
     9.430000000     0.000000000     0.463336003     0.000000000
     9.440000000     0.000000000     0.465868068     0.000000000
     9.450000000     0.000000000     0.468368813     0.000000000
     9.460000000     0.000000000     0.470839066     0.000000000
     9.470000000     0.000000000     0.473279621     0.000000000
     9.480000000     0.000000000     0.475691241     0.000000001
     9.490000000     0.000000001     0.478074657     0.000000003
     9.500000000     0.000000001     0.480430571     0.000000007
     9.510000000     0.000000004     0.482759659     0.000000017
     9.520000000     0.000000009     0.485062572     0.000000040
     9.530000000     0.000000020     0.487339936     0.000000092
     9.540000000     0.000000044     0.489592352     0.000000205
     9.550000000     0.000000094     0.491820404     0.000000436
     9.560000000     0.000000193     0.494024651     0.000000893
     9.570000000     0.000000379     0.496205636     0.000001756
     9.580000000     0.000000716     0.498363882     0.000003320
     9.590000000     0.000001301     0.500499894     0.000006028
     9.600000000     0.000002269     0.502614159     0.000010518
     9.610000000     0.000003804     0.504707148     0.000017632
     9.620000000     0.000006127     0.506779312     0.000028399
     9.630000000     0.000009481     0.508831081     0.000043947
     9.640000000     0.000014097     0.510862856     0.000065340
     9.650000000     0.000020137     0.512875000     0.000093338
     9.660000000     0.000027638     0.514867816     0.000128106
     9.670000000     0.000036446     0.516841512     0.000168929
     9.680000000     0.000046176     0.518796141     0.000214027
     9.690000000     0.000056209     0.520731526     0.000260532
     9.700000000     0.000065739     0.522647193     0.000304707
     9.710000000     0.000073871     0.524542446     0.000342398
     9.720000000     0.000079754     0.526416823     0.000369666
     9.730000000     0.000082729     0.528271004     0.000383455
     9.740000000     0.000082450     0.530107392     0.000382163
     9.750000000     0.000078950     0.531929162     0.000365941
     9.760000000     0.000072635     0.533738422     0.000336667
     9.770000000     0.000064204     0.535535558     0.000297591
     9.780000000     0.000054527     0.537319958     0.000252736
     9.790000000     0.000044492     0.539090874     0.000206225
     9.800000000     0.000034881     0.540847793     0.000161676
     9.810000000     0.000026274     0.542590475     0.000121780
     9.820000000     0.000019014     0.544318878     0.000088132
     9.830000000     0.000013221     0.546033085     0.000061281
     9.840000000     0.000008832     0.547733247     0.000040939
     9.850000000     0.000005669     0.549419550     0.000026277
     9.860000000     0.000003496     0.551092201     0.000016205
     9.870000000     0.000002072     0.552751409     0.000009602
     9.880000000     0.000001179     0.554397385     0.000005466
     9.890000000     0.000000645     0.556030339     0.000002990
     9.900000000     0.000000339     0.557650475     0.000001571
     9.910000000     0.000000171     0.559257992     0.000000793
     9.920000000     0.000000083     0.560853085     0.000000385
     9.930000000     0.000000039     0.562435943     0.000000179
     9.940000000     0.000000017     0.564006751     0.000000080
     9.950000000     0.000000007     0.565565688     0.000000035
     9.960000000     0.000000003     0.567112927     0.000000014
     9.970000000     0.000000001     0.568648639     0.000000006
     9.980000000     0.000000000     0.570172990     0.000000002
     9.990000000     0.000000000     0.571686140     0.000000001
    10.000000000     0.000000000     0.573188247     0.000000000
    10.010000000     0.000000000     0.574679464     0.000000000
    10.020000000     0.000000000     0.576159942     0.000000000
    10.030000000     0.000000000     0.577629825     0.000000000
    10.040000000     0.000000000     0.579089258     0.000000000
    10.050000000     0.000000000     0.580538380     0.000000000
    10.060000000     0.000000000     0.581977326     0.000000000
    10.070000000     0.000000000     0.583406231     0.000000000
    10.080000000     0.000000000     0.584825225     0.000000000
    10.090000000     0.000000000     0.586234436     0.000000000
    10.100000000     0.000000000     0.587633988     0.000000000
    10.110000000     0.000000000     0.589024003     0.000000000
    10.120000000     0.000000000     0.590404602     0.000000000
    10.130000000     0.000000000     0.591775901     0.000000000
    10.140000000     0.000000000     0.593138016     0.000000000
    10.150000000     0.000000000     0.594491058     0.000000000
    10.160000000     0.000000000     0.595835138     0.000000000
    10.170000000     0.000000000     0.597170364     0.000000000
    10.180000000     0.000000000     0.598496842     0.000000000
    10.190000000     0.000000000     0.599814676     0.000000000
    10.200000000     0.000000000     0.601123967     0.000000000
    10.210000000     0.000000000     0.602424815     0.000000000
    10.220000000     0.000000000     0.603717319     0.000000000
    10.230000000     0.000000000     0.605001574     0.000000000
    10.240000000     0.000000000     0.606277674     0.000000000
    10.250000000     0.000000000     0.607545713     0.000000000
    10.260000000     0.000000000     0.608805782     0.000000000
    10.270000000     0.000000000     0.610057968     0.000000000
    10.280000000     0.000000000     0.611302361     0.000000000
    10.290000000     0.000000000     0.612539046     0.000000000
    10.300000000     0.000000000     0.613768108     0.000000000
    10.310000000     0.000000000     0.614989629     0.000000000
    10.320000000     0.000000000     0.616203692     0.000000000
    10.330000000     0.000000000     0.617410376     0.000000000
    10.340000000     0.000000000     0.618609760     0.000000000
    10.350000000     0.000000000     0.619801922     0.000000000
    10.360000000     0.000000000     0.620986939     0.000000000
    10.370000000     0.000000000     0.622164883     0.000000000
    10.380000000     0.000000000     0.623335831     0.000000000
    10.390000000     0.000000000     0.624499853     0.000000000
    10.400000000     0.000000000     0.625657021     0.000000000
    10.410000000     0.000000000     0.626807405     0.000000000
    10.420000000     0.000000000     0.627951074     0.000000000
    10.430000000     0.000000000     0.629088096     0.000000000
    10.440000000     0.000000000     0.630218538     0.000000000
    10.450000000     0.000000000     0.631342464     0.000000000
    10.460000000     0.000000000     0.632459941     0.000000000
    10.470000000     0.000000000     0.633571030     0.000000000
    10.480000000     0.000000000     0.634675796     0.000000000
    10.490000000     0.000000000     0.635774300     0.000000000
    10.500000000     0.000000000     0.636866602     0.000000000
    10.510000000     0.000000000     0.637952762     0.000000000
    10.520000000     0.000000000     0.639032839     0.000000000
    10.530000000     0.000000000     0.640106891     0.000000000
    10.540000000     0.000000000     0.641174976     0.000000000
    10.550000000     0.000000000     0.642237149     0.000000000
    10.560000000     0.000000000     0.643293466     0.000000000
    10.570000000     0.000000000     0.644343981     0.000000000
    10.580000000     0.000000000     0.645388749     0.000000000
    10.590000000     0.000000000     0.646427823     0.000000000
    10.600000000     0.000000000     0.647461254     0.000000000
    10.610000000     0.000000000     0.648489095     0.000000000
    10.620000000     0.000000000     0.649511396     0.000000000
    10.630000000     0.000000000     0.650528207     0.000000000
    10.640000000     0.000000000     0.651539578     0.000000000
    10.650000000     0.000000000     0.652545557     0.000000000
    10.660000000     0.000000000     0.653546193     0.000000000
    10.670000000     0.000000000     0.654541533     0.000000000
    10.680000000     0.000000000     0.655531623     0.000000000
    10.690000000     0.000000000     0.656516510     0.000000000
    10.700000000     0.000000000     0.657496239     0.000000000
    10.710000000     0.000000000     0.658470855     0.000000000
    10.720000000     0.000000000     0.659440403     0.000000000
    10.730000000     0.000000000     0.660404925     0.000000000
    10.740000000     0.000000000     0.661364465     0.000000000
    10.750000000     0.000000000     0.662319066     0.000000000
    10.760000000     0.000000000     0.663268769     0.000000000
    10.770000000     0.000000000     0.664213616     0.000000000
    10.780000000     0.000000000     0.665153648     0.000000000
    10.790000000     0.000000000     0.666088905     0.000000000
    10.800000000     0.000000000     0.667019427     0.000000000
    10.810000000     0.000000000     0.667945253     0.000000000
    10.820000000     0.000000000     0.668866422     0.000000000
    10.830000000     0.000000000     0.669782973     0.000000000
    10.840000000     0.000000000     0.670694943     0.000000000
    10.850000000     0.000000000     0.671602370     0.000000000
    10.860000000     0.000000000     0.672505290     0.000000000
    10.870000000     0.000000000     0.673403740     0.000000000
    10.880000000     0.000000000     0.674297757     0.000000000
    10.890000000     0.000000000     0.675187375     0.000000000
    10.900000000     0.000000000     0.676072630     0.000000000
    10.910000000     0.000000000     0.676953557     0.000000000
    10.920000000     0.000000000     0.677830189     0.000000000
    10.930000000     0.000000000     0.678702562     0.000000000
    10.940000000     0.000000000     0.679570707     0.000000000
    10.950000000     0.000000000     0.680434659     0.000000000
    10.960000000     0.000000000     0.681294450     0.000000000
    10.970000000     0.000000000     0.682150112     0.000000000
    10.980000000     0.000000000     0.683001678     0.000000000
    10.990000000     0.000000000     0.683849178     0.000000000
    11.000000000     0.000000000     0.684692644     0.000000000
