 # Column 1: omega
 # Column 2: eps2(omega)
 # Column 3: eps1(omega)
 # Column 4: JDOS(omega)
     0.000000000     0.000000000     3.939533776     0.000000000
     0.010000000     0.000000000     3.939545979     0.000000000
     0.020000000     0.000000000     3.939582589     0.000000000
     0.030000000     0.000000000     3.939643608     0.000000000
     0.040000000     0.000000000     3.939729040     0.000000000
     0.050000000     0.000000000     3.939838891     0.000000000
     0.060000000     0.000000000     3.939973170     0.000000000
     0.070000000     0.000000000     3.940131885     0.000000000
     0.080000000     0.000000000     3.940315048     0.000000000
     0.090000000     0.000000000     3.940522671     0.000000000
     0.100000000     0.000000000     3.940754769     0.000000000
     0.110000000     0.000000000     3.941011357     0.000000000
     0.120000000     0.000000000     3.941292455     0.000000000
     0.130000000     0.000000000     3.941598082     0.000000000
     0.140000000     0.000000000     3.941928258     0.000000000
     0.150000000     0.000000000     3.942283008     0.000000000
     0.160000000     0.000000000     3.942662356     0.000000000
     0.170000000     0.000000000     3.943066329     0.000000000
     0.180000000     0.000000000     3.943494955     0.000000000
     0.190000000     0.000000000     3.943948265     0.000000000
     0.200000000     0.000000000     3.944426291     0.000000000
     0.210000000     0.000000000     3.944929067     0.000000000
     0.220000000     0.000000000     3.945456627     0.000000000
     0.230000000     0.000000000     3.946009010     0.000000000
     0.240000000     0.000000000     3.946586256     0.000000000
     0.250000000     0.000000000     3.947188405     0.000000000
     0.260000000     0.000000000     3.947815500     0.000000000
     0.270000000     0.000000000     3.948467586     0.000000000
     0.280000000     0.000000000     3.949144711     0.000000000
     0.290000000     0.000000000     3.949846923     0.000000000
     0.300000000     0.000000000     3.950574273     0.000000000
     0.310000000     0.000000000     3.951326813     0.000000000
     0.320000000     0.000000000     3.952104598     0.000000000
     0.330000000     0.000000000     3.952907685     0.000000000
     0.340000000     0.000000000     3.953736133     0.000000000
     0.350000000     0.000000000     3.954590001     0.000000000
     0.360000000     0.000000000     3.955469354     0.000000000
     0.370000000     0.000000000     3.956374256     0.000000000
     0.380000000     0.000000000     3.957304773     0.000000000
     0.390000000     0.000000000     3.958260976     0.000000000
     0.400000000     0.000000000     3.959242934     0.000000000
     0.410000000     0.000000000     3.960250723     0.000000000
     0.420000000     0.000000000     3.961284417     0.000000000
     0.430000000     0.000000000     3.962344095     0.000000000
     0.440000000     0.000000000     3.963429836     0.000000000
     0.450000000     0.000000000     3.964541724     0.000000000
     0.460000000     0.000000000     3.965679843     0.000000000
     0.470000000     0.000000000     3.966844281     0.000000000
     0.480000000     0.000000000     3.968035128     0.000000000
     0.490000000     0.000000000     3.969252475     0.000000000
     0.500000000     0.000000000     3.970496418     0.000000000
     0.510000000     0.000000000     3.971767053     0.000000000
     0.520000000     0.000000000     3.973064482     0.000000000
     0.530000000     0.000000000     3.974388805     0.000000000
     0.540000000     0.000000000     3.975740130     0.000000000
     0.550000000     0.000000000     3.977118563     0.000000000
     0.560000000     0.000000000     3.978524215     0.000000000
     0.570000000     0.000000000     3.979957200     0.000000000
     0.580000000     0.000000000     3.981417635     0.000000000
     0.590000000     0.000000000     3.982905639     0.000000000
     0.600000000     0.000000000     3.984421334     0.000000000
     0.610000000     0.000000000     3.985964847     0.000000000
     0.620000000     0.000000000     3.987536305     0.000000000
     0.630000000     0.000000000     3.989135842     0.000000000
     0.640000000     0.000000000     3.990763592     0.000000000
     0.650000000     0.000000000     3.992419693     0.000000000
     0.660000000     0.000000000     3.994104288     0.000000000
     0.670000000     0.000000000     3.995817523     0.000000000
     0.680000000     0.000000000     3.997559546     0.000000000
     0.690000000     0.000000000     3.999330511     0.000000000
     0.700000000     0.000000000     4.001130573     0.000000000
     0.710000000     0.000000000     4.002959894     0.000000000
     0.720000000     0.000000000     4.004818639     0.000000000
     0.730000000     0.000000000     4.006706974     0.000000000
     0.740000000     0.000000000     4.008625074     0.000000000
     0.750000000     0.000000000     4.010573116     0.000000000
     0.760000000     0.000000000     4.012551280     0.000000000
     0.770000000     0.000000000     4.014559753     0.000000000
     0.780000000     0.000000000     4.016598725     0.000000000
     0.790000000     0.000000000     4.018668392     0.000000000
     0.800000000     0.000000000     4.020768955     0.000000000
     0.810000000     0.000000000     4.022900617     0.000000000
     0.820000000     0.000000000     4.025063591     0.000000000
     0.830000000     0.000000000     4.027258092     0.000000000
     0.840000000     0.000000000     4.029484342     0.000000000
     0.850000000     0.000000000     4.031742568     0.000000000
     0.860000000     0.000000000     4.034033004     0.000000000
     0.870000000     0.000000000     4.036355888     0.000000000
     0.880000000     0.000000000     4.038711467     0.000000000
     0.890000000     0.000000000     4.041099993     0.000000000
     0.900000000     0.000000000     4.043521724     0.000000000
     0.910000000     0.000000000     4.045976928     0.000000000
     0.920000000     0.000000000     4.048465876     0.000000000
     0.930000000     0.000000000     4.050988850     0.000000000
     0.940000000     0.000000000     4.053546138     0.000000000
     0.950000000     0.000000000     4.056138037     0.000000000
     0.960000000     0.000000000     4.058764852     0.000000000
     0.970000000     0.000000000     4.061426896     0.000000000
     0.980000000     0.000000000     4.064124492     0.000000000
     0.990000000     0.000000000     4.066857972     0.000000000
     1.000000000     0.000000000     4.069627679     0.000000000
     1.010000000     0.000000000     4.072433963     0.000000000
     1.020000000     0.000000000     4.075277189     0.000000000
     1.030000000     0.000000000     4.078157728     0.000000000
     1.040000000     0.000000000     4.081075968     0.000000000
     1.050000000     0.000000000     4.084032304     0.000000000
     1.060000000     0.000000000     4.087027147     0.000000000
     1.070000000     0.000000000     4.090060920     0.000000000
     1.080000000     0.000000000     4.093134060     0.000000000
     1.090000000     0.000000000     4.096247017     0.000000000
     1.100000000     0.000000000     4.099400258     0.000000000
     1.110000000     0.000000000     4.102594266     0.000000000
     1.120000000     0.000000000     4.105829537     0.000000000
     1.130000000     0.000000000     4.109106590     0.000000000
     1.140000000     0.000000000     4.112425957     0.000000000
     1.150000000     0.000000000     4.115788193     0.000000000
     1.160000000     0.000000000     4.119193871     0.000000000
     1.170000000     0.000000000     4.122643587     0.000000000
     1.180000000     0.000000000     4.126137959     0.000000000
     1.190000000     0.000000000     4.129677627     0.000000000
     1.200000000     0.000000000     4.133263258     0.000000000
     1.210000000     0.000000000     4.136895546     0.000000000
     1.220000000     0.000000000     4.140575212     0.000000000
     1.230000000     0.000000000     4.144303006     0.000000000
     1.240000000     0.000000000     4.148079712     0.000000000
     1.250000000     0.000000000     4.151906144     0.000000000
     1.260000000     0.000000000     4.155783155     0.000000000
     1.270000000     0.000000000     4.159711635     0.000000000
     1.280000000     0.000000000     4.163692512     0.000000000
     1.290000000     0.000000000     4.167726759     0.000000000
     1.300000000     0.000000000     4.171815396     0.000000000
     1.310000000     0.000000000     4.175959490     0.000000000
     1.320000000     0.000000000     4.180160160     0.000000000
     1.330000000     0.000000000     4.184418583     0.000000000
     1.340000000     0.000000000     4.188735995     0.000000000
     1.350000000     0.000000000     4.193113699     0.000000000
     1.360000000     0.000000000     4.197553064     0.000000000
     1.370000000     0.000000000     4.202055536     0.000000000
     1.380000000     0.000000000     4.206622643     0.000000000
     1.390000000     0.000000000     4.211255998     0.000000000
     1.400000000     0.000000000     4.215957311     0.000000000
     1.410000000     0.000000000     4.220728391     0.000000000
     1.420000000     0.000000001     4.225571162     0.000000001
     1.430000000     0.000000003     4.230487666     0.000000002
     1.440000000     0.000000008     4.235480078     0.000000006
     1.450000000     0.000000021     4.240550717     0.000000014
     1.460000000     0.000000051     4.245702056     0.000000035
     1.470000000     0.000000119     4.250936743     0.000000081
     1.480000000     0.000000265     4.256257612     0.000000183
     1.490000000     0.000000570     4.261667704     0.000000396
     1.500000000     0.000001178     4.267170287     0.000000825
     1.510000000     0.000002337     4.272768878     0.000001652
     1.520000000     0.000004454     4.278467269     0.000003183
     1.530000000     0.000008158     4.284269554     0.000005902
     1.540000000     0.000014356     4.290180159     0.000010529
     1.550000000     0.000024273     4.296203872     0.000018081
     1.560000000     0.000039432     4.302345872     0.000029893
     1.570000000     0.000061549     4.308611755     0.000047590
     1.580000000     0.000092309     4.315007546     0.000072976
     1.590000000     0.000133022     4.321539687     0.000107807
     1.600000000     0.000184188     4.328214974     0.000153473
     1.610000000     0.000245061     4.335040408     0.000210596
     1.620000000     0.000313316     4.342022909     0.000278620
     1.630000000     0.000384980     4.349168891     0.000355490
     1.640000000     0.000454723     4.356483852     0.000437532
     1.650000000     0.000516585     4.363972710     0.000519608
     1.660000000     0.000565126     4.371642483     0.000595592
     1.670000000     0.000596931     4.379508397     0.000659143
     1.680000000     0.000612436     4.387599473     0.000704648
     1.690000000     0.000618168     4.395954593     0.000728192
     1.700000000     0.000629694     4.404609870     0.000728360
     1.710000000     0.000675902     4.413591813     0.000706710
     1.720000000     0.000805418     4.422921392     0.000667833
     1.730000000     0.001096075     4.432620552     0.000618978
     1.740000000     0.001667974     4.442715475     0.000569318
     1.750000000     0.002699904     4.453236918     0.000528972
     1.760000000     0.004447468     4.464219045     0.000507954
     1.770000000     0.007259361     4.475697079     0.000515164
     1.780000000     0.011586137     4.487703146     0.000557584
     1.790000000     0.017974083     4.500258824     0.000639733
     1.800000000     0.027036350     4.513361704     0.000763487
     1.810000000     0.039395144     4.526961613     0.000928270
     1.820000000     0.055593383     4.540920122     0.001131632
     1.830000000     0.075981632     4.554946744     0.001370153
     1.840000000     0.100595404     4.568513335     0.001640569
     1.850000000     0.129046638     4.580778195     0.001940961
     1.860000000     0.160458228     4.590605468     0.002271843
     1.870000000     0.193468759     4.596758181     0.002636984
     1.880000000     0.226324325     4.598106958     0.003043861
     1.890000000     0.257056507     4.593549013     0.003503645
     1.900000000     0.283723973     4.582139504     0.004030689
     1.910000000     0.304676077     4.564399204     0.004641481
     1.920000000     0.318786474     4.543474965     0.005353072
     1.930000000     0.325607577     4.523551911     0.006181025
     1.940000000     0.325412808     4.507034884     0.007137079
     1.950000000     0.319118960     4.494319065     0.008226769
     1.960000000     0.308108464     4.485490278     0.009447401
     1.970000000     0.293993029     4.480933676     0.010786716
     1.980000000     0.278370342     4.480639054     0.012222517
     1.990000000     0.262622163     4.483606186     0.013723366
     2.000000000     0.247787297     4.488117404     0.015250306
     2.010000000     0.234521734     4.492729169     0.016759468
     2.020000000     0.223136869     4.497007973     0.018205437
     2.030000000     0.213690854     4.501313836     0.019545254
     2.040000000     0.206100890     4.506145505     0.020742903
     2.050000000     0.200246162     4.511861434     0.021773968
     2.060000000     0.196039825     4.518658283     0.022629866
     2.070000000     0.193460370     4.526438729     0.023320753
     2.080000000     0.192544085     4.534792128     0.023876111
     2.090000000     0.193348624     4.543290603     0.024342186
     2.100000000     0.195901912     4.551775765     0.024776087
     2.110000000     0.200151246     4.560298532     0.025237184
     2.120000000     0.205925620     4.568795318     0.025777340
     2.130000000     0.212920814     4.576862035     0.026432085
     2.140000000     0.220712390     4.583829293     0.027214825
     2.150000000     0.228796478     4.589055339     0.028115600
     2.160000000     0.236652607     4.592316919     0.029104776
     2.170000000     0.243817717     4.594035744     0.030140858
     2.180000000     0.249957099     4.595005224     0.031180583
     2.190000000     0.254917652     4.595857533     0.032188982
     2.200000000     0.258752057     4.596854249     0.033147233
     2.210000000     0.261708703     4.598204881     0.034056815
     2.220000000     0.264189800     4.600464784     0.034939423
     2.230000000     0.266686684     4.604253822     0.035833092
     2.240000000     0.269704845     4.609481112     0.036785697
     2.250000000     0.273690583     4.615128744     0.037847367
     2.260000000     0.278967242     4.619963371     0.039063346
     2.270000000     0.285683908     4.623430892     0.040468453
     2.280000000     0.293776124     4.625853099     0.042083808
     2.290000000     0.302938581     4.627873162     0.043915879
     2.300000000     0.312613684     4.629776261     0.045957437
     2.310000000     0.322004922     4.631144111     0.048189684
     2.320000000     0.330126297     4.630901110     0.050584754
     2.330000000     0.335895394     4.627747776     0.053107933
     2.340000000     0.338267552     4.620956966     0.055719229
     2.350000000     0.336394586     4.611087280     0.058374291
     2.360000000     0.329778975     4.599911726     0.061024968
     2.370000000     0.318388735     4.589657347     0.063619933
     2.380000000     0.302702736     4.582316167     0.066105752
     2.390000000     0.283670378     4.579224176     0.068428573
     2.400000000     0.262589344     4.580849643     0.070536349
     2.410000000     0.240924408     4.586921093     0.072381288
     2.420000000     0.220103356     4.596725036     0.073922206
     2.430000000     0.201329634     4.609302115     0.075126554
     2.440000000     0.185445276     4.623541661     0.075972134
     2.450000000     0.172864530     4.638311927     0.076448678
     2.460000000     0.163582611     4.652673717     0.076559473
     2.470000000     0.157249142     4.666034402     0.076323027
     2.480000000     0.153285161     4.678149546     0.075774419
     2.490000000     0.151017490     4.689054906     0.074965695
     2.500000000     0.149804661     4.698997771     0.073964577
     2.510000000     0.149133516     4.708373584     0.072850943
     2.520000000     0.148673420     4.717654579     0.071710999
     2.530000000     0.148284044     4.727262338     0.070629658
     2.540000000     0.147981455     4.737422841     0.069682144
     2.550000000     0.147874394     4.748167256     0.068926123
     2.560000000     0.148087212     4.759408388     0.068395635
     2.570000000     0.148687227     4.770895040     0.068097770
     2.580000000     0.149632117     4.782192516     0.068012509
     2.590000000     0.150747708     4.792835799     0.068095593
     2.600000000     0.151739329     4.802434915     0.068283804
     2.610000000     0.152232309     4.810698699     0.068501769
     2.620000000     0.151831130     4.817649222     0.068669344
     2.630000000     0.150183661     4.823854882     0.068708750
     2.640000000     0.147037363     4.830199967     0.068550826
     2.650000000     0.142277795     4.837333737     0.068139983
     2.660000000     0.135944848     4.845405377     0.067437525
     2.670000000     0.128226963     4.854267302     0.066423101
     2.680000000     0.119437032     4.863839684     0.065094150
     2.690000000     0.109975240     4.874322932     0.063463371
     2.700000000     0.100284308     4.886111185     0.061554586
     2.710000000     0.090802365     4.899473161     0.059397712
     2.720000000     0.081918584     4.914320723     0.057023880
     2.730000000     0.073936944     4.930275670     0.054461780
     2.740000000     0.067053224     4.946876450     0.051736071
     2.750000000     0.061349059     4.963727984     0.048868178
     2.760000000     0.056804083     4.980553091     0.045879118
     2.770000000     0.053323227     4.997160800     0.042793402
     2.780000000     0.050772402     5.013425811     0.039642726
     2.790000000     0.049013302     5.029384309     0.036468219
     2.800000000     0.047928232     5.045314467     0.033320404
     2.810000000     0.047428936     5.061572690     0.030256694
     2.820000000     0.047448599     5.078325423     0.027336896
     2.830000000     0.047921891     5.095499744     0.024617739
     2.840000000     0.048762130     5.112901519     0.022147602
     2.850000000     0.049845619     5.130242810     0.019962519
     2.860000000     0.051010684     5.147102523     0.018084084
     2.870000000     0.052073477     5.163055805     0.016519365
     2.880000000     0.052856467     5.178013518     0.015262450
     2.890000000     0.053220861     5.192460897     0.014296953
     2.900000000     0.053092929     5.207211604     0.013598776
     2.910000000     0.052476540     5.222846824     0.013138581
     2.920000000     0.051449195     5.239457162     0.012883700
     2.930000000     0.050144181     5.256808539     0.012799490
     2.940000000     0.048725083     5.274581840     0.012850310
     2.950000000     0.047359595     5.292514578     0.013000337
     2.960000000     0.046197599     5.310489742     0.013214420
     2.970000000     0.045355313     5.328596673     0.013459029
     2.980000000     0.044904769     5.347073352     0.013703281
     2.990000000     0.044867148     5.366107875     0.013919952
     3.000000000     0.045209709     5.385673953     0.014086374
     3.010000000     0.045848002     5.405547971     0.014185108
     3.020000000     0.046656326     5.425422692     0.014204329
     3.030000000     0.047488729     5.444985117     0.014137887
     3.040000000     0.048210070     5.464022387     0.013985057
     3.050000000     0.048732757     5.482630841     0.013750046
     3.060000000     0.049051256     5.501309121     0.013441377
     3.070000000     0.049264900     5.520668586     0.013071275
     3.080000000     0.049580740     5.541021958     0.012655141
     3.090000000     0.050292118     5.562351044     0.012211106
     3.100000000     0.051734330     5.584573508     0.011759560
     3.110000000     0.054224672     5.607650771     0.011322475
     3.120000000     0.057998877     5.631467205     0.010922391
     3.130000000     0.063157874     5.655747225     0.010581027
     3.140000000     0.069637245     5.680056526     0.010317675
     3.150000000     0.077206707     5.703783674     0.010147642
     3.160000000     0.085499442     5.726195790     0.010081071
     3.170000000     0.094063479     5.746730598     0.010122378
     3.180000000     0.102422054     5.765441552     0.010270429
     3.190000000     0.110129202     5.783209499     0.010519442
     3.200000000     0.116810985     5.801359244     0.010860496
     3.210000000     0.122190103     5.820830447     0.011283510
     3.220000000     0.126098715     5.841534811     0.011779512
     3.230000000     0.128487639     5.862454792     0.012342930
     3.240000000     0.129438046     5.882462172     0.012973528
     3.250000000     0.129175416     5.901382164     0.013677495
     3.260000000     0.128078309     5.920487944     0.014467200
     3.270000000     0.126670695     5.941667121     0.015359321
     3.280000000     0.125588675     5.965976733     0.016371427
     3.290000000     0.125519941     5.993164608     0.017517572
     3.300000000     0.127124073     6.022265975     0.018803863
     3.310000000     0.130949147     6.052289532     0.020225097
     3.320000000     0.137361968     6.082456583     0.021763422
     3.330000000     0.146504698     6.112152190     0.023389491
     3.340000000     0.158282299     6.140887198     0.025065984
     3.350000000     0.172376760     6.168335515     0.026752837
     3.360000000     0.188279377     6.194449632     0.028413140
     3.370000000     0.205332677     6.219510404     0.030018674
     3.380000000     0.222777960     6.243820974     0.031554213
     3.390000000     0.239809437     6.267239195     0.033020073
     3.400000000     0.255638178     6.289178414     0.034432692
     3.410000000     0.269566570     6.309109609     0.035823301
     3.420000000     0.281067275     6.326977760     0.037234847
     3.430000000     0.289853135     6.343350483     0.038717482
     3.440000000     0.295920122     6.359541591     0.040323043
     3.450000000     0.299547709     6.377394796     0.042099077
     3.460000000     0.301250211     6.398381651     0.044083141
     3.470000000     0.301686176     6.422784622     0.046298111
     3.480000000     0.301545794     6.449800413     0.048749133
     3.490000000     0.301443527     6.478247114     0.051422606
     3.500000000     0.301841900     6.507136976     0.054287227
     3.510000000     0.303022793     6.535938688     0.057296858
     3.520000000     0.305108144     6.564622175     0.060394812
     3.530000000     0.308117561     6.593421845     0.063519151
     3.540000000     0.312040635     6.622524820     0.066608606
     3.550000000     0.316899381     6.652098022     0.069608816
     3.560000000     0.322781467     6.682511072     0.072478411
     3.570000000     0.329835424     6.714268365     0.075194297
     3.580000000     0.338231532     6.747596153     0.077755220
     3.590000000     0.348102764     6.782149170     0.080182655
     3.600000000     0.359486164     6.817156295     0.082518248
     3.610000000     0.372284933     6.851848496     0.084817726
     3.620000000     0.386265364     6.885742714     0.087142011
     3.630000000     0.401092469     6.918533315     0.089547220
     3.640000000     0.416396468     6.950001924     0.092075811
     3.650000000     0.431852496     6.980246947     0.094751124
     3.660000000     0.447250871     7.009809400     0.097576864
     3.670000000     0.462536679     7.039456271     0.100541786
     3.680000000     0.477805164     7.069938940     0.103628390
     3.690000000     0.493251546     7.101803815     0.106823178
     3.700000000     0.509086974     7.135135792     0.110125509
     3.710000000     0.525442395     7.169490953     0.113552428
     3.720000000     0.542286055     7.204063808     0.117137953
     3.730000000     0.559376826     7.237823030     0.120926895
     3.740000000     0.576265688     7.269814721     0.124964763
     3.750000000     0.592344912     7.299723994     0.129286375
     3.760000000     0.606932936     7.328075222     0.133905956
     3.770000000     0.619376382     7.355839405     0.138811011
     3.780000000     0.629150729     7.383995726     0.143961111
     3.790000000     0.635946832     7.413297512     0.149291457
     3.800000000     0.639738521     7.444139141     0.154719972
     3.810000000     0.640832801     7.476651870     0.160156024
     3.820000000     0.639905498     7.511042557     0.165508811
     3.830000000     0.638020391     7.547807783     0.170693781
     3.840000000     0.636621001     7.587521703     0.175636194
     3.850000000     0.637475569     7.630486029     0.180271715
     3.860000000     0.642552956     7.676810057     0.184544678
     3.870000000     0.653814760     7.726810052     0.188405211
     3.880000000     0.672928420     7.780931915     0.191806707
     3.890000000     0.700933986     7.838932977     0.194705029
     3.900000000     0.737925634     7.899092462     0.197060379
     3.910000000     0.782826765     7.958228086     0.198842008
     3.920000000     0.833334657     8.012388633     0.200034942
     3.930000000     0.886082652     8.057607897     0.200647074
     3.940000000     0.937019067     8.090519058     0.200714497
     3.950000000     0.981945974     8.109426996     0.200303072
     3.960000000     1.017115892     8.116215921     0.199505029
     3.970000000     1.039766821     8.117538134     0.198430610
     3.980000000     1.048492693     8.122664816     0.197196062
     3.990000000     1.043391502     8.138426318     0.195910309
     4.000000000     1.025990250     8.165871895     0.194662924
     4.010000000     0.998994174     8.201719788     0.193515681
     4.020000000     0.965932520     8.242599390     0.192499012
     4.030000000     0.930770949     8.288422682     0.191613501
     4.040000000     0.897539503     8.342367044     0.190835528
     4.050000000     0.869999313     8.407452992     0.190125531
     4.060000000     0.851353428     8.483364069     0.189437257
     4.070000000     0.844002830     8.566705519     0.188726672
     4.080000000     0.849354945     8.653229677     0.187959698
     4.090000000     0.867701154     8.739355947     0.187118399
     4.100000000     0.898184432     8.822650839     0.186205466
     4.110000000     0.938874625     8.901718589     0.185246874
     4.120000000     0.986957548     8.975634590     0.184292485
     4.130000000     1.039028103     9.043554786     0.183414306
     4.140000000     1.091460380     9.104859018     0.182702219
     4.150000000     1.140812008     9.159273259     0.182257369
     4.160000000     1.184208576     9.207024241     0.182183803
     4.170000000     1.219650032     9.249766583     0.182579427
     4.180000000     1.246187963     9.291508333     0.183527556
     4.190000000     1.263942500     9.337492276     0.185090263
     4.200000000     1.273957991     9.391422697     0.187304335
     4.210000000     1.277930942     9.454162809     0.190180064
     4.220000000     1.277871816     9.524669082     0.193702383
     4.230000000     1.275774650     9.601077065     0.197833366
     4.240000000     1.273360245     9.681275225     0.202514842
     4.250000000     1.271932287     9.763558588     0.207669989
     4.260000000     1.272350257     9.847240545     0.213203277
     4.270000000     1.275090665     9.932790309     0.218998772
     4.280000000     1.280349573    10.021410351     0.224917535
     4.290000000     1.288139450    10.114416643     0.230795305
     4.300000000     1.298349848    10.212566944     0.236441799
     4.310000000     1.310766285    10.315399228     0.241642804
     4.320000000     1.325064942    10.421391937     0.246165789
     4.330000000     1.340814077    10.529232830     0.249769306
     4.340000000     1.357512584    10.638797189     0.252216023
     4.350000000     1.374683148    10.750631157     0.253288821
     4.360000000     1.392017096    10.864950636     0.252809022
     4.370000000     1.409547398    10.981837011     0.250655313
     4.380000000     1.427811508    11.102178047     0.246781376
     4.390000000     1.447961010    11.227708219     0.241229724
     4.400000000     1.471781120    11.360294317     0.234138985
     4.410000000     1.501597593    11.501524756     0.225742239
     4.420000000     1.540067108    11.652232331     0.216354975
     4.430000000     1.589865189    11.811881788     0.206352863
     4.440000000     1.653300339    11.978503117     0.196141398
     4.450000000     1.731894900    12.148889887     0.186121202
     4.460000000     1.825984616    12.319402389     0.176653737
     4.470000000     1.934401841    12.487783461     0.168032303
     4.480000000     2.054319113    12.654027462     0.160462227
     4.490000000     2.181331602    12.818319281     0.154052531
     4.500000000     2.309836391    12.977916202     0.148819428
     4.510000000     2.433714932    13.126970766     0.144700158
     4.520000000     2.547245738    13.259833719     0.141574267
     4.530000000     2.646087601    13.375583672     0.139288568
     4.540000000     2.728112487    13.481786508     0.137681729
     4.550000000     2.793865025    13.594756683     0.136604717
     4.560000000     2.846499111    13.733303126     0.135934235
     4.570000000     2.891179367    13.908469488     0.135577698
     4.580000000     2.934095157    14.118838764     0.135470155
     4.590000000     2.981361089    14.354766310     0.135565405
     4.600000000     3.038121325    14.604407874     0.135824942
     4.610000000     3.108114923    14.857480205     0.136208682
     4.620000000     3.193812953    15.108297847     0.136670640
     4.630000000     3.297054472    15.357291508     0.137160813
     4.640000000     3.419949676    15.609395986     0.137632291
     4.650000000     3.565736676    15.871999210     0.138050808
     4.660000000     3.739297741    16.153778083     0.138403155
     4.670000000     3.947152029    16.461117353     0.138701523
     4.680000000     4.196906964    16.793375452     0.138982412
     4.690000000     4.496316783    17.143399669     0.139300741
     4.700000000     4.852212451    17.503354636     0.139721330
     4.710000000     5.269595538    17.867717895     0.140310450
     4.720000000     5.751118996    18.228923494     0.141129665
     4.730000000     6.297030811    18.571814139     0.142232839
     4.740000000     6.905481918    18.877192794     0.143665820
     4.750000000     7.572963637    19.134417443     0.145467255
     4.760000000     8.294601955    19.350730580     0.147668847
     4.770000000     9.064123222    19.546755097     0.150293974
     4.780000000     9.873494409    19.739269506     0.153354619
     4.790000000    10.712458214    19.925947875     0.156847669
     4.800000000    11.568333787    20.083002387     0.160752095
     4.810000000    12.426461478    20.174469583     0.165028398
     4.820000000    13.271514420    20.173941865     0.169620893
     4.830000000    14.089628909    20.087266209     0.174462346
     4.840000000    14.871015698    19.949750506     0.179479709
     4.850000000    15.612507415    19.800355888     0.184599442
     4.860000000    16.319439393    19.662893548     0.189751351
     4.870000000    17.006360920    19.544746776     0.194870734
     4.880000000    17.696291815    19.446080140     0.199899463
     4.890000000    18.418514337    19.371503575     0.204787035
     4.900000000    19.205167654    19.331141695     0.209492432
     4.910000000    20.087152176    19.329150160     0.213986849
     4.920000000    21.090023701    19.351943861     0.218256505
     4.930000000    22.230627397    19.366718065     0.222304148
     4.940000000    23.515146844    19.330777418     0.226147926
     4.950000000    24.938990932    19.202566057     0.229817024
     4.960000000    26.488519876    18.948301965     0.233344557
     4.970000000    28.144097702    18.542165516     0.236759268
     4.980000000    29.883499129    17.965223417     0.240078202
     4.990000000    31.684473677    17.216296284     0.243302421
     5.000000000    33.525422777    16.329605089     0.246417137
     5.010000000    35.383708388    15.365960116     0.249396445
     5.020000000    37.231959065    14.367912234     0.252211670
     5.030000000    39.033605110    13.317600586     0.254841336
     5.040000000    40.739434421    12.138578417     0.257280316
     5.050000000    42.286957890    10.739758937     0.259545865
     5.060000000    43.603732341     9.060852320     0.261678909
     5.070000000    44.614668185     7.094671891     0.263740107
     5.080000000    45.252098366     4.893440330     0.265801389
     5.090000000    45.466424290     2.555214016     0.267934698
     5.100000000    45.234815989     0.196656398     0.270200192
     5.110000000    44.565848629    -2.061298087     0.272636058
     5.120000000    43.498971484    -4.105715818     0.275251501
     5.130000000    42.098995285    -5.864563241     0.278023576
     5.140000000    40.446944209    -7.332037859     0.280897781
     5.150000000    38.629321114    -8.553655982     0.283791813
     5.160000000    36.727933175    -9.589150831     0.286601797
     5.170000000    34.811985683   -10.482437661     0.289210358
     5.180000000    32.933396008   -11.249547341     0.291495991
     5.190000000    31.125479061   -11.889788791     0.293343098
     5.200000000    29.404524548   -12.410621371     0.294651845
     5.210000000    27.773421765   -12.841685331     0.295346741
     5.220000000    26.226371201   -13.221705411     0.295382920
     5.230000000    24.753772550   -13.572109477     0.294749310
     5.240000000    23.346515486   -13.886821979     0.293468450
     5.250000000    21.999083052   -14.144522375     0.291593185
     5.260000000    20.711107574   -14.324193772     0.289200846
     5.270000000    19.487302510   -14.411001961     0.286385685
     5.280000000    18.336008765   -14.398727786     0.283250328
     5.290000000    17.266877422   -14.294191153     0.279897029
     5.300000000    16.288376637   -14.120265135     0.276419627
     5.310000000    15.405792481   -13.912085843     0.272897197
     5.320000000    14.620183711   -13.704149882     0.269390365
     5.330000000    13.928413848   -13.515861388     0.265940949
     5.340000000    13.324037652   -13.347851197     0.262574910
     5.350000000    12.798585961   -13.189393104     0.259307813
     5.360000000    12.342750043   -13.026916423     0.256151269
     5.370000000    11.947113320   -12.850119608     0.253118549
     5.380000000    11.602338598   -12.658598935     0.250227765
     5.390000000    11.298976212   -12.465801313     0.247501783
     5.400000000    11.027207385   -12.294327498     0.244964991
     5.410000000    10.776827002   -12.164102174     0.242638048
     5.420000000    10.537622142   -12.080399238     0.240532342
     5.430000000    10.300094343   -12.030792508     0.238646006
     5.440000000    10.056299810   -11.994646041     0.236962931
     5.450000000     9.800513317   -11.956086960     0.235455369
     5.460000000     9.529478734   -11.910364245     0.234089674
     5.470000000     9.242160133   -11.860033590     0.232833790
     5.480000000     8.939087505   -11.805879173     0.231664539
     5.490000000     8.621531739   -11.743746709     0.230572769
     5.500000000     8.290796308   -11.670024432     0.229565015
     5.510000000     7.947864283   -11.587603159     0.228661391
     5.520000000     7.593508847   -11.505824669     0.227890547
     5.530000000     7.228809112   -11.434119390     0.227283461
     5.540000000     6.855866037   -11.371527916     0.226868108
     5.550000000     6.478434297   -11.301214762     0.226666766
     5.560000000     6.102201203   -11.201242801     0.226696712
     5.570000000     5.734548320   -11.061448269     0.226973947
     5.580000000     5.383790192   -10.886483331     0.227518456
     5.590000000     5.058045121   -10.686818544     0.228358961
     5.600000000     4.764003800   -10.472071122     0.229535125
     5.610000000     4.505890800   -10.250795523     0.231095817
     5.620000000     4.284858032   -10.031223079     0.233093035
     5.630000000     4.098931421    -9.820325906     0.235572123
     5.640000000     3.943490694    -9.623486078     0.238559674
     5.650000000     3.812137587    -9.444876793     0.242050916
     5.660000000     3.697730450    -9.286070346     0.245998280
     5.670000000     3.593348651    -9.144269618     0.250302640
     5.680000000     3.492997324    -9.013145220     0.254808348
     5.690000000     3.391956024    -8.885216783     0.259303035
     5.700000000     3.286786505    -8.754574683     0.263523043
     5.710000000     3.175112345    -8.619579236     0.267165268
     5.720000000     3.055336715    -8.483475455     0.269905816
     5.730000000     2.926457100    -8.352101144     0.271425063
     5.740000000     2.788070767    -8.230199383     0.271437424
     5.750000000     2.640566248    -8.117905595     0.269722677
     5.760000000     2.485401991    -8.009210167     0.266154463
     5.770000000     2.325319752    -7.894069470     0.260721105
     5.780000000     2.164348065    -7.763143584     0.253534561
     5.790000000     2.007516224    -7.611578642     0.244825062
     5.800000000     1.860295513    -7.440294676     0.234921585
     5.810000000     1.727875107    -7.255236673     0.224220984
     5.820000000     1.614433079    -7.064600581     0.213150778
     5.830000000     1.522563525    -6.875381214     0.202131563
     5.840000000     1.452974640    -6.691670140     0.191544703
     5.850000000     1.404500538    -6.515182504     0.181709362
     5.860000000     1.374396894    -6.346606933     0.172870691
     5.870000000     1.358836634    -6.186968224     0.165198661
     5.880000000     1.353495617    -6.038389107     0.158795258
     5.890000000     1.354118658    -5.902884385     0.153706851
     5.900000000     1.356976667    -5.779393682     0.149938572
     5.910000000     1.359158748    -5.663063549     0.147468187
     5.920000000     1.358681641    -5.548792342     0.146257867
     5.930000000     1.354436691    -5.434321291     0.146263049
     5.940000000     1.346024479    -5.319808539     0.147438107
     5.950000000     1.333542888    -5.206359897     0.149738781
     5.960000000     1.317391523    -5.095196915     0.153121521
     5.970000000     1.298135324    -4.987146137     0.157540082
     5.980000000     1.276439812    -4.882062704     0.162940135
     5.990000000     1.253061028    -4.778381386     0.169253006
     6.000000000     1.228855308    -4.673659110     0.176389976
     6.010000000     1.204773746    -4.565876682     0.184238507
     6.020000000     1.181821888    -4.454286740     0.192661402
     6.030000000     1.160989129    -4.339380655     0.201499314
     6.040000000     1.143173448    -4.222414629     0.210576369
     6.050000000     1.129136287    -4.104826727     0.219708176
     6.060000000     1.119515576    -3.987650664     0.228711299
     6.070000000     1.114904660    -3.871324333     0.237413207
     6.080000000     1.115979034    -3.755901360     0.245661878
     6.090000000     1.123631360    -3.641052736     0.253334289
     6.100000000     1.139066664    -3.525801984     0.260343008
     6.110000000     1.163817800    -3.408579457     0.266640072
     6.120000000     1.199664279    -3.287970367     0.272217258
     6.130000000     1.248467803    -3.163912481     0.277102114
     6.140000000     1.311964711    -3.038354349     0.281349591
     6.150000000     1.391568515    -2.914557712     0.285029992
     6.160000000     1.488228729    -2.795721778     0.288214847
     6.170000000     1.602366171    -2.684306230     0.290963118
     6.180000000     1.733869143    -2.582372336     0.293310401
     6.190000000     1.882104866    -2.491941619     0.295263417
     6.200000000     2.045892893    -2.414285861     0.296801072
     6.210000000     2.223412357    -2.348613256     0.297882004
     6.220000000     2.412070132    -2.292397696     0.298457140
     6.230000000     2.608423085    -2.244187472     0.298484746
     6.240000000     2.808292555    -2.206179350     0.297944975
     6.250000000     3.007199319    -2.184405699     0.296851056
     6.260000000     3.201163518    -2.186948300     0.295254923
     6.270000000     3.387766058    -2.220490985     0.293246158
     6.280000000     3.567199597    -2.285506584     0.290944345
     6.290000000     3.742916069    -2.372128701     0.288486189
     6.300000000     3.921471628    -2.460847509     0.286009823
     6.310000000     4.111316848    -2.530600298     0.283639358
     6.320000000     4.320564765    -2.569893076     0.281472802
     6.330000000     4.554118257    -2.583564543     0.279575811
     6.340000000     4.810838047    -2.592215885     0.277982453
     6.350000000     5.081568031    -2.626435453     0.276702514
     6.360000000     5.348731963    -2.718991791     0.275733226
     6.370000000     5.587875434    -2.896295420     0.275072161
     6.380000000     5.771032428    -3.170356299     0.274727698
     6.390000000     5.871289535    -3.533755118     0.274724090
     6.400000000     5.867560716    -3.958332410     0.275099594
     6.410000000     5.748489277    -4.397141555     0.275897940
     6.420000000     5.514597417    -4.794630830     0.277155193
     6.430000000     5.178246870    -5.106607339     0.278885292
     6.440000000     4.761520056    -5.315664459     0.281067932
     6.450000000     4.292614714    -5.429276345     0.283642003
     6.460000000     3.801630100    -5.467033482     0.286506602
     6.470000000     3.316647116    -5.450004070     0.289530022
     6.480000000     2.860794073    -5.395731024     0.292565502
     6.490000000     2.450640298    -5.316305938     0.295471099
     6.500000000     2.095895099    -5.218868743     0.298130110
     6.510000000     1.800115497    -5.107921495     0.300468114
     6.520000000     1.561997897    -4.987551978     0.302463019
     6.530000000     1.376844138    -4.862613234     0.304145560
     6.540000000     1.237905119    -4.738457534     0.305589443
     6.550000000     1.137452794    -4.619575224     0.306892549
     6.560000000     1.067559207    -4.508544713     0.308152949
     6.570000000     1.020638466    -4.406312264     0.309445143
     6.580000000     0.989829355    -4.313370115     0.310802446
     6.590000000     0.969276912    -4.230357235     0.312210216
     6.600000000     0.954334097    -4.157345431     0.313611964
     6.610000000     0.941671631    -4.092765110     0.314926750
     6.620000000     0.929269937    -4.033164878     0.316073038
     6.630000000     0.916276322    -3.974198406     0.316992276
     6.640000000     0.902737771    -3.912522059     0.317665689
     6.650000000     0.889252661    -3.847398118     0.318120062
     6.660000000     0.876609274    -3.780850804     0.318421762
     6.670000000     0.865484136    -3.716487234     0.318661706
     6.680000000     0.856255863    -3.657628719     0.318936149
     6.690000000     0.848955843    -3.605449426     0.319328543
     6.700000000     0.843337699    -3.558508261     0.319896285
     6.710000000     0.839016570    -3.514360936     0.320663885
     6.720000000     0.835616096    -3.471455456     0.321621828
     6.730000000     0.832868085    -3.429438290     0.322729171
     6.740000000     0.830632476    -3.388490865     0.323917831
     6.750000000     0.828834718    -3.348943559     0.325097416
     6.760000000     0.827344848    -3.311105750     0.326160551
     6.770000000     0.825840759    -3.274980323     0.326989345
     6.780000000     0.823703749    -3.240346561     0.327463540
     6.790000000     0.819987169    -3.207525962     0.327470068
     6.800000000     0.813480641    -3.178006469     0.326912697
     6.810000000     0.802866935    -3.153793531     0.325719811
     6.820000000     0.786942224    -3.135604237     0.323848459
     6.830000000     0.764850208    -3.121545268     0.321283800
     6.840000000     0.736273188    -3.107714645     0.318034427
     6.850000000     0.701531883    -3.090230186     0.314125394
     6.860000000     0.661568958    -3.066851852     0.309591369
     6.870000000     0.617821870    -3.037203988     0.304472082
     6.880000000     0.572018858    -3.002080537     0.298811129
     6.890000000     0.525948729    -2.962675802     0.292657878
     6.900000000     0.481255717    -2.920147130     0.286071004
     6.910000000     0.439296437    -2.875477590     0.279121811
     6.920000000     0.401073117    -2.829413826     0.271895766
     6.930000000     0.367234543    -2.782332047     0.264491657
     6.940000000     0.338120731    -2.734259650     0.257018736
     6.950000000     0.313823194    -2.685157167     0.249592905
     6.960000000     0.294238864    -2.635136261     0.242333042
     6.970000000     0.279108170    -2.584516050     0.235358032
     6.980000000     0.268040532    -2.533857420     0.228784335
     6.990000000     0.260538697    -2.483917500     0.222723345
     7.000000000     0.256033961    -2.435437318     0.217277768
     7.010000000     0.253938003    -2.388913141     0.212536743
     7.020000000     0.253706574    -2.344545913     0.208570233
     7.030000000     0.254900597    -2.302203343     0.205423888
     7.040000000     0.257225505    -2.261212788     0.203115771
     7.050000000     0.260532781    -2.220419104     0.201635801
     7.060000000     0.264778152    -2.178830129     0.200947810
     7.070000000     0.269945566    -2.136232846     0.200993107
     7.080000000     0.275959514    -2.093172281     0.201693872
     7.090000000     0.282615262    -2.050609235     0.202954923
     7.100000000     0.289553668    -2.009672248     0.204663391
     7.110000000     0.296294876    -1.971329384     0.206687113
     7.120000000     0.302326971    -1.935874306     0.208873756
     7.130000000     0.307227908    -1.902605981     0.211053018
     7.140000000     0.310787893    -1.870047978     0.213043724
     7.150000000     0.313098877    -1.836555153     0.214666141
     7.160000000     0.314587977    -1.800854638     0.215758057
     7.170000000     0.315988957    -1.762267346     0.216191615
     7.180000000     0.318264146    -1.720695710     0.215887224
     7.190000000     0.322502318    -1.676570137     0.214821376
     7.200000000     0.329822176    -1.630752540     0.213026653
     7.210000000     0.341305749    -1.584275022     0.210584173
     7.220000000     0.357974332    -1.537943728     0.207610484
     7.230000000     0.380806457    -1.492045327     0.204241907
     7.240000000     0.410787316    -1.446394728     0.200619297
     7.250000000     0.448974039    -1.400675159     0.196875299
     7.260000000     0.496560103    -1.354859989     0.193124901
     7.270000000     0.554921454    -1.309577534     0.189459013
     7.280000000     0.625623366    -1.266189699     0.185940308
     7.290000000     0.710360457    -1.226469881     0.182600738
     7.300000000     0.810796808    -1.192084683     0.179440782
     7.310000000     0.928276701    -1.164049650     0.176431096
     7.320000000     1.063396819    -1.142459052     0.173517400
     7.330000000     1.215470613    -1.127219058     0.170629020
     7.340000000     1.381968434    -1.119812690     0.167690570
     7.350000000     1.558067100    -1.124591013     0.164635212
     7.360000000     1.736468100    -1.148409036     0.161417178
     7.370000000     1.907625840    -1.198962450     0.158021178
     7.380000000     2.060458825    -1.282630877     0.154466849
     7.390000000     2.183507562    -1.402082843     0.150807529
     7.400000000     2.266380761    -1.553905930     0.147123783
     7.410000000     2.301233106    -1.727898032     0.143513104
     7.420000000     2.283977802    -1.909382201     0.140077721
     7.430000000     2.214973602    -2.082249585     0.136912571
     7.440000000     2.099033687    -2.230717401     0.134095204
     7.450000000     1.944753573    -2.343015100     0.131679018
     7.460000000     1.763304193    -2.416110830     0.129690674
     7.470000000     1.566942326    -2.455025953     0.128132003
     7.480000000     1.367526741    -2.467772275     0.126986023
     7.490000000     1.175291683    -2.461364639     0.126225933
     7.500000000     0.998039131    -2.440600989     0.125825237
     7.510000000     0.840800514    -2.408877221     0.125766660
     7.520000000     0.705920414    -2.369407954     0.126047506
     7.530000000     0.593451324    -2.325477787     0.126679744
     7.540000000     0.501726075    -2.279972476     0.127684235
     7.550000000     0.427985197    -2.235115643     0.129080006
     7.560000000     0.368965626    -2.192510674     0.130870811
     7.570000000     0.321390488    -2.153011794     0.133032074
     7.580000000     0.282328553    -2.116361112     0.135501383
     7.590000000     0.249413871    -2.081144047     0.138175022
     7.600000000     0.220932641    -2.045574658     0.140911742
     7.610000000     0.195797527    -2.008609857     0.143543441
     7.620000000     0.173439826    -1.970344510     0.145891063
     7.630000000     0.153655848    -1.931555331     0.147783002
     7.640000000     0.136443685    -1.893078758     0.149072970
     7.650000000     0.121860004    -1.855482890     0.149654527
     7.660000000     0.109915298    -1.819007660     0.149470273
     7.670000000     0.100513600    -1.783647310     0.148514888
     7.680000000     0.093432608    -1.749330622     0.146832376
     7.690000000     0.088334491    -1.716080465     0.144508872
     7.700000000     0.084796555    -1.684040003     0.141662816
     7.710000000     0.082352640    -1.653419763     0.138434198
     7.720000000     0.080538516    -1.624440264     0.134974043
     7.730000000     0.078935982    -1.597229459     0.131434599
     7.740000000     0.077210717    -1.571641867     0.127960183
     7.750000000     0.075138892    -1.547146425     0.124678493
     7.760000000     0.072618363    -1.523012997     0.121692500
     7.770000000     0.069662490    -1.498722270     0.119073469
     7.780000000     0.066377989    -1.474186153     0.116856003
     7.790000000     0.062931574    -1.449602203     0.115036070
     7.800000000     0.059512322    -1.425201254     0.113572575
     7.810000000     0.056296842    -1.401120833     0.112392555
     7.820000000     0.053422757    -1.377386220     0.111399459
     7.830000000     0.050973241    -1.353940028     0.110483668
     7.840000000     0.048972759    -1.330731302     0.109534215
     7.850000000     0.047392175    -1.307805960     0.108450611
     7.860000000     0.046160491    -1.285299287     0.107153641
     7.870000000     0.045180312    -1.263346401     0.105593852
     7.880000000     0.044344368    -1.241993711     0.103756432
     7.890000000     0.043550795    -1.221161528     0.101661331
     7.900000000     0.042715259    -1.200676131     0.099358038
     7.910000000     0.041778627    -1.180353058     0.096915387
     7.920000000     0.040709604    -1.160081061     0.094407912
     7.930000000     0.039502679    -1.139859935     0.091901277
     7.940000000     0.038172483    -1.119752185     0.089439829
     7.950000000     0.036746196    -1.099777615     0.087039061
     7.960000000     0.035255698    -1.079870283     0.084684704
     7.970000000     0.033730955    -1.059949798     0.082338593
     7.980000000     0.032195605    -1.039990717     0.079949737
     7.990000000     0.030665193    -1.020013059     0.077467715
     8.000000000     0.029147951    -1.000056732     0.074855074
     8.010000000     0.027647522    -0.980162528     0.072095834
     8.020000000     0.026166655    -0.960332816     0.069198447
     8.030000000     0.024710715    -0.940502631     0.066193135
     8.040000000     0.023289888    -0.920572186     0.063124984
     8.050000000     0.021919379    -0.900470151     0.060045034
     8.060000000     0.020617502    -0.880174933     0.057001759
     8.070000000     0.019402248    -0.859696733     0.054034843
     8.080000000     0.018287419    -0.839063778     0.051172190
     8.090000000     0.017279541    -0.818313140     0.048430166
     8.100000000     0.016376525    -0.797471101     0.045816223
     8.110000000     0.015568409    -0.776537389     0.043332640
     8.120000000     0.014839916    -0.755485733     0.040980074
     8.130000000     0.014173965    -0.734270087     0.038759889
     8.140000000     0.013555110    -0.712837167     0.036674766
     8.150000000     0.012971981    -0.691145476     0.034727661
     8.160000000     0.012418232    -0.669167910     0.032919682
     8.170000000     0.011892009    -0.646875037     0.031247786
     8.180000000     0.011394436    -0.624224503     0.029703174
     8.190000000     0.010927879    -0.601172589     0.028271043
     8.200000000     0.010494771    -0.577693188     0.026931900
     8.210000000     0.010097511    -0.553781542     0.025664130
     8.220000000     0.009739485    -0.529433296     0.024447099
     8.230000000     0.009426815    -0.504610875     0.023263946
     8.240000000     0.009169991    -0.479229594     0.022103294
     8.250000000     0.008984487    -0.453182977     0.020959472
     8.260000000     0.008889576    -0.426379504     0.019831311
     8.270000000     0.008905064    -0.398753775     0.018719966
     8.280000000     0.009046253    -0.370256752     0.017626505
     8.290000000     0.009318069    -0.340843977     0.016549993
     8.300000000     0.009709722    -0.310467635     0.015486618
     8.310000000     0.010191382    -0.279071874     0.014430077
     8.320000000     0.010714143    -0.246589443     0.013373073
     8.330000000     0.011213934    -0.212934829     0.012309473
     8.340000000     0.011619221    -0.177995692     0.011236557
     8.350000000     0.011861498    -0.141626810     0.010156759
     8.360000000     0.011886972    -0.103639387     0.009078432
     8.370000000     0.011667862    -0.063777395     0.008015428
     8.380000000     0.011212796    -0.021695244     0.006985522
     8.390000000     0.010578100     0.023017679     0.006007979
     8.400000000     0.009885701     0.070755751     0.005100776
     8.410000000     0.009358879     0.121839498     0.004278077
     8.420000000     0.009394012     0.176543112     0.003548479
     8.430000000     0.010693702     0.235166436     0.002914387
     8.440000000     0.014491830     0.298093073     0.002372545
     8.450000000     0.022899446     0.365812968     0.001915498
     8.460000000     0.039384903     0.438902426     0.001533509
     8.470000000     0.069363827     0.517976641     0.001216435
     8.480000000     0.120808879     0.603646405     0.000955145
     8.490000000     0.204699094     0.696475023     0.000742264
     8.500000000     0.335033885     0.796892990     0.000572258
     8.510000000     0.528077504     0.905019518     0.000441039
     8.520000000     0.800531064     1.020323472     0.000345334
     8.530000000     1.166501908     1.141006182     0.000282027
     8.540000000     1.633470860     1.262899388     0.000247638
     8.550000000     2.197897468     1.377542461     0.000237978
     8.560000000     2.841524147     1.468979247     0.000248022
     8.570000000     3.529659720     1.508939001     0.000271958
     8.580000000     4.212569053     1.451254365     0.000303445
     8.590000000     4.830494794     1.230460705     0.000336035
     8.600000000     5.321884953     0.777688009     0.000363738
     8.610000000     5.633367499     0.069438608     0.000381635
     8.620000000     5.729268307    -0.809671119     0.000386422
     8.630000000     5.598331158    -1.672830807     0.000376762
     8.640000000     5.255890288    -2.343761740     0.000353329
     8.650000000     4.740915875    -2.757218078     0.000318537
     8.660000000     4.108719025    -2.948244972     0.000275986
     8.670000000     3.421203166    -2.987467471     0.000229774
     8.680000000     2.737029712    -2.937734237     0.000183811
     8.690000000     2.103819041    -2.842119910     0.000141282
     8.700000000     1.553693942    -2.726600635     0.000104336
     8.710000000     1.102429395    -2.605688489     0.000074032
     8.720000000     0.751561142    -2.487002108     0.000050470
     8.730000000     0.492273063    -2.374238004     0.000033058
     8.740000000     0.309796172    -2.268936236     0.000020804
     8.750000000     0.187315727    -2.171486831     0.000012579
     8.760000000     0.108817980    -2.081691345     0.000007307
     8.770000000     0.060737274    -1.999071858     0.000004079
     8.780000000     0.032571530    -1.923038490     0.000002187
     8.790000000     0.016782213    -1.852978163     0.000001127
     8.800000000     0.008307848    -1.788299688     0.000000558
     8.810000000     0.003951446    -1.728454805     0.000000265
     8.820000000     0.001805726    -1.672946140     0.000000121
     8.830000000     0.000792822    -1.621328237     0.000000053
     8.840000000     0.000334447    -1.573205085     0.000000022
     8.850000000     0.000135553    -1.528226059     0.000000009
     8.860000000     0.000052786    -1.486081302     0.000000004
     8.870000000     0.000019749    -1.446497114     0.000000001
     8.880000000     0.000007099    -1.409231611     0.000000000
     8.890000000     0.000002452    -1.374070779     0.000000000
     8.900000000     0.000000814    -1.340824962     0.000000000
     8.910000000     0.000000259    -1.309325775     0.000000000
     8.920000000     0.000000079    -1.279423406     0.000000000
     8.930000000     0.000000023    -1.250984274     0.000000000
     8.940000000     0.000000007    -1.223889004     0.000000000
     8.950000000     0.000000002    -1.198030671     0.000000000
     8.960000000     0.000000000    -1.173313284     0.000000000
     8.970000000     0.000000000    -1.149650471     0.000000000
     8.980000000     0.000000000    -1.126964340     0.000000000
     8.990000000     0.000000000    -1.105184496     0.000000000
     9.000000000     0.000000000    -1.084247179     0.000000000
     9.010000000     0.000000000    -1.064094522     0.000000000
     9.020000000     0.000000000    -1.044673895     0.000000000
     9.030000000     0.000000000    -1.025937338     0.000000000
     9.040000000     0.000000000    -1.007841064     0.000000000
     9.050000000     0.000000000    -0.990345021     0.000000000
     9.060000000     0.000000000    -0.973412503     0.000000000
     9.070000000     0.000000000    -0.957009818     0.000000000
     9.080000000     0.000000000    -0.941105984     0.000000000
     9.090000000     0.000000000    -0.925672463     0.000000000
     9.100000000     0.000000000    -0.910682931     0.000000000
     9.110000000     0.000000000    -0.896113063     0.000000000
     9.120000000     0.000000000    -0.881940354     0.000000000
     9.130000000     0.000000000    -0.868143945     0.000000000
     9.140000000     0.000000000    -0.854704483     0.000000000
     9.150000000     0.000000000    -0.841603982     0.000000000
     9.160000000     0.000000000    -0.828825706     0.000000000
     9.170000000     0.000000000    -0.816354066     0.000000000
     9.180000000     0.000000000    -0.804174516     0.000000000
     9.190000000     0.000000000    -0.792273473     0.000000000
     9.200000000     0.000000000    -0.780638235     0.000000000
     9.210000000     0.000000000    -0.769256913     0.000000000
     9.220000000     0.000000000    -0.758118363     0.000000000
     9.230000000     0.000000000    -0.747212131     0.000000000
     9.240000000     0.000000000    -0.736528399     0.000000000
     9.250000000     0.000000000    -0.726057937     0.000000000
     9.260000000     0.000000000    -0.715792059     0.000000000
     9.270000000     0.000000000    -0.705722582     0.000000000
     9.280000000     0.000000000    -0.695841792     0.000000000
     9.290000000     0.000000000    -0.686142408     0.000000000
     9.300000000     0.000000000    -0.676617555     0.000000000
     9.310000000     0.000000000    -0.667260730     0.000000000
     9.320000000     0.000000000    -0.658065783     0.000000000
     9.330000000     0.000000000    -0.649026887     0.000000000
     9.340000000     0.000000000    -0.640138521     0.000000000
     9.350000000     0.000000000    -0.631395449     0.000000000
     9.360000000     0.000000000    -0.622792700     0.000000000
     9.370000000     0.000000000    -0.614325550     0.000000000
     9.380000000     0.000000000    -0.605989510     0.000000000
     9.390000000     0.000000000    -0.597780308     0.000000000
     9.400000000     0.000000000    -0.589693877     0.000000000
     9.410000000     0.000000000    -0.581726342     0.000000000
     9.420000000     0.000000000    -0.573874009     0.000000000
     9.430000000     0.000000000    -0.566133351     0.000000000
     9.440000000     0.000000000    -0.558501005     0.000000000
     9.450000000     0.000000000    -0.550973752     0.000000000
     9.460000000     0.000000000    -0.543548520     0.000000000
     9.470000000     0.000000000    -0.536222366     0.000000000
     9.480000000     0.000000001    -0.528992474     0.000000000
     9.490000000     0.000000002    -0.521856145     0.000000001
     9.500000000     0.000000004    -0.514810792     0.000000004
     9.510000000     0.000000011    -0.507853931     0.000000009
     9.520000000     0.000000028    -0.500983180     0.000000023
     9.530000000     0.000000066    -0.494196246     0.000000053
     9.540000000     0.000000151    -0.487490926     0.000000121
     9.550000000     0.000000330    -0.480865100     0.000000266
     9.560000000     0.000000693    -0.474316723     0.000000559
     9.570000000     0.000001401    -0.467843825     0.000001129
     9.580000000     0.000002718    -0.461444507     0.000002191
     9.590000000     0.000005069    -0.455116933     0.000004085
     9.600000000     0.000009080    -0.448859335     0.000007317
     9.610000000     0.000015629    -0.442670010     0.000012595
     9.620000000     0.000025845    -0.436547322     0.000020828
     9.630000000     0.000041065    -0.430489718     0.000033093
     9.640000000     0.000062688    -0.424495751     0.000050519
     9.650000000     0.000091945    -0.418564117     0.000074096
     9.660000000     0.000129569    -0.412693748     0.000104417
     9.670000000     0.000175429    -0.406883945     0.000141374
     9.680000000     0.000228208    -0.401134633     0.000183907
     9.690000000     0.000285225    -0.395446737     0.000229856
     9.700000000     0.000342510    -0.389822647     0.000276021
     9.710000000     0.000395173    -0.384266442     0.000318460
     9.720000000     0.000438056    -0.378782882     0.000353018
     9.730000000     0.000466551    -0.373373784     0.000375982
     9.740000000     0.000477417    -0.368032634     0.000384738
     9.750000000     0.000469380    -0.362743707     0.000378261
     9.760000000     0.000443383    -0.357490460     0.000357311
     9.770000000     0.000402404    -0.352264909     0.000324287
     9.780000000     0.000350892    -0.347068101     0.000282775
     9.790000000     0.000293976    -0.341904877     0.000236908
     9.800000000     0.000236636    -0.336779815     0.000190699
     9.810000000     0.000183010    -0.331695913     0.000147484
     9.820000000     0.000135988    -0.326654699     0.000109589
     9.830000000     0.000097085    -0.321656704     0.000078238
     9.840000000     0.000066594    -0.316701855     0.000053666
     9.850000000     0.000043888    -0.311789746     0.000035368
     9.860000000     0.000027789    -0.306919793     0.000022395
     9.870000000     0.000016906    -0.302091328     0.000013624
     9.880000000     0.000009882    -0.297303649     0.000007964
     9.890000000     0.000005550    -0.292556044     0.000004472
     9.900000000     0.000002994    -0.287847811     0.000002413
     9.910000000     0.000001552    -0.283178260     0.000001251
     9.920000000     0.000000773    -0.278546721     0.000000623
     9.930000000     0.000000370    -0.273952545     0.000000298
     9.940000000     0.000000170    -0.269395100     0.000000137
     9.950000000     0.000000075    -0.264873776     0.000000061
     9.960000000     0.000000032    -0.260387981     0.000000026
     9.970000000     0.000000013    -0.255937140     0.000000010
     9.980000000     0.000000005    -0.251520696     0.000000004
     9.990000000     0.000000002    -0.247138109     0.000000002
    10.000000000     0.000000001    -0.242788853     0.000000001
    10.010000000     0.000000000    -0.238472418     0.000000000
    10.020000000     0.000000000    -0.234188306     0.000000000
    10.030000000     0.000000000    -0.229936036     0.000000000
    10.040000000     0.000000000    -0.225715136     0.000000000
    10.050000000     0.000000000    -0.221525147     0.000000000
    10.060000000     0.000000000    -0.217365623     0.000000000
    10.070000000     0.000000000    -0.213236129     0.000000000
    10.080000000     0.000000000    -0.209136239     0.000000000
    10.090000000     0.000000000    -0.205065538     0.000000000
    10.100000000     0.000000000    -0.201023623     0.000000000
    10.110000000     0.000000000    -0.197010097     0.000000000
    10.120000000     0.000000000    -0.193024575     0.000000000
    10.130000000     0.000000000    -0.189066679     0.000000000
    10.140000000     0.000000000    -0.185136041     0.000000000
    10.150000000     0.000000000    -0.181232300     0.000000000
    10.160000000     0.000000000    -0.177355104     0.000000000
    10.170000000     0.000000000    -0.173504108     0.000000000
    10.180000000     0.000000000    -0.169678974     0.000000000
    10.190000000     0.000000000    -0.165879374     0.000000000
    10.200000000     0.000000000    -0.162104983     0.000000000
    10.210000000     0.000000000    -0.158355486     0.000000000
    10.220000000     0.000000000    -0.154630572     0.000000000
    10.230000000     0.000000000    -0.150929939     0.000000000
    10.240000000     0.000000000    -0.147253289     0.000000000
    10.250000000     0.000000000    -0.143600331     0.000000000
    10.260000000     0.000000000    -0.139970779     0.000000000
    10.270000000     0.000000000    -0.136364355     0.000000000
    10.280000000     0.000000000    -0.132780783     0.000000000
    10.290000000     0.000000000    -0.129219795     0.000000000
    10.300000000     0.000000000    -0.125681128     0.000000000
    10.310000000     0.000000000    -0.122164522     0.000000000
    10.320000000     0.000000000    -0.118669724     0.000000000
    10.330000000     0.000000000    -0.115196485     0.000000000
    10.340000000     0.000000000    -0.111744561     0.000000000
    10.350000000     0.000000000    -0.108313712     0.000000000
    10.360000000     0.000000000    -0.104903703     0.000000000
    10.370000000     0.000000000    -0.101514303     0.000000000
    10.380000000     0.000000000    -0.098145284     0.000000000
    10.390000000     0.000000000    -0.094796424     0.000000000
    10.400000000     0.000000000    -0.091467504     0.000000000
    10.410000000     0.000000000    -0.088158309     0.000000000
    10.420000000     0.000000000    -0.084868628     0.000000000
    10.430000000     0.000000000    -0.081598254     0.000000000
    10.440000000     0.000000000    -0.078346982     0.000000000
    10.450000000     0.000000000    -0.075114612     0.000000000
    10.460000000     0.000000000    -0.071900947     0.000000000
    10.470000000     0.000000000    -0.068705793     0.000000000
    10.480000000     0.000000000    -0.065528959     0.000000000
    10.490000000     0.000000000    -0.062370259     0.000000000
    10.500000000     0.000000000    -0.059229508     0.000000000
    10.510000000     0.000000000    -0.056106525     0.000000000
    10.520000000     0.000000000    -0.053001132     0.000000000
    10.530000000     0.000000000    -0.049913153     0.000000000
    10.540000000     0.000000000    -0.046842416     0.000000000
    10.550000000     0.000000000    -0.043788751     0.000000000
    10.560000000     0.000000000    -0.040751991     0.000000000
    10.570000000     0.000000000    -0.037731971     0.000000000
    10.580000000     0.000000000    -0.034728530     0.000000000
    10.590000000     0.000000000    -0.031741508     0.000000000
    10.600000000     0.000000000    -0.028770748     0.000000000
    10.610000000     0.000000000    -0.025816095     0.000000000
    10.620000000     0.000000000    -0.022877398     0.000000000
    10.630000000     0.000000000    -0.019954507     0.000000000
    10.640000000     0.000000000    -0.017047273     0.000000000
    10.650000000     0.000000000    -0.014155552     0.000000000
    10.660000000     0.000000000    -0.011279201     0.000000000
    10.670000000     0.000000000    -0.008418077     0.000000000
    10.680000000     0.000000000    -0.005572042     0.000000000
    10.690000000     0.000000000    -0.002740959     0.000000000
    10.700000000     0.000000000     0.000075307     0.000000000
    10.710000000     0.000000000     0.002876890     0.000000000
    10.720000000     0.000000000     0.005663921     0.000000000
    10.730000000     0.000000000     0.008436529     0.000000000
    10.740000000     0.000000000     0.011194841     0.000000000
    10.750000000     0.000000000     0.013938984     0.000000000
    10.760000000     0.000000000     0.016669081     0.000000000
    10.770000000     0.000000000     0.019385256     0.000000000
    10.780000000     0.000000000     0.022087628     0.000000000
    10.790000000     0.000000000     0.024776316     0.000000000
    10.800000000     0.000000000     0.027451438     0.000000000
    10.810000000     0.000000000     0.030113110     0.000000000
    10.820000000     0.000000000     0.032761447     0.000000000
    10.830000000     0.000000000     0.035396559     0.000000000
    10.840000000     0.000000000     0.038018560     0.000000000
    10.850000000     0.000000000     0.040627558     0.000000000
    10.860000000     0.000000000     0.043223663     0.000000000
    10.870000000     0.000000000     0.045806980     0.000000000
    10.880000000     0.000000000     0.048377615     0.000000000
    10.890000000     0.000000000     0.050935673     0.000000000
    10.900000000     0.000000000     0.053481257     0.000000000
    10.910000000     0.000000000     0.056014467     0.000000000
    10.920000000     0.000000000     0.058535405     0.000000000
    10.930000000     0.000000000     0.061044168     0.000000000
    10.940000000     0.000000000     0.063540855     0.000000000
    10.950000000     0.000000000     0.066025563     0.000000000
    10.960000000     0.000000000     0.068498385     0.000000000
    10.970000000     0.000000000     0.070959418     0.000000000
    10.980000000     0.000000000     0.073408753     0.000000000
    10.990000000     0.000000000     0.075846482     0.000000000
    11.000000000     0.000000000     0.078272697     0.000000000
