 # Column 1: omega
 # Column 2: eps2(omega)
 # Column 3: eps1(omega)
 # Column 4: JDOS(omega)
     0.000000000     0.000000000     2.137578418     0.000000000
     0.010000000     0.000000000     2.137587909     0.000000000
     0.020000000     0.000000000     2.137616385     0.000000000
     0.030000000     0.000000000     2.137663851     0.000000000
     0.040000000     0.000000000     2.137730318     0.000000000
     0.050000000     0.000000000     2.137815801     0.000000000
     0.060000000     0.000000000     2.137920319     0.000000000
     0.070000000     0.000000000     2.138043894     0.000000000
     0.080000000     0.000000000     2.138186554     0.000000000
     0.090000000     0.000000000     2.138348331     0.000000000
     0.100000000     0.000000000     2.138529259     0.000000000
     0.110000000     0.000000000     2.138729380     0.000000000
     0.120000000     0.000000000     2.138948737     0.000000000
     0.130000000     0.000000000     2.139187380     0.000000000
     0.140000000     0.000000000     2.139445362     0.000000000
     0.150000000     0.000000000     2.139722740     0.000000000
     0.160000000     0.000000000     2.140019576     0.000000000
     0.170000000     0.000000000     2.140335937     0.000000000
     0.180000000     0.000000000     2.140671895     0.000000000
     0.190000000     0.000000000     2.141027525     0.000000000
     0.200000000     0.000000000     2.141402908     0.000000000
     0.210000000     0.000000000     2.141798129     0.000000000
     0.220000000     0.000000000     2.142213278     0.000000000
     0.230000000     0.000000000     2.142648451     0.000000000
     0.240000000     0.000000000     2.143103747     0.000000000
     0.250000000     0.000000000     2.143579272     0.000000000
     0.260000000     0.000000000     2.144075136     0.000000000
     0.270000000     0.000000000     2.144591454     0.000000000
     0.280000000     0.000000000     2.145128347     0.000000000
     0.290000000     0.000000000     2.145685942     0.000000000
     0.300000000     0.000000000     2.146264371     0.000000000
     0.310000000     0.000000000     2.146863769     0.000000000
     0.320000000     0.000000000     2.147484282     0.000000000
     0.330000000     0.000000000     2.148126058     0.000000000
     0.340000000     0.000000000     2.148789252     0.000000000
     0.350000000     0.000000000     2.149474025     0.000000000
     0.360000000     0.000000000     2.150180545     0.000000000
     0.370000000     0.000000000     2.150908985     0.000000000
     0.380000000     0.000000000     2.151659526     0.000000000
     0.390000000     0.000000000     2.152432356     0.000000000
     0.400000000     0.000000000     2.153227668     0.000000000
     0.410000000     0.000000000     2.154045663     0.000000000
     0.420000000     0.000000000     2.154886550     0.000000000
     0.430000000     0.000000000     2.155750545     0.000000000
     0.440000000     0.000000000     2.156637871     0.000000000
     0.450000000     0.000000000     2.157548759     0.000000000
     0.460000000     0.000000000     2.158483450     0.000000000
     0.470000000     0.000000000     2.159442191     0.000000000
     0.480000000     0.000000000     2.160425238     0.000000000
     0.490000000     0.000000000     2.161432855     0.000000000
     0.500000000     0.000000000     2.162465319     0.000000000
     0.510000000     0.000000000     2.163522911     0.000000000
     0.520000000     0.000000000     2.164605925     0.000000000
     0.530000000     0.000000000     2.165714664     0.000000000
     0.540000000     0.000000000     2.166849442     0.000000000
     0.550000000     0.000000000     2.168010582     0.000000000
     0.560000000     0.000000000     2.169198418     0.000000000
     0.570000000     0.000000000     2.170413298     0.000000000
     0.580000000     0.000000000     2.171655577     0.000000000
     0.590000000     0.000000000     2.172925628     0.000000000
     0.600000000     0.000000000     2.174223830     0.000000000
     0.610000000     0.000000000     2.175550580     0.000000000
     0.620000000     0.000000000     2.176906286     0.000000000
     0.630000000     0.000000000     2.178291370     0.000000000
     0.640000000     0.000000000     2.179706268     0.000000000
     0.650000000     0.000000000     2.181151432     0.000000000
     0.660000000     0.000000000     2.182627329     0.000000000
     0.670000000     0.000000000     2.184134442     0.000000000
     0.680000000     0.000000000     2.185673269     0.000000000
     0.690000000     0.000000000     2.187244327     0.000000000
     0.700000000     0.000000000     2.188848151     0.000000000
     0.710000000     0.000000000     2.190485294     0.000000000
     0.720000000     0.000000000     2.192156327     0.000000000
     0.730000000     0.000000000     2.193861844     0.000000000
     0.740000000     0.000000000     2.195602458     0.000000000
     0.750000000     0.000000000     2.197378803     0.000000000
     0.760000000     0.000000000     2.199191538     0.000000000
     0.770000000     0.000000000     2.201041345     0.000000000
     0.780000000     0.000000000     2.202928928     0.000000000
     0.790000000     0.000000000     2.204855020     0.000000000
     0.800000000     0.000000000     2.206820380     0.000000000
     0.810000000     0.000000000     2.208825794     0.000000000
     0.820000000     0.000000000     2.210872079     0.000000000
     0.830000000     0.000000000     2.212960079     0.000000000
     0.840000000     0.000000000     2.215090675     0.000000000
     0.850000000     0.000000000     2.217264777     0.000000000
     0.860000000     0.000000000     2.219483332     0.000000000
     0.870000000     0.000000000     2.221747325     0.000000000
     0.880000000     0.000000000     2.224057776     0.000000000
     0.890000000     0.000000000     2.226415747     0.000000000
     0.900000000     0.000000000     2.228822344     0.000000000
     0.910000000     0.000000000     2.231278714     0.000000000
     0.920000000     0.000000000     2.233786052     0.000000000
     0.930000000     0.000000000     2.236345602     0.000000000
     0.940000000     0.000000000     2.238958659     0.000000000
     0.950000000     0.000000000     2.241626572     0.000000000
     0.960000000     0.000000000     2.244350746     0.000000000
     0.970000000     0.000000000     2.247132647     0.000000000
     0.980000000     0.000000000     2.249973803     0.000000000
     0.990000000     0.000000000     2.252875809     0.000000000
     1.000000000     0.000000000     2.255840330     0.000000000
     1.010000000     0.000000000     2.258869103     0.000000000
     1.020000000     0.000000000     2.261963946     0.000000000
     1.030000000     0.000000000     2.265126758     0.000000000
     1.040000000     0.000000000     2.268359524     0.000000000
     1.050000000     0.000000000     2.271664323     0.000000000
     1.060000000     0.000000000     2.275043331     0.000000000
     1.070000000     0.000000000     2.278498827     0.000000000
     1.080000000     0.000000000     2.282033200     0.000000000
     1.090000000     0.000000000     2.285648957     0.000000000
     1.100000000     0.000000000     2.289348727     0.000000000
     1.110000000     0.000000000     2.293135271     0.000000000
     1.120000000     0.000000000     2.297011489     0.000000000
     1.130000000     0.000000000     2.300980432     0.000000000
     1.140000000     0.000000000     2.305045309     0.000000000
     1.150000000     0.000000000     2.309209496     0.000000000
     1.160000000     0.000000000     2.313476554     0.000000000
     1.170000000     0.000000000     2.317850233     0.000000000
     1.180000000     0.000000000     2.322334492     0.000000000
     1.190000000     0.000000000     2.326933510     0.000000000
     1.200000000     0.000000000     2.331651702     0.000000000
     1.210000000     0.000000000     2.336493738     0.000000000
     1.220000000     0.000000000     2.341464562     0.000000000
     1.230000000     0.000000000     2.346569407     0.000000000
     1.240000000     0.000000000     2.351813826     0.000000000
     1.250000000     0.000000000     2.357203707     0.000000000
     1.260000000     0.000000000     2.362745307     0.000000000
     1.270000000     0.000000000     2.368445277     0.000000000
     1.280000000     0.000000000     2.374310697     0.000000000
     1.290000000     0.000000000     2.380349106     0.000000000
     1.300000000     0.000000000     2.386568548     0.000000000
     1.310000000     0.000000000     2.392977607     0.000000000
     1.320000000     0.000000000     2.399585460     0.000000000
     1.330000000     0.000000000     2.406401925     0.000000000
     1.340000000     0.000000000     2.413437521     0.000000000
     1.350000000     0.000000000     2.420703531     0.000000000
     1.360000000     0.000000000     2.428212073     0.000000000
     1.370000000     0.000000000     2.435976179     0.000000000
     1.380000000     0.000000000     2.444009881     0.000000000
     1.390000000     0.000000000     2.452328313     0.000000000
     1.400000000     0.000000000     2.460947819     0.000000000
     1.410000000     0.000000001     2.469886076     0.000000000
     1.420000000     0.000000002     2.479162234     0.000000001
     1.430000000     0.000000005     2.488797070     0.000000002
     1.440000000     0.000000012     2.498813166     0.000000006
     1.450000000     0.000000031     2.509235106     0.000000014
     1.460000000     0.000000076     2.520089705     0.000000035
     1.470000000     0.000000178     2.531406259     0.000000081
     1.480000000     0.000000400     2.543216840     0.000000183
     1.490000000     0.000000864     2.555556628     0.000000396
     1.500000000     0.000001796     2.568464286     0.000000825
     1.510000000     0.000003589     2.581982393     0.000001652
     1.520000000     0.000006897     2.596157944     0.000003183
     1.530000000     0.000012752     2.611042909     0.000005902
     1.540000000     0.000022686     2.626694892     0.000010529
     1.550000000     0.000038847     2.643177872     0.000018081
     1.560000000     0.000064067     2.660563056     0.000029893
     1.570000000     0.000101854     2.678929848     0.000047590
     1.580000000     0.000156339     2.698366943     0.000072976
     1.590000000     0.000232343     2.718973547     0.000107807
     1.600000000     0.000335993     2.740860694     0.000153473
     1.610000000     0.000476908     2.764152631     0.000210596
     1.620000000     0.000673881     2.788988204     0.000278620
     1.630000000     0.000967592     2.815522180     0.000355490
     1.640000000     0.001446137     2.843926716     0.000437532
     1.650000000     0.002292216     2.874393873     0.000519608
     1.660000000     0.003863998     2.907141258     0.000595592
     1.670000000     0.006823641     2.942422118     0.000659143
     1.680000000     0.012325557     2.980533902     0.000704648
     1.690000000     0.022266960     3.021812340     0.000728192
     1.700000000     0.039582165     3.066611913     0.000728360
     1.710000000     0.068527683     3.115288772     0.000706710
     1.720000000     0.114860883     3.168178453     0.000667833
     1.730000000     0.185773006     3.225537720     0.000618978
     1.740000000     0.289418890     3.287431221     0.000569318
     1.750000000     0.433917130     3.353537342     0.000528972
     1.760000000     0.625796050     3.422802480     0.000507954
     1.770000000     0.868032495     3.492819175     0.000515164
     1.780000000     1.158038271     3.558744783     0.000557584
     1.790000000     1.486124386     3.611538709     0.000639733
     1.800000000     1.835029463     3.635452279     0.000763487
     1.810000000     2.180966370     3.605585333     0.000928270
     1.820000000     2.496308537     3.488889702     0.001131632
     1.830000000     2.753575413     3.255917899     0.001370153
     1.840000000     2.929930170     2.907939468     0.001640569
     1.850000000     3.011141799     2.500410178     0.001940961
     1.860000000     2.994011830     2.122531482     0.002271843
     1.870000000     2.886638078     1.839893818     0.002636984
     1.880000000     2.706472523     1.665234102     0.003043861
     1.890000000     2.476728496     1.575349687     0.003503645
     1.900000000     2.222098210     1.536495627     0.004030689
     1.910000000     1.964828783     1.518958524     0.004641481
     1.920000000     1.721973195     1.504703518     0.005353072
     1.930000000     1.504198201     1.489991767     0.006181025
     1.940000000     1.316066486     1.480468791     0.007137079
     1.950000000     1.157367912     1.480904902     0.008226769
     1.960000000     1.024932490     1.489307612     0.009447401
     1.970000000     0.914405755     1.500180016     0.010786716
     1.980000000     0.821633899     1.510458023     0.012222517
     1.990000000     0.743503151     1.521546904     0.013723366
     2.000000000     0.678239085     1.537146154     0.015250306
     2.010000000     0.625269101     1.559812246     0.016759468
     2.020000000     0.584791426     1.589397410     0.018205437
     2.030000000     0.557198189     1.623933541     0.019545254
     2.040000000     0.542488931     1.660780764     0.020742903
     2.050000000     0.539793633     1.696780552     0.021773968
     2.060000000     0.547100260     1.728263545     0.022629866
     2.070000000     0.561246149     1.751615619     0.023320753
     2.080000000     0.578183531     1.764040317     0.023876111
     2.090000000     0.593472578     1.763826064     0.024342186
     2.100000000     0.602902830     1.750507379     0.024776087
     2.110000000     0.603110898     1.726432362     0.025237184
     2.120000000     0.592060665     1.698312431     0.025777340
     2.130000000     0.569285081     1.674935620     0.026432085
     2.140000000     0.535848029     1.662319335     0.027214825
     2.150000000     0.494053242     1.661568244     0.028115600
     2.160000000     0.446984297     1.670427221     0.029104776
     2.170000000     0.397988712     1.685687291     0.030140858
     2.180000000     0.350214348     1.704776705     0.031180583
     2.190000000     0.306273505     1.726432253     0.032188982
     2.200000000     0.268064160     1.750511096     0.033147233
     2.210000000     0.236735438     1.777154308     0.034056815
     2.220000000     0.212757595     1.806017502     0.034939423
     2.230000000     0.196049303     1.836097114     0.035833092
     2.240000000     0.186122793     1.866016185     0.036785697
     2.250000000     0.182222127     1.894493879     0.037847367
     2.260000000     0.183443993     1.920804795     0.039063346
     2.270000000     0.188839340     1.944983180     0.040468453
     2.280000000     0.197497701     1.967591456     0.042083808
     2.290000000     0.208616191     1.989159632     0.043915879
     2.300000000     0.221554552     2.009719008     0.045957437
     2.310000000     0.235877830     2.028869732     0.048189684
     2.320000000     0.251389228     2.046372918     0.050584754
     2.330000000     0.268156357     2.062652431     0.053107933
     2.340000000     0.286533027     2.078567888     0.055719229
     2.350000000     0.307174774     2.094705697     0.058374291
     2.360000000     0.331039611     2.110943526     0.061024968
     2.370000000     0.359357594     2.126594171     0.063619933
     2.380000000     0.393547228     2.140931983     0.066105752
     2.390000000     0.435057955     2.153741589     0.068428573
     2.400000000     0.485129882     2.165510834     0.070536349
     2.410000000     0.544485117     2.176857194     0.072381288
     2.420000000     0.612995065     2.187282651     0.073922206
     2.430000000     0.689395046     2.194381895     0.075126554
     2.440000000     0.771129488     2.194198188     0.075972134
     2.450000000     0.854398158     2.182047701     0.076448678
     2.460000000     0.934434889     2.153466689     0.076559473
     2.470000000     1.005993905     2.105690238     0.076323027
     2.480000000     1.063962752     2.039546513     0.075774419
     2.490000000     1.103984560     1.960733506     0.074965695
     2.500000000     1.122969400     1.878522908     0.073964577
     2.510000000     1.119405939     1.801265288     0.072850943
     2.520000000     1.093438456     1.732479621     0.071710999
     2.530000000     1.046730585     1.671457922     0.070629658
     2.540000000     0.982177125     1.616798748     0.069682144
     2.550000000     0.903538730     1.568918532     0.068926123
     2.560000000     0.815063498     1.530099423     0.068395635
     2.570000000     0.721135678     1.502964120     0.068097770
     2.580000000     0.625968743     1.488881596     0.068012509
     2.590000000     0.533347310     1.487250012     0.068095593
     2.600000000     0.446421189     1.495862166     0.068283804
     2.610000000     0.367559995     1.511863614     0.068501769
     2.620000000     0.298280389     1.532557771     0.068669344
     2.630000000     0.239254928     1.555786563     0.068708750
     2.640000000     0.190401036     1.580012475     0.068550826
     2.650000000     0.151034711     1.604251801     0.068139983
     2.660000000     0.120061918     1.627945547     0.067437525
     2.670000000     0.096175555     1.650823107     0.066423101
     2.680000000     0.078028899     1.672791477     0.065094150
     2.690000000     0.064365791     1.693862725     0.063463371
     2.700000000     0.054100014     1.714118234     0.061554586
     2.710000000     0.046347565     1.733662551     0.059397712
     2.720000000     0.040423189     1.752541220     0.057023880
     2.730000000     0.035815614     1.770700990     0.054461780
     2.740000000     0.032154832     1.788045453     0.051736071
     2.750000000     0.029180920     1.804535257     0.048868178
     2.760000000     0.026719038     1.820249630     0.045879118
     2.770000000     0.024660830     1.835348589     0.042793402
     2.780000000     0.022949666     1.849978155     0.039642726
     2.790000000     0.021566313     1.864237841     0.036468219
     2.800000000     0.020512606     1.878209596     0.033320404
     2.810000000     0.019792882     1.891950113     0.030256694
     2.820000000     0.019395322     1.905453691     0.027336896
     2.830000000     0.019277099     1.918649437     0.024617739
     2.840000000     0.019357531     1.931418041     0.022147602
     2.850000000     0.019522098     1.943599741     0.019962519
     2.860000000     0.019637496     1.955023393     0.018084084
     2.870000000     0.019574703     1.965603450     0.016519365
     2.880000000     0.019234436     1.975481522     0.015262450
     2.890000000     0.018568326     1.985059429     0.014296953
     2.900000000     0.017590160     1.994800214     0.013598776
     2.910000000     0.016374217     2.004963688     0.013138581
     2.920000000     0.015041364     2.015541322     0.012883700
     2.930000000     0.013736667     2.026376953     0.012799490
     2.940000000     0.012604103     2.037296407     0.012850310
     2.950000000     0.011763849     2.048167356     0.013000337
     2.960000000     0.011296040     2.058908758     0.013214420
     2.970000000     0.011232608     2.069482709     0.013459029
     2.980000000     0.011556706     2.079881543     0.013703281
     2.990000000     0.012208020     2.090106376     0.013919952
     3.000000000     0.013092088     2.100140126     0.014086374
     3.010000000     0.014092208     2.109936214     0.014185108
     3.020000000     0.015083196     2.119435100     0.014204329
     3.030000000     0.015946549     2.128598797     0.014137887
     3.040000000     0.016586437     2.137446259     0.013985057
     3.050000000     0.016945383     2.146074894     0.013750046
     3.060000000     0.017017861     2.154655477     0.013441377
     3.070000000     0.016859594     2.163374881     0.013071275
     3.080000000     0.016590316     2.172359762     0.012655141
     3.090000000     0.016388021     2.181661985     0.012211106
     3.100000000     0.016473436     2.191303017     0.011759560
     3.110000000     0.017084432     2.201295713     0.011322475
     3.120000000     0.018441533     2.211615227     0.010922391
     3.130000000     0.020707635     2.222175273     0.010581027
     3.140000000     0.023947408     2.232832564     0.010317675
     3.150000000     0.028093998     2.243391176     0.010147642
     3.160000000     0.032931845     2.253592801     0.010081071
     3.170000000     0.038103491     2.263105300     0.010122378
     3.180000000     0.043144652     2.271528305     0.010270429
     3.190000000     0.047545764     2.278443388     0.010519442
     3.200000000     0.050831129     2.283591106     0.010860496
     3.210000000     0.052640769     2.287242233     0.011283510
     3.220000000     0.052797528     2.290439633     0.011779512
     3.230000000     0.051344144     2.294551323     0.012342930
     3.240000000     0.048541611     2.300450991     0.012973528
     3.250000000     0.044829355     2.308246571     0.013677495
     3.260000000     0.040756521     2.317607166     0.014467200
     3.270000000     0.036899471     2.328117917     0.015359321
     3.280000000     0.033781882     2.339415429     0.016371427
     3.290000000     0.031810932     2.351200724     0.017517572
     3.300000000     0.031237586     2.363232864     0.018803863
     3.310000000     0.032143014     2.375311649     0.020225097
     3.320000000     0.034448489     2.387235212     0.021763422
     3.330000000     0.037943351     2.398756837     0.023389491
     3.340000000     0.042324701     2.409595956     0.025065984
     3.350000000     0.047242619     2.419538042     0.026752837
     3.360000000     0.052345319     2.428582607     0.028413140
     3.370000000     0.057319362     2.436972539     0.030018674
     3.380000000     0.061920939     2.445005066     0.031554213
     3.390000000     0.065995442     2.452880068     0.033020073
     3.400000000     0.069484029     2.460787101     0.034432692
     3.410000000     0.072417585     2.468937328     0.035823301
     3.420000000     0.074899985     2.477400108     0.037234847
     3.430000000     0.077083690     2.486089217     0.038717482
     3.440000000     0.079141331     2.494975540     0.040323043
     3.450000000     0.081237187     2.504182227     0.042099077
     3.460000000     0.083502316     2.513825093     0.044083141
     3.470000000     0.086016600     2.523825558     0.046298111
     3.480000000     0.088800081     2.533898945     0.048749133
     3.490000000     0.091814519     2.543701129     0.051422606
     3.500000000     0.094974427     2.553016739     0.054287227
     3.510000000     0.098165190     2.561894555     0.057296858
     3.520000000     0.101264765     2.570617328     0.060394812
     3.530000000     0.104165146     2.579475005     0.063519151
     3.540000000     0.106790301     2.588556789     0.066608606
     3.550000000     0.109108218     2.597767407     0.069608816
     3.560000000     0.111135807     2.607008251     0.072478411
     3.570000000     0.112936306     2.616317481     0.075194297
     3.580000000     0.114609707     2.625878505     0.077755220
     3.590000000     0.116277641     2.635943977     0.080182655
     3.600000000     0.118065276     2.646689543     0.082518248
     3.610000000     0.120083806     2.658070044     0.084817726
     3.620000000     0.122417628     2.669827603     0.087142011
     3.630000000     0.125119655     2.681636522     0.089547220
     3.640000000     0.128216416     2.693260544     0.092075811
     3.650000000     0.131721881     2.704643894     0.094751124
     3.660000000     0.135656226     2.715906029     0.097576864
     3.670000000     0.140063963     2.727273747     0.100541786
     3.680000000     0.145025641     2.738974162     0.103628390
     3.690000000     0.150658729     2.751094484     0.106823178
     3.700000000     0.157105874     2.763529048     0.110125509
     3.710000000     0.164511697     2.776090149     0.113552428
     3.720000000     0.172991875     2.788645196     0.117137953
     3.730000000     0.182599959     2.801122830     0.120926895
     3.740000000     0.193298034     2.813396609     0.124964763
     3.750000000     0.204936830     2.825197550     0.129286375
     3.760000000     0.217249619     2.836178377     0.133905956
     3.770000000     0.229862309     2.846037755     0.138811011
     3.780000000     0.242320120     2.854560847     0.143961111
     3.790000000     0.254129344     2.861651185     0.149291457
     3.800000000     0.264811326     2.867479918     0.154719972
     3.810000000     0.273964538     2.872567415     0.160156024
     3.820000000     0.281329119     2.877502350     0.165508811
     3.830000000     0.286845887     2.882532441     0.170693781
     3.840000000     0.290698748     2.887565396     0.175636194
     3.850000000     0.293326831     2.892610379     0.180271715
     3.860000000     0.295392771     2.898171285     0.184544678
     3.870000000     0.297698642     2.905226610     0.188405211
     3.880000000     0.301052115     2.914794376     0.191806707
     3.890000000     0.306100709     2.927275917     0.194705029
     3.900000000     0.313167112     2.942006693     0.197060379
     3.910000000     0.322127078     2.957349274     0.198842008
     3.920000000     0.332368185     2.971140994     0.200034942
     3.930000000     0.342851117     2.981226019     0.200647074
     3.940000000     0.352268797     2.986112673     0.200714497
     3.950000000     0.359270921     2.985747736     0.200303072
     3.960000000     0.362702147     2.981984335     0.199505029
     3.970000000     0.361798710     2.978151582     0.198430610
     3.980000000     0.356302011     2.977620878     0.197196062
     3.990000000     0.346473431     2.982147088     0.195910309
     4.000000000     0.333022420     2.991258337     0.194662924
     4.010000000     0.316979608     3.003165985     0.193515681
     4.020000000     0.299552548     3.016364388     0.192499012
     4.030000000     0.281993939     3.030759914     0.191613501
     4.040000000     0.265496962     3.047530832     0.190835528
     4.050000000     0.251117538     3.067833520     0.190125531
     4.060000000     0.239715188     3.091709211     0.189437257
     4.070000000     0.231904532     3.118197051     0.188726672
     4.080000000     0.228015677     3.146048515     0.187959698
     4.090000000     0.228068997     3.174143966     0.187118399
     4.100000000     0.231773662     3.201574281     0.186205466
     4.110000000     0.238557836     3.227678314     0.185246874
     4.120000000     0.247632566     3.252104237     0.184292485
     4.130000000     0.258083755     3.274833875     0.183414306
     4.140000000     0.268979966     3.296089182     0.182702219
     4.150000000     0.279480110     3.316128246     0.182257369
     4.160000000     0.288924816     3.335144785     0.182183803
     4.170000000     0.296898119     3.353476292     0.182579427
     4.180000000     0.303251185     3.371889194     0.183527556
     4.190000000     0.308086194     3.391401688     0.185090263
     4.200000000     0.311705199     3.412703341     0.187304335
     4.210000000     0.314534594     3.435894618     0.190180064
     4.220000000     0.317039510     3.460700391     0.193702383
     4.230000000     0.319643166     3.486694332     0.197833366
     4.240000000     0.322663641     3.513419957     0.202514842
     4.250000000     0.326275707     3.540516113     0.207669989
     4.260000000     0.330499621     3.567810829     0.213203277
     4.270000000     0.335214030     3.595335676     0.218998772
     4.280000000     0.340187263     3.623260830     0.224917535
     4.290000000     0.345120527     3.651775612     0.230795305
     4.300000000     0.349697061     3.680922909     0.236441799
     4.310000000     0.353632046     3.710489025     0.241642804
     4.320000000     0.356718567     3.740208935     0.246165789
     4.330000000     0.358865028     3.770277210     0.249769306
     4.340000000     0.360119999     3.801590316     0.252216023
     4.350000000     0.360681942     3.835241365     0.253288821
     4.360000000     0.360893602     3.871739340     0.252809022
     4.370000000     0.361223396     3.910847577     0.250655313
     4.380000000     0.362237666     3.952079097     0.246781376
     4.390000000     0.364567709     3.995155629     0.241229724
     4.400000000     0.368873998     4.040133756     0.234138985
     4.410000000     0.375808004     4.087328657     0.225742239
     4.420000000     0.385970581     4.137032355     0.216354975
     4.430000000     0.399865782     4.189192643     0.206352863
     4.440000000     0.417850479     4.243311255     0.196141398
     4.450000000     0.440082850     4.298473373     0.186121202
     4.460000000     0.466476453     4.353617682     0.176653737
     4.470000000     0.496670459     4.408169915     0.168032303
     4.480000000     0.530029795     4.462397296     0.160462227
     4.490000000     0.565689562     4.516806155     0.154052531
     4.500000000     0.602653757     4.571149311     0.148819428
     4.510000000     0.639947173     4.624276361     0.144700158
     4.520000000     0.676802130     4.674944916     0.141574267
     4.530000000     0.712842618     4.722843263     0.139288568
     4.540000000     0.748215318     4.769373219     0.137681729
     4.550000000     0.783617904     4.817794890     0.136604717
     4.560000000     0.820195052     4.872044850     0.135934235
     4.570000000     0.859309103     4.934505105     0.135577698
     4.580000000     0.902235286     5.004745843     0.135470155
     4.590000000     0.949865003     5.080137039     0.135565405
     4.600000000     1.002510343     5.156899095     0.135824942
     4.610000000     1.059881124     5.231002701     0.136208682
     4.620000000     1.121256612     5.299517065     0.136670640
     4.630000000     1.185812934     5.361856914     0.137160813
     4.640000000     1.253015534     5.419985136     0.137632291
     4.650000000     1.322963202     5.478093328     0.138050808
     4.660000000     1.396585756     5.541744758     0.138403155
     4.670000000     1.475646904     5.615236039     0.138701523
     4.680000000     1.562569749     5.698647876     0.138982412
     4.690000000     1.660160384     5.788184542     0.139300741
     4.700000000     1.771332698     5.879783421     0.139721330
     4.710000000     1.898922641     5.971485777     0.140310450
     4.720000000     2.045626635     6.061794378     0.141129665
     4.730000000     2.214025983     6.147194945     0.142232839
     4.740000000     2.406596891     6.223636022     0.143665820
     4.750000000     2.625583778     6.290825306     0.145467255
     4.760000000     2.872649230     6.353456248     0.147668847
     4.770000000     3.148302638     6.416989235     0.150293974
     4.780000000     3.451222457     6.481585145     0.153354619
     4.790000000     3.777679353     6.539302416     0.156847669
     4.800000000     4.121295734     6.575468542     0.160752095
     4.810000000     4.473318753     6.572629147     0.165028398
     4.820000000     4.823450179     6.518147601     0.169620893
     4.830000000     5.161111619     6.412781184     0.174462346
     4.840000000     5.476887018     6.271309467     0.179479709
     4.850000000     5.763826286     6.114073516     0.184599442
     4.860000000     6.018332964     5.957872642     0.189751351
     4.870000000     6.240475823     5.810617938     0.194870734
     4.880000000     6.433712649     5.671006585     0.199899463
     4.890000000     6.604143278     5.534352533     0.204787035
     4.900000000     6.759484590     5.399359108     0.209492432
     4.910000000     6.907976627     5.269902290     0.213986849
     4.920000000     7.057402262     5.150880081     0.218256505
     4.930000000     7.214355696     5.042228295     0.222304148
     4.940000000     7.383842056     4.937667765     0.226147926
     4.950000000     7.569232677     4.828465085     0.229817024
     4.960000000     7.772532791     4.707338703     0.233344557
     4.970000000     7.994840820     4.569225335     0.236759268
     4.980000000     8.236807664     4.410313901     0.240078202
     4.990000000     8.498870788     4.229696804     0.243302421
     5.000000000     8.781072829     4.033359910     0.246417137
     5.010000000     9.082390481     3.832355561     0.249396445
     5.020000000     9.399676269     3.632771162     0.252211670
     5.030000000     9.726499942     3.427069275     0.254841336
     5.040000000    10.052297490     3.195518857     0.257280316
     5.050000000    10.362235205     2.915973603     0.259545865
     5.060000000    10.638053155     2.572870720     0.261678909
     5.070000000    10.859897813     2.161259194     0.263740107
     5.080000000    11.008863540     1.688865685     0.265801389
     5.090000000    11.069732045     1.175110979     0.267934698
     5.100000000    11.033306905     0.646380859     0.270200192
     5.110000000    10.897820228     0.132352373     0.272636058
     5.120000000    10.669115794    -0.338150961     0.275251501
     5.130000000    10.359614069    -0.745903982     0.278023576
     5.140000000     9.986345224    -1.087766974     0.280897781
     5.150000000     9.568515877    -1.373250669     0.283791813
     5.160000000     9.125113987    -1.615583864     0.286601797
     5.170000000     8.672964706    -1.824387235     0.289210358
     5.180000000     8.225478333    -2.002535730     0.291495991
     5.190000000     7.792144821    -2.148628915     0.293343098
     5.200000000     7.378680929    -2.263066211     0.294651845
     5.210000000     6.987650979    -2.352034748     0.295346741
     5.220000000     6.619356250    -2.425253805     0.295382920
     5.230000000     6.272800515    -2.489939117     0.294749310
     5.240000000     5.946569251    -2.547334952     0.293468450
     5.250000000     5.639497471    -2.594001874     0.291593185
     5.260000000     5.351046719    -2.625124634     0.289200846
     5.270000000     5.081369144    -2.636983535     0.286385685
     5.280000000     4.831102574    -2.628457573     0.283250328
     5.290000000     4.601000939    -2.602043997     0.279897029
     5.300000000     4.391539084    -2.563898637     0.276419627
     5.310000000     4.202624146    -2.522241285     0.272897197
     5.320000000     4.033495866    -2.484131343     0.269390365
     5.330000000     3.882822411    -2.452380413     0.265940949
     5.340000000     3.748925234    -2.425305993     0.262574910
     5.350000000     3.630025158    -2.399084093     0.259307813
     5.360000000     3.524407782    -2.369867252     0.256151269
     5.370000000     3.430454702    -2.335127149     0.253118549
     5.380000000     3.346555045    -2.295415137     0.250227765
     5.390000000     3.270968822    -2.255308818     0.247501783
     5.400000000     3.201735159    -2.221545902     0.244964991
     5.410000000     3.136696637    -2.199247921     0.242638048
     5.420000000     3.073657020    -2.188845260     0.240532342
     5.430000000     3.010627905    -2.185964969     0.238646006
     5.440000000     2.946076331    -2.184554105     0.236962931
     5.450000000     2.879077364    -2.180508000     0.235455369
     5.460000000     2.809305125    -2.173147207     0.234089674
     5.470000000     2.736851112    -2.163836550     0.232833790
     5.480000000     2.661919966    -2.153305277     0.231664539
     5.490000000     2.584499692    -2.140732904     0.230572769
     5.500000000     2.504120710    -2.125403980     0.229565015
     5.510000000     2.419799816    -2.108777763     0.228661391
     5.520000000     2.330214836    -2.094858353     0.227890547
     5.530000000     2.234086447    -2.088053656     0.227283461
     5.540000000     2.130674818    -2.088949047     0.226868108
     5.550000000     2.020252072    -2.091607194     0.226666766
     5.560000000     1.904404094    -2.086614407     0.226696712
     5.570000000     1.786052800    -2.066637073     0.226973947
     5.580000000     1.669163691    -2.028607908     0.227518456
     5.590000000     1.558191231    -1.973308007     0.228358961
     5.600000000     1.457388433    -1.904812610     0.229535125
     5.610000000     1.370143254    -1.829280626     0.231095817
     5.620000000     1.298492405    -1.752891217     0.233093035
     5.630000000     1.242908721    -1.680311372     0.235572123
     5.640000000     1.202380722    -1.614496770     0.238559674
     5.650000000     1.174727919    -1.556915087     0.242050916
     5.660000000     1.157044879    -1.507274995     0.245998280
     5.670000000     1.146153413    -1.463831733     0.250302640
     5.680000000     1.138964988    -1.424811004     0.254808348
     5.690000000     1.132703000    -1.389062197     0.259303035
     5.700000000     1.124988988    -1.355574154     0.263523043
     5.710000000     1.113840023    -1.323633766     0.267165268
     5.720000000     1.097643450    -1.293669232     0.269905816
     5.730000000     1.075165943    -1.267350758     0.271425063
     5.740000000     1.045622503    -1.246290279     0.271437424
     5.750000000     1.008791028    -1.229952354     0.269722677
     5.760000000     0.965125558    -1.214662310     0.266154463
     5.770000000     0.915808941    -1.195139799     0.260721105
     5.780000000     0.862697849    -1.167311271     0.253534561
     5.790000000     0.808144599    -1.129876220     0.244825062
     5.800000000     0.754718559    -1.084129957     0.234921585
     5.810000000     0.704880874    -1.032888344     0.224220984
     5.820000000     0.660679477    -0.978977131     0.213150778
     5.830000000     0.623524313    -0.924104984     0.202131563
     5.840000000     0.594080019    -0.868991183     0.191544703
     5.850000000     0.572284049    -0.814313214     0.181709362
     5.860000000     0.557471578    -0.761120079     0.172870691
     5.870000000     0.548570480    -0.710447362     0.165198661
     5.880000000     0.544322410    -0.663052178     0.158795258
     5.890000000     0.543488667    -0.619266658     0.153706851
     5.900000000     0.545009492    -0.578376677     0.149938572
     5.910000000     0.548099988    -0.538527003     0.147468187
     5.920000000     0.552281431    -0.498062957     0.146257867
     5.930000000     0.557360095    -0.456713926     0.146263049
     5.940000000     0.563373263    -0.415348919     0.147438107
     5.950000000     0.570522309    -0.375154048     0.149738781
     5.960000000     0.579106194    -0.336949589     0.153121521
     5.970000000     0.589459335    -0.300731552     0.157540082
     5.980000000     0.601890619    -0.265592142     0.162940135
     5.990000000     0.616619581    -0.230205039     0.169253006
     6.000000000     0.633712206    -0.193795527     0.176389976
     6.010000000     0.653029030    -0.156844804     0.184238507
     6.020000000     0.674206275    -0.120976744     0.192661402
     6.030000000     0.696690946    -0.088258132     0.201499314
     6.040000000     0.719840917    -0.060214353     0.210576369
     6.050000000     0.743083551    -0.036894734     0.219708176
     6.060000000     0.766107502    -0.016692731     0.228711299
     6.070000000     0.789048862     0.002694584     0.237413207
     6.080000000     0.812629343     0.023006639     0.245661878
     6.090000000     0.838210850     0.045026717     0.253334289
     6.100000000     0.867744293     0.068945417     0.260343008
     6.110000000     0.903605629     0.094655213     0.266640072
     6.120000000     0.948325310     0.121711415     0.272217258
     6.130000000     1.004227613     0.149179308     0.277102114
     6.140000000     1.073006207     0.175613876     0.281349591
     6.150000000     1.155274851     0.199040762     0.285029992
     6.160000000     1.250149102     0.216820645     0.288214847
     6.170000000     1.354933605     0.225822667     0.290963118
     6.180000000     1.465002498     0.222842883     0.293310401
     6.190000000     1.573957134     0.204608615     0.295263417
     6.200000000     1.674116252     0.167705963     0.296801072
     6.210000000     1.757336212     0.109383075     0.297882004
     6.220000000     1.816080828     0.028953492     0.298457140
     6.230000000     1.844580886    -0.070859780     0.298484746
     6.240000000     1.839868480    -0.182381408     0.297944975
     6.250000000     1.802464064    -0.292436428     0.296851056
     6.260000000     1.736545362    -0.385396654     0.295254923
     6.270000000     1.649528585    -0.449213118     0.293246158
     6.280000000     1.551117202    -0.480008136     0.290944345
     6.290000000     1.451985908    -0.481943661     0.288486189
     6.300000000     1.362335724    -0.463434222     0.286009823
     6.310000000     1.290564787    -0.433233324     0.283639358
     6.320000000     1.242253605    -0.398558973     0.281472802
     6.330000000     1.219585412    -0.364985085     0.279575811
     6.340000000     1.221238929    -0.336915487     0.277982453
     6.350000000     1.242723096    -0.318047331     0.276702514
     6.360000000     1.277078587    -0.311977901     0.275733226
     6.370000000     1.315844283    -0.322608575     0.275072161
     6.380000000     1.350168892    -0.353243787     0.274727698
     6.390000000     1.371933143    -0.404292064     0.274724090
     6.400000000     1.374739438    -0.471167372     0.275099594
     6.410000000     1.354633523    -0.544258946     0.275897940
     6.420000000     1.310455654    -0.611811272     0.277155193
     6.430000000     1.243778116    -0.664529235     0.278885292
     6.440000000     1.158460939    -0.698637956     0.281067932
     6.450000000     1.059928814    -0.715034004     0.283642003
     6.460000000     0.954318907    -0.716266466     0.286506602
     6.470000000     0.847658702    -0.704807210     0.289530022
     6.480000000     0.745204871    -0.683103844     0.292565502
     6.490000000     0.651020337    -0.653686986     0.295471099
     6.500000000     0.567805178    -0.618870636     0.298130110
     6.510000000     0.496945338    -0.580566663     0.300468114
     6.520000000     0.438711878    -0.540324522     0.302463019
     6.530000000     0.392535384    -0.499431089     0.304145560
     6.540000000     0.357290437    -0.458884801     0.305589443
     6.550000000     0.331545871    -0.419273645     0.306892549
     6.560000000     0.313759556    -0.380785532     0.308152949
     6.570000000     0.302415647    -0.343442879     0.309445143
     6.580000000     0.296114095    -0.307417542     0.310802446
     6.590000000     0.293626356    -0.273181705     0.312210216
     6.600000000     0.293929014    -0.241320568     0.313611964
     6.610000000     0.296221519    -0.212065704     0.314926750
     6.620000000     0.299928860    -0.184926475     0.316073038
     6.630000000     0.304687472    -0.158865283     0.316992276
     6.640000000     0.310314276    -0.132932720     0.317665689
     6.650000000     0.316763387    -0.106766097     0.318120062
     6.660000000     0.324080103    -0.080665722     0.318421762
     6.670000000     0.332364008    -0.055437192     0.318661706
     6.680000000     0.341750329    -0.031986616     0.318936149
     6.690000000     0.352411114    -0.010650922     0.319328543
     6.700000000     0.364567664     0.009071450     0.319896285
     6.710000000     0.378496983     0.027944161     0.320663885
     6.720000000     0.394511695     0.046339036     0.321621828
     6.730000000     0.412897519     0.064224589     0.322729171
     6.740000000     0.433805196     0.081436086     0.323917831
     6.750000000     0.457111967     0.097725783     0.325097416
     6.760000000     0.482286344     0.112683770     0.326160551
     6.770000000     0.508302217     0.125689591     0.326989345
     6.780000000     0.533648283     0.135723031     0.327463540
     6.790000000     0.556462609     0.141082439     0.327470068
     6.800000000     0.574791441     0.139613044     0.326912697
     6.810000000     0.586933245     0.129985309     0.325719811
     6.820000000     0.591795239     0.113588796     0.323848459
     6.830000000     0.589172996     0.095282170     0.321283800
     6.840000000     0.579872301     0.081437976     0.318034427
     6.850000000     0.565626737     0.076541226     0.314125394
     6.860000000     0.548815385     0.081487487     0.309591369
     6.870000000     0.532037276     0.094416444     0.304472082
     6.880000000     0.517637036     0.112362471     0.298811129
     6.890000000     0.507288319     0.132323384     0.292657878
     6.900000000     0.501725991     0.151642088     0.286071004
     6.910000000     0.500680431     0.168221013     0.279121811
     6.920000000     0.503019153     0.180795683     0.271895766
     6.930000000     0.507054729     0.188921596     0.264491657
     6.940000000     0.510943963     0.192473805     0.257018736
     6.950000000     0.513087592     0.191610575     0.249592905
     6.960000000     0.512444690     0.187961888     0.242333042
     6.970000000     0.508699214     0.185225551     0.235358032
     6.980000000     0.502252644     0.187277710     0.228784335
     6.990000000     0.494057856     0.195755569     0.222723345
     7.000000000     0.485345700     0.209786204     0.217277768
     7.010000000     0.477318050     0.227217047     0.212536743
     7.020000000     0.470883981     0.245653924     0.208570233
     7.030000000     0.466499060     0.263080774     0.205423888
     7.040000000     0.464137115     0.278436820     0.203115771
     7.050000000     0.463388519     0.291703626     0.201635801
     7.060000000     0.463648800     0.303238478     0.200947810
     7.070000000     0.464343433     0.313476012     0.200993107
     7.080000000     0.465131714     0.323395843     0.201693872
     7.090000000     0.466043028     0.334441940     0.202954923
     7.100000000     0.467517905     0.347630552     0.204663391
     7.110000000     0.470348680     0.363224238     0.206687113
     7.120000000     0.475535403     0.381228738     0.208873756
     7.130000000     0.484088761     0.401616018     0.211053018
     7.140000000     0.496821254     0.423930881     0.213043724
     7.150000000     0.514169959     0.446984647     0.214666141
     7.160000000     0.536088752     0.469058695     0.215758057
     7.170000000     0.562035497     0.488396298     0.216191615
     7.180000000     0.591061930     0.503685450     0.215887224
     7.190000000     0.621993544     0.514331698     0.214821376
     7.200000000     0.653667272     0.520433503     0.213026653
     7.210000000     0.685180245     0.522700978     0.210584173
     7.220000000     0.716096910     0.522546176     0.207610484
     7.230000000     0.746566328     0.521893583     0.204241907
     7.240000000     0.777316802     0.522375573     0.200619297
     7.250000000     0.809518921     0.524747901     0.196875299
     7.260000000     0.844536591     0.529131209     0.193124901
     7.270000000     0.883612882     0.535277021     0.189459013
     7.280000000     0.927557137     0.542257283     0.185940308
     7.290000000     0.976505826     0.548134873     0.182600738
     7.300000000     1.029818537     0.550107083     0.179440782
     7.310000000     1.086142707     0.544948749     0.176431096
     7.320000000     1.143641665     0.529881403     0.173517400
     7.330000000     1.200339985     0.504157317     0.170629020
     7.340000000     1.254509524     0.470016590     0.167690570
     7.350000000     1.305007933     0.431409815     0.164635212
     7.360000000     1.351492277     0.391797334     0.161417178
     7.370000000     1.394459512     0.353396774     0.158021178
     7.380000000     1.435103200     0.317476248     0.154466849
     7.390000000     1.475010855     0.283940013     0.150807529
     7.400000000     1.515751116     0.250658547     0.147123783
     7.410000000     1.558413458     0.214260892     0.143513104
     7.420000000     1.603169415     0.172472713     0.140077721
     7.430000000     1.648928077     0.125805336     0.136912571
     7.440000000     1.693160185     0.076153040     0.134095204
     7.450000000     1.731958191     0.023147475     0.131679018
     7.460000000     1.760374366    -0.037922839     0.129690674
     7.470000000     1.773029910    -0.114240473     0.128132003
     7.480000000     1.764920427    -0.210312159     0.126986023
     7.490000000     1.732276195    -0.322797755     0.126225933
     7.500000000     1.673295497    -0.439657319     0.125825237
     7.510000000     1.588577759    -0.545290886     0.125766660
     7.520000000     1.481145552    -0.628083871     0.126047506
     7.530000000     1.356044687    -0.684491958     0.126679744
     7.540000000     1.219617215    -0.717586665     0.127684235
     7.550000000     1.078618055    -0.732919442     0.129080006
     7.560000000     0.939368649    -0.735263115     0.130870811
     7.570000000     0.807107931    -0.727641624     0.133032074
     7.580000000     0.685629176    -0.712056467     0.135501383
     7.590000000     0.577209027    -0.690334746     0.138175022
     7.600000000     0.482768734    -0.664237116     0.140911742
     7.610000000     0.402172970    -0.635196369     0.143543441
     7.620000000     0.334570252    -0.604236107     0.145891063
     7.630000000     0.278701640    -0.572084430     0.147783002
     7.640000000     0.233137321    -0.539320711     0.149072970
     7.650000000     0.196431502    -0.506498684     0.149654527
     7.660000000     0.167207393    -0.474166072     0.149470273
     7.670000000     0.144194035    -0.442799850     0.148514888
     7.680000000     0.126237228    -0.412764986     0.146832376
     7.690000000     0.112301467    -0.384314567     0.144508872
     7.700000000     0.101472322    -0.357590594     0.141662816
     7.710000000     0.092961800    -0.332608318     0.138434198
     7.720000000     0.086114530    -0.309228348     0.134974043
     7.730000000     0.080410630    -0.287159113     0.131434599
     7.740000000     0.075461615    -0.266053299     0.127960183
     7.750000000     0.070997802    -0.245667176     0.124678493
     7.760000000     0.066848334    -0.225944811     0.121692500
     7.770000000     0.062917085    -0.206929574     0.119073469
     7.780000000     0.059158649    -0.188612321     0.116856003
     7.790000000     0.055558204    -0.170920297     0.115036070
     7.800000000     0.052117465    -0.153821761     0.113572575
     7.810000000     0.048846988    -0.137336592     0.112392555
     7.820000000     0.045763360    -0.121427617     0.111399459
     7.830000000     0.042888870    -0.105956920     0.110483668
     7.840000000     0.040251297    -0.090783065     0.109534215
     7.850000000     0.037882234    -0.075857917     0.108450611
     7.860000000     0.035813562    -0.061210681     0.107153641
     7.870000000     0.034072655    -0.046884101     0.105593852
     7.880000000     0.032677512    -0.032914080     0.103756432
     7.890000000     0.031632925    -0.019345491     0.101661331
     7.900000000     0.030928360    -0.006222780     0.099358038
     7.910000000     0.030537590     0.006454137     0.096915387
     7.920000000     0.030419653     0.018736629     0.094407912
     7.930000000     0.030520539     0.030661636     0.091901277
     7.940000000     0.030775183     0.042198856     0.089439829
     7.950000000     0.031109699     0.053292483     0.087039061
     7.960000000     0.031444152     0.063940531     0.084684704
     7.970000000     0.031696315     0.074194021     0.082338593
     7.980000000     0.031786747     0.084091137     0.079949737
     7.990000000     0.031645144     0.093643525     0.077467715
     8.000000000     0.031217364     0.102875202     0.074855074
     8.010000000     0.030472040     0.111840229     0.072095834
     8.020000000     0.029405371     0.120622965     0.069198447
     8.030000000     0.028042826     0.129340716     0.066193135
     8.040000000     0.026436937     0.138125439     0.063124984
     8.050000000     0.024661200     0.147075787     0.060045034
     8.060000000     0.022800993     0.156218747     0.057001759
     8.070000000     0.020943122     0.165514379     0.054034843
     8.080000000     0.019165921     0.174890916     0.051172190
     8.090000000     0.017531582     0.184279156     0.048430166
     8.100000000     0.016081795     0.193636325     0.045816223
     8.110000000     0.014836903     0.202954116     0.043332640
     8.120000000     0.013797990     0.212236908     0.040980074
     8.130000000     0.012950861     0.221474685     0.038759889
     8.140000000     0.012270710     0.230648862     0.036674766
     8.150000000     0.011726503     0.239755708     0.034727661
     8.160000000     0.011284534     0.248811314     0.032919682
     8.170000000     0.010911038     0.257835733     0.031247786
     8.180000000     0.010574078     0.266841453     0.029703174
     8.190000000     0.010245054     0.275830648     0.028271043
     8.200000000     0.009900099     0.284797141     0.026931900
     8.210000000     0.009521446     0.293744177     0.025664130
     8.220000000     0.009098593     0.302704835     0.024447099
     8.230000000     0.008628952     0.311737034     0.023263946
     8.240000000     0.008117682     0.320897252     0.022103294
     8.250000000     0.007576518     0.330219527     0.020959472
     8.260000000     0.007021689     0.339716251     0.019831311
     8.270000000     0.006471224     0.349392861     0.018719966
     8.280000000     0.005942146     0.359258846     0.017626505
     8.290000000     0.005448046     0.369328327     0.016549993
     8.300000000     0.004997448     0.379614043     0.015486618
     8.310000000     0.004593178     0.390126183     0.014430077
     8.320000000     0.004232728     0.400881186     0.013373073
     8.330000000     0.003909456     0.411908858     0.012309473
     8.340000000     0.003614318     0.423248317     0.011236557
     8.350000000     0.003337843     0.434940849     0.010156759
     8.360000000     0.003072063     0.447028854     0.009078432
     8.370000000     0.002812334     0.459560548     0.008015428
     8.380000000     0.002559219     0.472598882     0.006985522
     8.390000000     0.002321171     0.486225721     0.006007979
     8.400000000     0.002119533     0.500530520     0.005100776
     8.410000000     0.001998573     0.515595814     0.004278077
     8.420000000     0.002044852     0.531498052     0.003548479
     8.430000000     0.002421933     0.548320164     0.002914387
     8.440000000     0.003427792     0.566164022     0.002372545
     8.450000000     0.005581943     0.585156795     0.001915498
     8.460000000     0.009745569     0.605447270     0.001533509
     8.470000000     0.017268633     0.627193668     0.001216435
     8.480000000     0.030141629     0.650551666     0.000955145
     8.490000000     0.051107133     0.675663554     0.000742264
     8.500000000     0.083662660     0.702637673     0.000572258
     8.510000000     0.131871478     0.731504447     0.000441039
     8.520000000     0.199905791     0.762131947     0.000345334
     8.530000000     0.291289775     0.794071801     0.000282027
     8.540000000     0.407892519     0.826283983     0.000247638
     8.550000000     0.548830655     0.856656654     0.000237978
     8.560000000     0.709545568     0.881206299     0.000248022
     8.570000000     0.881374875     0.892874373     0.000271958
     8.580000000     1.051899514     0.880133439     0.000303445
     8.590000000     1.206197754     0.826637412     0.000336035
     8.600000000     1.328899713     0.715189840     0.000363738
     8.610000000     1.406678079     0.539923927     0.000381635
     8.620000000     1.430624803     0.321969424     0.000386422
     8.630000000     1.397929113     0.107974363     0.000376762
     8.640000000     1.312420010    -0.058043049     0.000353329
     8.650000000     1.183828510    -0.159790047     0.000318537
     8.660000000     1.025966039    -0.206017011     0.000275986
     8.670000000     0.854290164    -0.214358806     0.000229774
     8.680000000     0.683448905    -0.200508516     0.000183811
     8.690000000     0.525333288    -0.175221583     0.000141282
     8.700000000     0.387964521    -0.144983889     0.000104336
     8.710000000     0.275281689    -0.113418706     0.000074032
     8.720000000     0.187668273    -0.082427999     0.000050470
     8.730000000     0.122922847    -0.052934373     0.000033058
     8.740000000     0.077357528    -0.025321974     0.000020804
     8.750000000     0.046773598     0.000312209     0.000012579
     8.760000000     0.027172350     0.024018115     0.000007307
     8.770000000     0.015166377     0.045915458     0.000004079
     8.780000000     0.008133261     0.066151897     0.000002187
     8.790000000     0.004190596     0.084880872     0.000001127
     8.800000000     0.002074508     0.102250345     0.000000558
     8.810000000     0.000986694     0.118397549     0.000000265
     8.820000000     0.000450898     0.133447001     0.000000121
     8.830000000     0.000197971     0.147510243     0.000000053
     8.840000000     0.000083513     0.160686461     0.000000022
     8.850000000     0.000033848     0.173063499     0.000000009
     8.860000000     0.000013181     0.184719013     0.000000004
     8.870000000     0.000004932     0.195721623     0.000000001
     8.880000000     0.000001773     0.206131994     0.000000000
     8.890000000     0.000000612     0.216003826     0.000000000
     8.900000000     0.000000203     0.225384729     0.000000000
     8.910000000     0.000000065     0.234316995     0.000000000
     8.920000000     0.000000020     0.242838271     0.000000000
     8.930000000     0.000000006     0.250982144     0.000000000
     8.940000000     0.000000002     0.258778647     0.000000000
     8.950000000     0.000000000     0.266254701     0.000000000
     8.960000000     0.000000000     0.273434487     0.000000000
     8.970000000     0.000000000     0.280339782     0.000000000
     8.980000000     0.000000000     0.286990237     0.000000000
     8.990000000     0.000000000     0.293403628     0.000000000
     9.000000000     0.000000000     0.299596067     0.000000000
     9.010000000     0.000000000     0.305582193     0.000000000
     9.020000000     0.000000000     0.311375330     0.000000000
     9.030000000     0.000000000     0.316987630     0.000000000
     9.040000000     0.000000000     0.322430202     0.000000000
     9.050000000     0.000000000     0.327713216     0.000000000
     9.060000000     0.000000000     0.332846003     0.000000000
     9.070000000     0.000000000     0.337837137     0.000000000
     9.080000000     0.000000000     0.342694512     0.000000000
     9.090000000     0.000000000     0.347425407     0.000000000
     9.100000000     0.000000000     0.352036545     0.000000000
     9.110000000     0.000000000     0.356534147     0.000000000
     9.120000000     0.000000000     0.360923975     0.000000000
     9.130000000     0.000000000     0.365211378     0.000000000
     9.140000000     0.000000000     0.369401325     0.000000000
     9.150000000     0.000000000     0.373498441     0.000000000
     9.160000000     0.000000000     0.377507033     0.000000000
     9.170000000     0.000000000     0.381431124     0.000000000
     9.180000000     0.000000000     0.385274470     0.000000000
     9.190000000     0.000000000     0.389040584     0.000000000
     9.200000000     0.000000000     0.392732757     0.000000000
     9.210000000     0.000000000     0.396354075     0.000000000
     9.220000000     0.000000000     0.399907434     0.000000000
     9.230000000     0.000000000     0.403395557     0.000000000
     9.240000000     0.000000000     0.406821005     0.000000000
     9.250000000     0.000000000     0.410186190     0.000000000
     9.260000000     0.000000000     0.413493385     0.000000000
     9.270000000     0.000000000     0.416744736     0.000000000
     9.280000000     0.000000000     0.419942270     0.000000000
     9.290000000     0.000000000     0.423087904     0.000000000
     9.300000000     0.000000000     0.426183451     0.000000000
     9.310000000     0.000000000     0.429230629     0.000000000
     9.320000000     0.000000000     0.432231068     0.000000000
     9.330000000     0.000000000     0.435186312     0.000000000
     9.340000000     0.000000000     0.438097830     0.000000000
     9.350000000     0.000000000     0.440967017     0.000000000
     9.360000000     0.000000000     0.443795200     0.000000000
     9.370000000     0.000000000     0.446583642     0.000000000
     9.380000000     0.000000000     0.449333549     0.000000000
     9.390000000     0.000000000     0.452046067     0.000000000
     9.400000000     0.000000000     0.454722292     0.000000000
     9.410000000     0.000000000     0.457363270     0.000000000
     9.420000000     0.000000000     0.459970001     0.000000000
     9.430000000     0.000000000     0.462543441     0.000000000
     9.440000000     0.000000000     0.465084506     0.000000000
     9.450000000     0.000000000     0.467594072     0.000000000
     9.460000000     0.000000000     0.470072979     0.000000000
     9.470000000     0.000000000     0.472522034     0.000000000
     9.480000000     0.000000000     0.474942010     0.000000000
     9.490000000     0.000000001     0.477333651     0.000000001
     9.500000000     0.000000002     0.479697673     0.000000004
     9.510000000     0.000000005     0.482034764     0.000000009
     9.520000000     0.000000013     0.484345587     0.000000023
     9.530000000     0.000000032     0.486630781     0.000000053
     9.540000000     0.000000073     0.488890965     0.000000121
     9.550000000     0.000000159     0.491126735     0.000000266
     9.560000000     0.000000335     0.493338668     0.000000559
     9.570000000     0.000000677     0.495527323     0.000001129
     9.580000000     0.000001313     0.497693241     0.000002191
     9.590000000     0.000002448     0.499836947     0.000004085
     9.600000000     0.000004386     0.501958950     0.000007317
     9.610000000     0.000007549     0.504059739     0.000012595
     9.620000000     0.000012483     0.506139784     0.000020828
     9.630000000     0.000019834     0.508199529     0.000033093
     9.640000000     0.000030278     0.510239378     0.000050519
     9.650000000     0.000044410     0.512259676     0.000074096
     9.660000000     0.000062582     0.514260668     0.000104417
     9.670000000     0.000084733     0.516242426     0.000141374
     9.680000000     0.000110225     0.518204736     0.000183907
     9.690000000     0.000137765     0.520146907     0.000229856
     9.700000000     0.000165433     0.522067549     0.000276021
     9.710000000     0.000190870     0.523964467     0.000318460
     9.720000000     0.000211582     0.525835143     0.000353018
     9.730000000     0.000225345     0.527678490     0.000375982
     9.740000000     0.000230594     0.529497451     0.000384738
     9.750000000     0.000226712     0.531299425     0.000378261
     9.760000000     0.000214155     0.533092214     0.000357311
     9.770000000     0.000194362     0.534879492     0.000324287
     9.780000000     0.000169482     0.536660576     0.000282775
     9.790000000     0.000141991     0.538432958     0.000236908
     9.800000000     0.000114296     0.540194261     0.000190699
     9.810000000     0.000088395     0.541942879     0.000147484
     9.820000000     0.000065682     0.543677920     0.000109589
     9.830000000     0.000046892     0.545398977     0.000078238
     9.840000000     0.000032165     0.547105942     0.000053666
     9.850000000     0.000021198     0.548798871     0.000035368
     9.860000000     0.000013422     0.550477910     0.000022395
     9.870000000     0.000008166     0.552143252     0.000013624
     9.880000000     0.000004773     0.553795108     0.000007964
     9.890000000     0.000002680     0.555433699     0.000004472
     9.900000000     0.000001446     0.557059245     0.000002413
     9.910000000     0.000000750     0.558671964     0.000001251
     9.920000000     0.000000373     0.560272065     0.000000623
     9.930000000     0.000000179     0.561859754     0.000000298
     9.940000000     0.000000082     0.563435231     0.000000137
     9.950000000     0.000000036     0.564998687     0.000000061
     9.960000000     0.000000015     0.566550309     0.000000026
     9.970000000     0.000000006     0.568090277     0.000000010
     9.980000000     0.000000002     0.569618766     0.000000004
     9.990000000     0.000000001     0.571135945     0.000000002
    10.000000000     0.000000000     0.572641980     0.000000001
    10.010000000     0.000000000     0.574137031     0.000000000
    10.020000000     0.000000000     0.575621253     0.000000000
    10.030000000     0.000000000     0.577094798     0.000000000
    10.040000000     0.000000000     0.578557813     0.000000000
    10.050000000     0.000000000     0.580010444     0.000000000
    10.060000000     0.000000000     0.581452829     0.000000000
    10.070000000     0.000000000     0.582885107     0.000000000
    10.080000000     0.000000000     0.584307410     0.000000000
    10.090000000     0.000000000     0.585719869     0.000000000
    10.100000000     0.000000000     0.587122613     0.000000000
    10.110000000     0.000000000     0.588515765     0.000000000
    10.120000000     0.000000000     0.589899448     0.000000000
    10.130000000     0.000000000     0.591273781     0.000000000
    10.140000000     0.000000000     0.592638882     0.000000000
    10.150000000     0.000000000     0.593994863     0.000000000
    10.160000000     0.000000000     0.595341837     0.000000000
    10.170000000     0.000000000     0.596679914     0.000000000
    10.180000000     0.000000000     0.598009202     0.000000000
    10.190000000     0.000000000     0.599329804     0.000000000
    10.200000000     0.000000000     0.600641826     0.000000000
    10.210000000     0.000000000     0.601945366     0.000000000
    10.220000000     0.000000000     0.603240526     0.000000000
    10.230000000     0.000000000     0.604527401     0.000000000
    10.240000000     0.000000000     0.605806088     0.000000000
    10.250000000     0.000000000     0.607076680     0.000000000
    10.260000000     0.000000000     0.608339268     0.000000000
    10.270000000     0.000000000     0.609593943     0.000000000
    10.280000000     0.000000000     0.610840793     0.000000000
    10.290000000     0.000000000     0.612079906     0.000000000
    10.300000000     0.000000000     0.613311366     0.000000000
    10.310000000     0.000000000     0.614535257     0.000000000
    10.320000000     0.000000000     0.615751662     0.000000000
    10.330000000     0.000000000     0.616960661     0.000000000
    10.340000000     0.000000000     0.618162334     0.000000000
    10.350000000     0.000000000     0.619356759     0.000000000
    10.360000000     0.000000000     0.620544012     0.000000000
    10.370000000     0.000000000     0.621724170     0.000000000
    10.380000000     0.000000000     0.622897305     0.000000000
    10.390000000     0.000000000     0.624063492     0.000000000
    10.400000000     0.000000000     0.625222802     0.000000000
    10.410000000     0.000000000     0.626375305     0.000000000
    10.420000000     0.000000000     0.627521070     0.000000000
    10.430000000     0.000000000     0.628660167     0.000000000
    10.440000000     0.000000000     0.629792662     0.000000000
    10.450000000     0.000000000     0.630918621     0.000000000
    10.460000000     0.000000000     0.632038109     0.000000000
    10.470000000     0.000000000     0.633151191     0.000000000
    10.480000000     0.000000000     0.634257928     0.000000000
    10.490000000     0.000000000     0.635358385     0.000000000
    10.500000000     0.000000000     0.636452620     0.000000000
    10.510000000     0.000000000     0.637540695     0.000000000
    10.520000000     0.000000000     0.638622668     0.000000000
    10.530000000     0.000000000     0.639698599     0.000000000
    10.540000000     0.000000000     0.640768544     0.000000000
    10.550000000     0.000000000     0.641832560     0.000000000
    10.560000000     0.000000000     0.642890703     0.000000000
    10.570000000     0.000000000     0.643943028     0.000000000
    10.580000000     0.000000000     0.644989588     0.000000000
    10.590000000     0.000000000     0.646030438     0.000000000
    10.600000000     0.000000000     0.647065630     0.000000000
    10.610000000     0.000000000     0.648095215     0.000000000
    10.620000000     0.000000000     0.649119245     0.000000000
    10.630000000     0.000000000     0.650137770     0.000000000
    10.640000000     0.000000000     0.651150839     0.000000000
    10.650000000     0.000000000     0.652158502     0.000000000
    10.660000000     0.000000000     0.653160807     0.000000000
    10.670000000     0.000000000     0.654157802     0.000000000
    10.680000000     0.000000000     0.655149532     0.000000000
    10.690000000     0.000000000     0.656136046     0.000000000
    10.700000000     0.000000000     0.657117388     0.000000000
    10.710000000     0.000000000     0.658093603     0.000000000
    10.720000000     0.000000000     0.659064737     0.000000000
    10.730000000     0.000000000     0.660030832     0.000000000
    10.740000000     0.000000000     0.660991932     0.000000000
    10.750000000     0.000000000     0.661948079     0.000000000
    10.760000000     0.000000000     0.662899317     0.000000000
    10.770000000     0.000000000     0.663845686     0.000000000
    10.780000000     0.000000000     0.664787228     0.000000000
    10.790000000     0.000000000     0.665723982     0.000000000
    10.800000000     0.000000000     0.666655990     0.000000000
    10.810000000     0.000000000     0.667583290     0.000000000
    10.820000000     0.000000000     0.668505922     0.000000000
    10.830000000     0.000000000     0.669423924     0.000000000
    10.840000000     0.000000000     0.670337333     0.000000000
    10.850000000     0.000000000     0.671246189     0.000000000
    10.860000000     0.000000000     0.672150527     0.000000000
    10.870000000     0.000000000     0.673050384     0.000000000
    10.880000000     0.000000000     0.673945796     0.000000000
    10.890000000     0.000000000     0.674836800     0.000000000
    10.900000000     0.000000000     0.675723430     0.000000000
    10.910000000     0.000000000     0.676605721     0.000000000
    10.920000000     0.000000000     0.677483708     0.000000000
    10.930000000     0.000000000     0.678357424     0.000000000
    10.940000000     0.000000000     0.679226904     0.000000000
    10.950000000     0.000000000     0.680092180     0.000000000
    10.960000000     0.000000000     0.680953286     0.000000000
    10.970000000     0.000000000     0.681810253     0.000000000
    10.980000000     0.000000000     0.682663114     0.000000000
    10.990000000     0.000000000     0.683511901     0.000000000
    11.000000000     0.000000000     0.684356644     0.000000000
