 # Column 1: omega
 # Column 2: eps2(omega)
 # Column 3: eps1(omega)
 # Column 4: JDOS(omega)
     0.000000000     0.000000000     3.939526126     0.000000000
     0.010000000     0.000000000     3.939538325     0.000000000
     0.020000000     0.000000000     3.939574920     0.000000000
     0.030000000     0.000000000     3.939635916     0.000000000
     0.040000000     0.000000000     3.939721315     0.000000000
     0.050000000     0.000000000     3.939831125     0.000000000
     0.060000000     0.000000000     3.939965352     0.000000000
     0.070000000     0.000000000     3.940124007     0.000000000
     0.080000000     0.000000000     3.940307099     0.000000000
     0.090000000     0.000000000     3.940514643     0.000000000
     0.100000000     0.000000000     3.940746651     0.000000000
     0.110000000     0.000000000     3.941003141     0.000000000
     0.120000000     0.000000000     3.941284131     0.000000000
     0.130000000     0.000000000     3.941589639     0.000000000
     0.140000000     0.000000000     3.941919688     0.000000000
     0.150000000     0.000000000     3.942274300     0.000000000
     0.160000000     0.000000000     3.942653501     0.000000000
     0.170000000     0.000000000     3.943057317     0.000000000
     0.180000000     0.000000000     3.943485776     0.000000000
     0.190000000     0.000000000     3.943938908     0.000000000
     0.200000000     0.000000000     3.944416746     0.000000000
     0.210000000     0.000000000     3.944919323     0.000000000
     0.220000000     0.000000000     3.945446675     0.000000000
     0.230000000     0.000000000     3.945998840     0.000000000
     0.240000000     0.000000000     3.946575855     0.000000000
     0.250000000     0.000000000     3.947177763     0.000000000
     0.260000000     0.000000000     3.947804607     0.000000000
     0.270000000     0.000000000     3.948456431     0.000000000
     0.280000000     0.000000000     3.949133281     0.000000000
     0.290000000     0.000000000     3.949835208     0.000000000
     0.300000000     0.000000000     3.950562261     0.000000000
     0.310000000     0.000000000     3.951314492     0.000000000
     0.320000000     0.000000000     3.952091957     0.000000000
     0.330000000     0.000000000     3.952894711     0.000000000
     0.340000000     0.000000000     3.953722814     0.000000000
     0.350000000     0.000000000     3.954576325     0.000000000
     0.360000000     0.000000000     3.955455307     0.000000000
     0.370000000     0.000000000     3.956359826     0.000000000
     0.380000000     0.000000000     3.957289947     0.000000000
     0.390000000     0.000000000     3.958245740     0.000000000
     0.400000000     0.000000000     3.959227276     0.000000000
     0.410000000     0.000000000     3.960234627     0.000000000
     0.420000000     0.000000000     3.961267870     0.000000000
     0.430000000     0.000000000     3.962327083     0.000000000
     0.440000000     0.000000000     3.963412344     0.000000000
     0.450000000     0.000000000     3.964523737     0.000000000
     0.460000000     0.000000000     3.965661345     0.000000000
     0.470000000     0.000000000     3.966825258     0.000000000
     0.480000000     0.000000000     3.968015562     0.000000000
     0.490000000     0.000000000     3.969232351     0.000000000
     0.500000000     0.000000000     3.970475719     0.000000000
     0.510000000     0.000000000     3.971745764     0.000000000
     0.520000000     0.000000000     3.973042583     0.000000000
     0.530000000     0.000000000     3.974366280     0.000000000
     0.540000000     0.000000000     3.975716960     0.000000000
     0.550000000     0.000000000     3.977094730     0.000000000
     0.560000000     0.000000000     3.978499700     0.000000000
     0.570000000     0.000000000     3.979931984     0.000000000
     0.580000000     0.000000000     3.981391698     0.000000000
     0.590000000     0.000000000     3.982878960     0.000000000
     0.600000000     0.000000000     3.984393893     0.000000000
     0.610000000     0.000000000     3.985936622     0.000000000
     0.620000000     0.000000000     3.987507275     0.000000000
     0.630000000     0.000000000     3.989105984     0.000000000
     0.640000000     0.000000000     3.990732883     0.000000000
     0.650000000     0.000000000     3.992388111     0.000000000
     0.660000000     0.000000000     3.994071808     0.000000000
     0.670000000     0.000000000     3.995784119     0.000000000
     0.680000000     0.000000000     3.997525194     0.000000000
     0.690000000     0.000000000     3.999295184     0.000000000
     0.700000000     0.000000000     4.001094246     0.000000000
     0.710000000     0.000000000     4.002922538     0.000000000
     0.720000000     0.000000000     4.004780225     0.000000000
     0.730000000     0.000000000     4.006667475     0.000000000
     0.740000000     0.000000000     4.008584460     0.000000000
     0.750000000     0.000000000     4.010531355     0.000000000
     0.760000000     0.000000000     4.012508341     0.000000000
     0.770000000     0.000000000     4.014515604     0.000000000
     0.780000000     0.000000000     4.016553332     0.000000000
     0.790000000     0.000000000     4.018621722     0.000000000
     0.800000000     0.000000000     4.020720970     0.000000000
     0.810000000     0.000000000     4.022851283     0.000000000
     0.820000000     0.000000000     4.025012870     0.000000000
     0.830000000     0.000000000     4.027205945     0.000000000
     0.840000000     0.000000000     4.029430730     0.000000000
     0.850000000     0.000000000     4.031687449     0.000000000
     0.860000000     0.000000000     4.033976336     0.000000000
     0.870000000     0.000000000     4.036297628     0.000000000
     0.880000000     0.000000000     4.038651569     0.000000000
     0.890000000     0.000000000     4.041038411     0.000000000
     0.900000000     0.000000000     4.043458410     0.000000000
     0.910000000     0.000000000     4.045911832     0.000000000
     0.920000000     0.000000000     4.048398948     0.000000000
     0.930000000     0.000000000     4.050920036     0.000000000
     0.940000000     0.000000000     4.053475385     0.000000000
     0.950000000     0.000000000     4.056065287     0.000000000
     0.960000000     0.000000000     4.058690047     0.000000000
     0.970000000     0.000000000     4.061349976     0.000000000
     0.980000000     0.000000000     4.064045394     0.000000000
     0.990000000     0.000000000     4.066776632     0.000000000
     1.000000000     0.000000000     4.069544029     0.000000000
     1.010000000     0.000000000     4.072347935     0.000000000
     1.020000000     0.000000000     4.075188709     0.000000000
     1.030000000     0.000000000     4.078066724     0.000000000
     1.040000000     0.000000000     4.080982360     0.000000000
     1.050000000     0.000000000     4.083936013     0.000000000
     1.060000000     0.000000000     4.086928090     0.000000000
     1.070000000     0.000000000     4.089959010     0.000000000
     1.080000000     0.000000000     4.093029206     0.000000000
     1.090000000     0.000000000     4.096139127     0.000000000
     1.100000000     0.000000000     4.099289234     0.000000000
     1.110000000     0.000000000     4.102480006     0.000000000
     1.120000000     0.000000000     4.105711937     0.000000000
     1.130000000     0.000000000     4.108985539     0.000000000
     1.140000000     0.000000000     4.112301342     0.000000000
     1.150000000     0.000000000     4.115659895     0.000000000
     1.160000000     0.000000000     4.119061765     0.000000000
     1.170000000     0.000000000     4.122507543     0.000000000
     1.180000000     0.000000000     4.125997841     0.000000000
     1.190000000     0.000000000     4.129533294     0.000000000
     1.200000000     0.000000000     4.133114563     0.000000000
     1.210000000     0.000000000     4.136742333     0.000000000
     1.220000000     0.000000000     4.140417319     0.000000000
     1.230000000     0.000000000     4.144140263     0.000000000
     1.240000000     0.000000000     4.147911941     0.000000000
     1.250000000     0.000000000     4.151733158     0.000000000
     1.260000000     0.000000000     4.155604758     0.000000000
     1.270000000     0.000000000     4.159527619     0.000000000
     1.280000000     0.000000000     4.163502662     0.000000000
     1.290000000     0.000000000     4.167530846     0.000000000
     1.300000000     0.000000000     4.171613179     0.000000000
     1.310000000     0.000000000     4.175750714     0.000000000
     1.320000000     0.000000000     4.179944558     0.000000000
     1.330000000     0.000000000     4.184195872     0.000000000
     1.340000000     0.000000000     4.188505875     0.000000000
     1.350000000     0.000000000     4.192875852     0.000000000
     1.360000000     0.000000000     4.197307154     0.000000000
     1.370000000     0.000000000     4.201801206     0.000000000
     1.380000000     0.000000000     4.206359512     0.000000000
     1.390000000     0.000000000     4.210983662     0.000000000
     1.400000000     0.000000000     4.215675338     0.000000000
     1.410000000     0.000000000     4.220436321     0.000000000
     1.420000000     0.000000001     4.225268503     0.000000001
     1.430000000     0.000000001     4.230173891     0.000000002
     1.440000000     0.000000004     4.235154622     0.000000005
     1.450000000     0.000000009     4.240212971     0.000000012
     1.460000000     0.000000023     4.245351368     0.000000029
     1.470000000     0.000000054     4.250572407     0.000000069
     1.480000000     0.000000122     4.255878867     0.000000157
     1.490000000     0.000000263     4.261273725     0.000000343
     1.500000000     0.000000548     4.266760182     0.000000720
     1.510000000     0.000001095     4.272341678     0.000001452
     1.520000000     0.000002104     4.278021921     0.000002819
     1.530000000     0.000003884     4.283804916     0.000005265
     1.540000000     0.000006889     4.289694992     0.000009463
     1.550000000     0.000011741     4.295696835     0.000016370
     1.560000000     0.000019226     4.301815526     0.000027263
     1.570000000     0.000030251     4.308056574     0.000043719
     1.580000000     0.000045737     4.314425952     0.000067522
     1.590000000     0.000066446     4.320930119     0.000100465
     1.600000000     0.000092761     4.327576028     0.000144039
     1.610000000     0.000124447     4.334371092     0.000199044
     1.620000000     0.000160457     4.341323092     0.000265175
     1.630000000     0.000198876     4.348440013     0.000340678
     1.640000000     0.000237044     4.355729855     0.000422178
     1.650000000     0.000271950     4.363200759     0.000504781
     1.660000000     0.000300901     4.370862173     0.000582495
     1.670000000     0.000322493     4.378727884     0.000648953
     1.680000000     0.000337959     4.386819482     0.000698345
     1.690000000     0.000353040     4.395165614     0.000726400
     1.700000000     0.000380741     4.403795790     0.000731236
     1.710000000     0.000445519     4.412735810     0.000713906
     1.720000000     0.000589661     4.422009201     0.000678533
     1.730000000     0.000882615     4.431640812     0.000631999
     1.740000000     0.001433796     4.441658846     0.000583246
     1.750000000     0.002408691     4.452095149     0.000542310
     1.760000000     0.004046813     4.462984411     0.000519241
     1.770000000     0.006678358     4.474362301     0.000523066
     1.780000000     0.010734365     4.486261858     0.000560933
     1.790000000     0.016743434     4.498706800     0.000637549
     1.800000000     0.025307300     4.511699290     0.000754973
     1.810000000     0.037048757     4.525198106     0.000912812
     1.820000000     0.052529310     4.539081181     0.001108796
     1.830000000     0.072140706     4.553085813     0.001339682
     1.840000000     0.095983400     4.566726419     0.001602351
     1.850000000     0.123753942     4.579216632     0.001894955
     1.860000000     0.154669343     4.589475467     0.002217957
     1.870000000     0.187456384     4.596304553     0.002574906
     1.880000000     0.220425499     4.598607766     0.002972872
     1.890000000     0.251632506     4.595305111     0.003422469
     1.900000000     0.279110265     4.585295743     0.003937442
     1.910000000     0.301132086     4.568593352     0.004533763
     1.920000000     0.316456032     4.547834367     0.005228237
     1.930000000     0.324499020     4.527307232     0.006036613
     1.940000000     0.325403172     4.509974877     0.006971342
     1.950000000     0.319980990     4.496546562     0.008039221
     1.960000000     0.309553747     4.487048746     0.009239283
     1.970000000     0.295721138     4.481785281     0.010561306
     1.980000000     0.280113136     4.480836149     0.011985238
     1.990000000     0.264174406     4.483392177     0.013481673
     2.000000000     0.249018736     4.487834762     0.015013358
     2.010000000     0.235370540     4.492623155     0.016537574
     2.020000000     0.223588811     4.497125165     0.018009271
     2.030000000     0.213751614     4.501565171     0.019384835
     2.040000000     0.205770111     4.506405195     0.020626381
     2.050000000     0.199500884     4.511996231     0.021706343
     2.060000000     0.194832265     4.518550570     0.022611841
     2.070000000     0.191731138     4.526045615     0.023348023
     2.080000000     0.190247790     4.534173431     0.023939335
     2.090000000     0.190485269     4.542585894     0.024427844
     2.100000000     0.192545415     4.551187418     0.024868198
     2.110000000     0.196466369     4.560085768     0.025319665
     2.120000000     0.202166677     4.569235598     0.025836590
     2.130000000     0.209409492     4.578189599     0.026459270
     2.140000000     0.217796945     4.586186273     0.027207400
     2.150000000     0.226799252     4.592419862     0.028077734
     2.160000000     0.235815957     4.596387001     0.029046604
     2.170000000     0.244259065     4.598227541     0.030076710
     2.180000000     0.251641673     4.598680969     0.031126548
     2.190000000     0.257653297     4.598561819     0.032160241
     2.200000000     0.262205667     4.598360564     0.033155600
     2.210000000     0.265440035     4.598493876     0.034108833
     2.220000000     0.267696847     4.599726004     0.035035235
     2.230000000     0.269457430     4.602811979     0.035966166
     2.240000000     0.271272052     4.607636616     0.036943396
     2.250000000     0.273687460     4.613016358     0.038012267
     2.260000000     0.277181025     4.617497494     0.039215138
     2.270000000     0.282101299     4.620464348     0.040586259
     2.280000000     0.288610770     4.622578560     0.042148652
     2.290000000     0.296628890     4.625074951     0.043913033
     2.300000000     0.305781874     4.628577703     0.045878317
     2.310000000     0.315376123     4.632498826     0.048032980
     2.320000000     0.324418012     4.635218035     0.050356574
     2.330000000     0.331698758     4.634640779     0.052820871
     2.340000000     0.335947778     4.629090860     0.055390512
     2.350000000     0.336035533     4.618469004     0.058023345
     2.360000000     0.331185762     4.604865579     0.060670900
     2.370000000     0.321146263     4.591795422     0.063279442
     2.380000000     0.306272436     4.582464157     0.065791862
     2.390000000     0.287498130     4.578505885     0.068150335
     2.400000000     0.266197269     4.580048201     0.070299387
     2.410000000     0.243967558     4.586425907     0.072188838
     2.420000000     0.222385471     4.596615954     0.073776178
     2.430000000     0.202784870     4.609410991     0.075028197
     2.440000000     0.186100922     4.623599513     0.075922056
     2.450000000     0.172801240     4.638129660     0.076446223
     2.460000000     0.162904436     4.652226125     0.076601696
     2.470000000     0.156068369     4.665444640     0.076403692
     2.480000000     0.151719881     4.677635250     0.075883493
     2.490000000     0.149195251     4.688842784     0.075089724
     2.500000000     0.147864552     4.699218531     0.074088100
     2.510000000     0.147221033     4.709021569     0.072958843
     2.520000000     0.146926182     4.718648067     0.071791374
     2.530000000     0.146810493     4.728529847     0.070676597
     2.540000000     0.146837815     4.738920596     0.069697731
     2.550000000     0.147046721     4.749814987     0.068921100
     2.560000000     0.147485050     4.761020186     0.068388437
     2.570000000     0.148153201     4.772192895     0.068112024
     2.580000000     0.148968149     4.782918267     0.068073488
     2.590000000     0.149754173     4.792874240     0.068226374
     2.600000000     0.150259462     4.801874589     0.068501975
     2.610000000     0.150191730     4.809854186     0.068817362
     2.620000000     0.149262478     4.817030965     0.069084328
     2.630000000     0.147229259     4.824001204     0.069217957
     2.640000000     0.143928051     4.831429993     0.069143809
     2.650000000     0.139292132     4.839632020     0.068803074
     2.660000000     0.133357964     4.848511529     0.068155422
     2.670000000     0.126260945     4.857833754     0.067179599
     2.680000000     0.118224006     4.867512774     0.065872023
     2.690000000     0.109540572     4.877742774     0.064243821
     2.700000000     0.100551857     4.888946514     0.062316848
     2.710000000     0.091618183     4.901555872     0.060119382
     2.720000000     0.083085590     4.915752893     0.057682213
     2.730000000     0.075251719     4.931348576     0.055035821
     2.740000000     0.068337362     4.947864785     0.052209115
     2.750000000     0.062470457     4.964752661     0.049229896
     2.760000000     0.057686915     4.981580640     0.046126763
     2.770000000     0.053947992     4.998089153     0.042931817
     2.780000000     0.051168600     5.014199746     0.039683243
     2.790000000     0.049247231     5.030076054     0.036426849
     2.800000000     0.048087687     5.046085031     0.033215836
     2.810000000     0.047606044     5.062547863     0.030108518
     2.820000000     0.047722151     5.079534210     0.027164233
     2.830000000     0.048341253     5.096892115     0.024438222
     2.840000000     0.049335535     5.114356202     0.021976537
     2.850000000     0.050535755     5.131561720     0.019812068
     2.860000000     0.051739417     5.148048119     0.017962479
     2.870000000     0.052735549     5.163452630     0.016430320
     2.880000000     0.053339562     5.177871952     0.015205012
     2.890000000     0.053427587     5.192004530     0.014265981
     2.900000000     0.052959621     5.206741411     0.013586055
     2.910000000     0.051984709     5.222579797     0.013134372
     2.920000000     0.050627522     5.239477601     0.012878395
     2.930000000     0.049061425     5.257099456     0.012785009
     2.940000000     0.047476367     5.275079755     0.012820967
     2.950000000     0.046049577     5.293160942     0.012953104
     2.960000000     0.044924051     5.311256906     0.013148633
     2.970000000     0.044195815     5.329475638     0.013375753
     2.980000000     0.043908095     5.348039700     0.013604552
     2.990000000     0.044049908     5.367108210     0.013808108
     3.000000000     0.044558009     5.386641410     0.013963595
     3.010000000     0.045323415     5.406417643     0.014053218
     3.020000000     0.046205011     5.426132339     0.014064828
     3.030000000     0.047052155     5.445482137     0.013992143
     3.040000000     0.047735464     5.464304323     0.013834562
     3.050000000     0.048181311     5.482789415     0.013596645
     3.060000000     0.048402375     5.501493615     0.013287373
     3.070000000     0.048515499     5.520973837     0.012919377
     3.080000000     0.048739613     5.541436061     0.012508240
     3.090000000     0.049370498     5.562812766     0.012071925
     3.100000000     0.050734694     5.585037214     0.011630267
     3.110000000     0.053130434     5.608088450     0.011204358
     3.120000000     0.056767678     5.631851643     0.010815686
     3.130000000     0.061720811     5.656054662     0.010484948
     3.140000000     0.067905464     5.680264603     0.010230636
     3.150000000     0.075085402     5.703860485     0.010067607
     3.160000000     0.082907600     5.726108941     0.010005917
     3.170000000     0.090955910     5.746485633     0.010050173
     3.180000000     0.098808901     5.765143570     0.010199533
     3.190000000     0.106087666     5.783104454     0.010448407
     3.200000000     0.112484982     5.801762172     0.010787802
     3.210000000     0.117775930     5.821970438     0.011207225
     3.220000000     0.121818140     5.843484861     0.011696969
     3.230000000     0.124553258     5.865166677     0.012250542
     3.240000000     0.126018133     5.885770794     0.012866808
     3.250000000     0.126366011     5.904950971     0.013551310
     3.260000000     0.125888613     5.923861121     0.014316245
     3.270000000     0.125024503     5.944504735     0.015178745
     3.280000000     0.124340500     5.968217517     0.016157534
     3.290000000     0.124481117     5.994946596     0.017268478
     3.300000000     0.126092295     6.023766095     0.018519996
     3.310000000     0.129735206     6.053641278     0.019909442
     3.320000000     0.135809340     6.083752359     0.021421430
     3.330000000     0.144500460     6.113464447     0.023028631
     3.340000000     0.155760382     6.142270992     0.024694976
     3.350000000     0.169316101     6.169825631     0.026380651
     3.360000000     0.184699726     6.196067933     0.028047908
     3.370000000     0.201290004     6.221286868     0.029666675
     3.380000000     0.218360048     6.245820168     0.031219064
     3.390000000     0.235131179     6.269566834     0.032702246
     3.400000000     0.250835710     6.291950476     0.034129415
     3.410000000     0.264789750     6.312411939     0.035528837
     3.420000000     0.276470890     6.330843614     0.036941106
     3.430000000     0.285587976     6.347729550     0.038414877
     3.440000000     0.292125287     6.364269821     0.040001454
     3.450000000     0.296344918     6.382256565     0.041748811
     3.460000000     0.298739787     6.403243765     0.043695781
     3.470000000     0.299943230     6.427646901     0.045867211
     3.480000000     0.300614648     6.454725234     0.048270777
     3.490000000     0.301329059     6.483268922     0.050895882
     3.500000000     0.302498150     6.512206991     0.053714680
     3.510000000     0.304341449     6.540897101     0.056684950
     3.520000000     0.306911447     6.569227129     0.059754319
     3.530000000     0.310160877     6.597438393     0.062865340
     3.540000000     0.314028806     6.625786594     0.065961008
     3.550000000     0.318517960     6.654514343     0.068990377
     3.560000000     0.323739695     6.684072717     0.071913950
     3.570000000     0.329913519     6.715065754     0.074708340
     3.580000000     0.337321978     6.747873609     0.077369507
     3.590000000     0.346234997     6.782376783     0.079913741
     3.600000000     0.356826879     6.817975659     0.082375731
     3.610000000     0.369111692     6.853816798     0.084803500
     3.620000000     0.382917795     6.889056144     0.087250765
     3.630000000     0.397911120     6.922967436     0.089768077
     3.640000000     0.413662411     6.955042043     0.092394700
     3.650000000     0.429740186     6.985276771     0.095153273
     3.660000000     0.445802760     7.014327115     0.098048755
     3.670000000     0.461662230     7.043229672     0.101072086
     3.680000000     0.477301232     7.073008970     0.104207627
     3.690000000     0.492837304     7.104392047     0.107442326
     3.700000000     0.508445413     7.137473855     0.110773948
     3.710000000     0.524261597     7.171634781     0.114215950
     3.720000000     0.540295660     7.205903731     0.117797510
     3.730000000     0.556377155     7.239296064     0.121558631
     3.740000000     0.572148181     7.271064422     0.125541550
     3.750000000     0.587102868     7.301069552     0.129780656
     3.760000000     0.600661716     7.329896777     0.134293309
     3.770000000     0.612262952     7.358503143     0.139073571
     3.780000000     0.621453806     7.387783722     0.144089934
     3.790000000     0.627970618     7.418283504     0.149287142
     3.800000000     0.631804274     7.450117119     0.154591283
     3.810000000     0.633252565     7.483257548     0.159916860
     3.820000000     0.632961083     7.517985878     0.165174305
     3.830000000     0.631948679     7.555034248     0.170276648
     3.840000000     0.631604645     7.595171719     0.175144342
     3.850000000     0.633637024     7.638671420     0.179707818
     3.860000000     0.639949752     7.685413546     0.183907852
     3.870000000     0.652434845     7.735467650     0.187694370
     3.880000000     0.672685568     7.789211718     0.191024756
     3.890000000     0.701664185     7.846575624     0.193862866
     3.900000000     0.739385691     7.906084978     0.196179784
     3.910000000     0.784696149     7.964657058     0.197956757
     3.920000000     0.835221181     8.018245752     0.199189914
     3.930000000     0.887532230     8.062722826     0.199895450
     3.940000000     0.937529809     8.094666887     0.200113448
     3.950000000     0.980987306     8.112553713     0.199908482
     3.960000000     1.014154165     8.118576068     0.199365860
     3.970000000     1.034299487     8.119584508     0.198583533
     3.980000000     1.040093024     8.124862409     0.197661002
     3.990000000     1.031764158     8.141113495     0.196687480
     4.000000000     1.011034500     8.169156242     0.195731871
     4.010000000     0.980866538     8.205629846     0.194836622
     4.020000000     0.945095658     8.247537775     0.194016418
     4.030000000     0.908012867     8.295450759     0.193261473
     4.040000000     0.873948871     8.352848288     0.192544148
     4.050000000     0.846889662     8.422373589     0.191827150
     4.060000000     0.830140343     8.503012284     0.191071717
     4.070000000     0.826050843     8.590717509     0.190244702
     4.080000000     0.835820661     8.680648018     0.189324183
     4.090000000     0.859402625     8.768683485     0.188303662
     4.100000000     0.895522276     8.852099337     0.187195144
     4.110000000     0.941818884     8.929719900     0.186031180
     4.120000000     0.995099123     9.001360665     0.184865659
     4.130000000     1.051679271     9.066950653     0.183772917
     4.140000000     1.107779386     9.126117573     0.182844654
     4.150000000     1.159924354     9.178386183     0.182184505
     4.160000000     1.205302335     9.223934185     0.181900542
     4.170000000     1.242032259     9.264800059     0.182096597
     4.180000000     1.269300735     9.305310280     0.182863611
     4.190000000     1.287346895     9.350369549     0.184272368
     4.200000000     1.297300028     9.402984359     0.186368653
     4.210000000     1.300904221     9.463731131     0.189171274
     4.220000000     1.300188099     9.531883364     0.192672672
     4.230000000     1.297147952     9.606109650     0.196841113
     4.240000000     1.293504423     9.684648418     0.201623137
     4.250000000     1.290568425     9.765782560     0.206944914
     4.260000000     1.289218927     9.848522358     0.212711748
     4.270000000     1.289964721     9.933043480     0.218805715
     4.280000000     1.293044270    10.020546389     0.225082282
     4.290000000     1.298517297    10.112547265     0.231367338
     4.300000000     1.306317592    10.209922709     0.237456212
     4.310000000     1.316261528    10.312218205     0.243116002
     4.320000000     1.328031480    10.417968682     0.248091972
     4.330000000     1.341168640    10.526029792     0.252118190
     4.340000000     1.355110645    10.636355663     0.254932065
     4.350000000     1.369295634    10.749177774     0.256292066
     4.360000000     1.383330520    10.864059197     0.255997573
     4.370000000     1.397195248    10.980681660     0.253909357
     4.380000000     1.411435199    11.100252590     0.249968688
     4.390000000     1.427287504    11.225237196     0.244212495
     4.400000000     1.446696353    11.358225311     0.236781720
     4.410000000     1.472194538    11.501478648     0.227920297
     4.420000000     1.506656136    11.656203533     0.217963124
     4.430000000     1.552949304    11.821481131     0.207313063
     4.440000000     1.613532534    11.994089732     0.196408960
     4.450000000     1.690041710    12.169209808     0.185688497
     4.460000000     1.782914731    12.342283687     0.175550876
     4.470000000     1.891102529    12.511757200     0.166324478
     4.480000000     2.011923286    12.679598713     0.158243859
     4.490000000     2.141124430    12.847673470     0.151438789
     4.500000000     2.273210180    13.013612378     0.145936113
     4.510000000     2.402056382    13.170627685     0.141673212
     4.520000000     2.521764985    13.311109526     0.138520295
     4.530000000     2.627623278    13.431922444     0.136307573
     4.540000000     2.716960936    13.539309986     0.134852866
     4.550000000     2.789679405    13.649980325     0.133985289
     4.560000000     2.848287072    13.784704396     0.133561517
     4.570000000     2.897403841    13.956646625     0.133472677
     4.580000000     2.942860737    14.165164142     0.133642006
     4.590000000     2.990654965    14.399981833     0.134015592
     4.600000000     3.046074211    14.648342281     0.134550097
     4.610000000     3.113250650    14.899819195     0.135201931
     4.620000000     3.195260803    15.149544794     0.135921493
     4.630000000     3.294702664    15.399115062     0.136654134
     4.640000000     3.414521760    15.654233694     0.137347066
     4.650000000     3.558777543    15.922202207     0.137959411
     4.660000000     3.733065162    16.210795988     0.138471635
     4.670000000     3.944423379    16.525440590     0.138891102
     4.680000000     4.200725774    16.865197305     0.139252037
     4.690000000     4.509713964    17.222607452     0.139610239
     4.700000000     4.877936910    17.588405761     0.140034544
     4.710000000     5.309876401    17.955132147     0.140597771
     4.720000000     5.807461175    18.314553936     0.141369551
     4.730000000     6.370027209    18.652908698     0.142412214
     4.740000000     6.994621699    18.953507254     0.143779509
     4.750000000     7.676435547    19.207216178     0.145516800
     4.760000000     8.409133716    19.420243919     0.147661086
     4.770000000     9.184948432    19.610605793     0.150239667
     4.780000000     9.994572001    19.793216618     0.153267266
     4.790000000    10.827058701    19.965785561     0.156742518
     4.800000000    11.670033760    20.106145677     0.160645266
     4.810000000    12.510458184    20.179808667     0.164936046
     4.820000000    13.336019029    20.161135843     0.169558357
     4.830000000    14.136975848    20.060877183     0.174443289
     4.840000000    14.908095700    19.926485116     0.179515268
     4.850000000    15.650232181    19.806301598     0.184697404
     4.860000000    16.371171082    19.718363536     0.189915363
     4.870000000    17.085534522    19.652460903     0.195099551
     4.880000000    17.813729866    19.591225445     0.200186246
     4.890000000    18.580083079    19.527147260     0.205118755
     4.900000000    19.410386306    19.464749122     0.209849507
     4.910000000    20.329139387    19.412394536     0.214343228
     4.920000000    21.356812222    19.371433607     0.218580501
     4.930000000    22.507511520    19.327011888     0.222560340
     4.940000000    23.787465870    19.246871222     0.226300383
     4.950000000    25.194677773    19.091302454     0.229833867
     4.960000000    26.719871963    18.827472361     0.233203515
     4.970000000    28.348501137    18.430771369     0.236453486
     4.980000000    30.063150925    17.876234097     0.239621211
     4.990000000    31.845387705    17.148829550     0.242731096
     5.000000000    33.676096323    16.269961248     0.245791628
     5.010000000    35.533758943    15.296296659     0.248796617
     5.020000000    37.390875236    14.277451173     0.251730242
     5.030000000    39.209592241    13.209562071     0.254574649
     5.040000000    40.938267441    12.028625948     0.257318159
     5.050000000    42.510818696    10.646880307     0.259961980
     5.060000000    43.850168198     8.992261178     0.262523598
     5.070000000    44.875963940     7.031382971     0.265035860
     5.080000000    45.515402990     4.790888534     0.267541798
     5.090000000    45.714854429     2.367387978     0.270086301
     5.100000000    45.449501378    -0.090667142     0.272706460
     5.110000000    44.728584975    -2.417681630     0.275422569
     5.120000000    43.594929403    -4.478827870     0.278231431
     5.130000000    42.118887427    -6.216431881     0.281102941
     5.140000000    40.388190538    -7.653232520     0.283980173
     5.150000000    38.496014225    -8.850422566     0.286782674
     5.160000000    36.529693928    -9.864429897     0.289412401
     5.170000000    34.562027129   -10.728116135     0.291761675
     5.180000000    32.646235964   -11.452292991     0.293722421
     5.190000000    30.814759005   -12.042240010     0.295195862
     5.200000000    29.081329887   -12.517610358     0.296101599
     5.210000000    27.445381628   -12.916630161     0.296384938
     5.220000000    25.897660733   -13.279737990     0.296021491
     5.230000000    24.425959977   -13.626559980     0.295018517
     5.240000000    23.020014001   -13.945033374     0.293413117
     5.250000000    21.674824847   -14.202182535     0.291267884
     5.260000000    20.392001538   -14.365244151     0.288664888
     5.270000000    19.179098601   -14.414675665     0.285698798
     5.280000000    18.047362224   -14.348691613     0.282469707
     5.290000000    17.008632157   -14.185698779     0.279076019
     5.300000000    16.072290798   -13.963784898     0.275607770
     5.310000000    15.243039982   -13.730670159     0.272140909
     5.320000000    14.519953405   -13.522247595     0.268733302
     5.330000000    13.896817483   -13.346385537     0.265423199
     5.340000000    13.363393580   -13.189957027     0.262230590
     5.350000000    12.907039443   -13.038004860     0.259161250
     5.360000000    12.514164765   -12.881728199     0.256212567
     5.370000000    12.171215186   -12.718400869     0.253379737
     5.380000000    11.865162874   -12.555323896     0.250660786
     5.390000000    11.583701620   -12.411326464     0.248059256
     5.400000000    11.315417615   -12.306608197     0.245584110
     5.410000000    11.050127484   -12.246849308     0.243247282
     5.420000000    10.779404633   -12.217691024     0.241059998
     5.430000000    10.497147047   -12.196414078     0.239029357
     5.440000000    10.199953646   -12.167349355     0.237156511
     5.450000000     9.887105611   -12.126219861     0.235437196
     5.460000000     9.560074371   -12.074811320     0.233864519
     5.470000000     9.221643681   -12.014359059     0.232433075
     5.480000000     8.874874318   -11.943140397     0.231142893
     5.490000000     8.522206171   -11.859240171     0.230001683
     5.500000000     8.164962172   -11.764735223     0.229024353
     5.510000000     7.803400796   -11.666890619     0.228229706
     5.520000000     7.437293885   -11.575969583     0.227635268
     5.530000000     7.066835801   -11.498967725     0.227252001
     5.540000000     6.693572948   -11.429765703     0.227080931
     5.550000000     6.321021259   -11.346997389     0.227113283
     5.560000000     5.954726520   -11.228503877     0.227334718
     5.570000000     5.601694920   -11.067201580     0.227732930
     5.580000000     5.269322881   -10.871016429     0.228306698
     5.590000000     4.964116566   -10.653303990     0.229073737
     5.600000000     4.690555949   -10.427407925     0.230074754
     5.610000000     4.450405073   -10.206529766     0.231371837
     5.620000000     4.242622126   -10.002026231     0.233040602
     5.630000000     4.063836620    -9.818246330     0.235156931
     5.640000000     3.909202037    -9.649957434     0.237780302
     5.650000000     3.773350665    -9.487871008     0.240936366
     5.660000000     3.651189729    -9.327035357     0.244601445
     5.670000000     3.538367602    -9.168638421     0.248691171
     5.680000000     3.431366455    -9.015659166     0.253054824
     5.690000000     3.327299338    -8.868768113     0.257476241
     5.700000000     3.223571032    -8.726000058     0.261681729
     5.710000000     3.117586107    -8.585526225     0.265355056
     5.720000000     3.006654573    -8.448506552     0.268159168
     5.730000000     2.888169044    -8.319161730     0.269763639
     5.740000000     2.760030022    -8.201619684     0.269875790
     5.750000000     2.621204685    -8.095596543     0.268272267
     5.760000000     2.472245976    -7.994092970     0.264826840
     5.770000000     2.315591679    -7.885495474     0.259529900
     5.780000000     2.155512446    -7.758992612     0.252495806
     5.790000000     1.997670346    -7.609147704     0.243956005
     5.800000000     1.848357235    -7.437387399     0.234238308
     5.810000000     1.713571045    -7.250639417     0.223735324
     5.820000000     1.598130383    -7.057773696     0.212867092
     5.830000000     1.505012900    -6.866001626     0.202043876
     5.840000000     1.435039326    -6.679772613     0.191634670
     5.850000000     1.386936316    -6.501709290     0.181945390
     5.860000000     1.357725059    -6.333437958     0.173208442
     5.870000000     1.343321069    -6.176127554     0.165583020
     5.880000000     1.339204831    -6.030887319     0.159163741
     5.890000000     1.341032109    -5.897889432     0.153994256
     5.900000000     1.345088059    -5.774561922     0.150082531
     5.910000000     1.348538344    -5.656139503     0.147415084
     5.920000000     1.349480755    -5.539075847     0.145968437
     5.930000000     1.346841616    -5.422798613     0.145716900
     5.940000000     1.340184890    -5.308382994     0.146636446
     5.950000000     1.329504791    -5.196912249     0.148704837
     5.960000000     1.315056584    -5.088731504     0.151898469
     5.970000000     1.297251981    -4.983402301     0.156186710
     5.980000000     1.276615341    -4.880020596     0.161524835
     5.990000000     1.253775298    -4.777241252     0.167846960
     6.000000000     1.229460026    -4.673222315     0.175060468
     6.010000000     1.204473680    -4.566205122     0.183043199
     6.020000000     1.179650883    -4.455485468     0.191644164
     6.030000000     1.155805960    -4.341824126     0.200687918
     6.040000000     1.133704903    -4.226879555     0.209982109
     6.050000000     1.114085451    -4.112086680     0.219327316
     6.060000000     1.097734958    -3.997829071     0.228528147
     6.070000000     1.085612686    -3.883426939     0.237404551
     6.080000000     1.078981644    -3.767659124     0.245802369
     6.090000000     1.079503283    -3.649350765     0.253602116
     6.100000000     1.089251339    -3.527736584     0.260724969
     6.110000000     1.110619216    -3.402435587     0.267134893
     6.120000000     1.146123923    -3.273382326     0.272836105
     6.130000000     1.198140660    -3.141189005     0.277865608
     6.140000000     1.268625526    -3.007724713     0.282281431
     6.150000000     1.358890461    -2.876187053     0.286148209
     6.160000000     1.469479286    -2.750497134     0.289522621
     6.170000000     1.600158345    -2.634583245     0.292441512
     6.180000000     1.749990532    -2.531944629     0.294915183
     6.190000000     1.917425191    -2.445173098     0.296927252
     6.200000000     2.100328359    -2.374787864     0.298441035
     6.210000000     2.295910976    -2.318246302     0.299410898
     6.220000000     2.500583643    -2.271476048     0.299796012
     6.230000000     2.709851537    -2.232512727     0.299573620
     6.240000000     2.918422073    -2.203859887     0.298749262
     6.250000000     3.120689192    -2.192614945     0.297362309
     6.260000000     3.311658775    -2.208902825     0.295486173
     6.270000000     3.488202788    -2.261398010     0.293223551
     6.280000000     3.650329317    -2.350058284     0.290697707
     6.290000000     3.802012652    -2.460376705     0.288041301
     6.300000000     3.951120049    -2.566031856     0.285384445
     6.310000000     4.108140036    -2.641592597     0.282843775
     6.320000000     4.283739042    -2.676117156     0.280514219
     6.330000000     4.485562220    -2.677945552     0.278464808
     6.340000000     4.715024072    -2.670859531     0.276739244
     6.350000000     4.964981291    -2.686991314     0.275361004
     6.360000000     5.219069390    -2.759507629     0.274341765
     6.370000000     5.453121742    -2.915368027     0.273690952
     6.380000000     5.638565201    -3.168539617     0.273423816
     6.390000000     5.747150553    -3.514880731     0.273565575
     6.400000000     5.755991732    -3.929132654     0.274150060
     6.410000000     5.651776190    -4.364792514     0.275212707
     6.420000000     5.433208292    -4.763841716     0.276779289
     6.430000000     5.111198298    -5.078670382     0.278853097
     6.440000000     4.706873205    -5.289649350     0.281403902
     6.450000000     4.247993284    -5.403816990     0.284361873
     6.460000000     3.764667287    -5.441486914     0.287618620
     6.470000000     3.285301313    -5.424468565     0.291035997
     6.480000000     2.833512965    -5.370297945     0.294461564
     6.490000000     2.426389124    -5.290558936     0.297748055
     6.500000000     2.074088920    -5.192212513     0.300773131
     6.510000000     1.780503807    -5.080217391     0.303455397
     6.520000000     1.544544223    -4.959351344     0.305763132
     6.530000000     1.361628292    -4.834861291     0.307713543
     6.540000000     1.225057839    -4.711902403     0.309362319
     6.550000000     1.127117627    -4.594257728     0.310785599
     6.560000000     1.059868554    -4.483742110     0.312058509
     6.570000000     1.015690867    -4.381056500     0.313235663
     6.580000000     0.987661418    -4.287255804     0.314338812
     6.590000000     0.969831935    -4.204008473     0.315355096
     6.600000000     0.957435942    -4.132116706     0.316246380
     6.610000000     0.947013830    -4.069989824     0.316966824
     6.620000000     0.936426033    -4.013517079     0.317483315
     6.630000000     0.924730359    -3.957436605     0.317792453
     6.640000000     0.911927126    -3.897765981     0.317929002
     6.650000000     0.898612306    -3.833817668     0.317963487
     6.660000000     0.885607862    -3.768194202     0.317990059
     6.670000000     0.873647110    -3.705090183     0.318108556
     6.680000000     0.863176324    -3.647962206     0.318405906
     6.690000000     0.854297937    -3.597558545     0.318941431
     6.700000000     0.846838554    -3.551923659     0.319738637
     6.710000000     0.840491582    -3.508504379     0.320783672
     6.720000000     0.834969720    -3.465893452     0.322028765
     6.730000000     0.830109411    -3.423839562     0.323398290
     6.740000000     0.825892248    -3.382660018     0.324795510
     6.750000000     0.822378394    -3.342902277     0.326109188
     6.760000000     0.819574992    -3.304888104     0.327220273
     6.770000000     0.817282157    -3.268273884     0.328009273
     6.780000000     0.814966960    -3.232465501     0.328364514
     6.790000000     0.811711007    -3.197791682     0.328190557
     6.800000000     0.806260573    -3.166174519     0.327415210
     6.810000000     0.797182411    -3.140259120     0.325993301
     6.820000000     0.783098903    -3.121368234     0.323906019
     6.830000000     0.762950992    -3.107893067     0.321155961
     6.840000000     0.736224786    -3.095637021     0.317759488
     6.850000000     0.703083513    -3.080028744     0.313738998
     6.860000000     0.664370456    -3.058237209     0.309117748
     6.870000000     0.621483614    -3.029614990     0.303918880
     6.880000000     0.576157538    -2.994941085     0.298168717
     6.890000000     0.530210482    -2.955585181     0.291902822
     6.900000000     0.485318299    -2.913024638     0.285172407
     6.910000000     0.442860752    -2.868632851     0.278048732
     6.920000000     0.403857954    -2.823461137     0.270624104
     6.930000000     0.368985472    -2.777867517     0.263009404
     6.940000000     0.338636230    -2.731417295     0.255329243
     6.950000000     0.312991669    -2.683405980     0.247716343
     6.960000000     0.292073345    -2.633539619     0.240306462
     6.970000000     0.275763870    -2.582196020     0.233234360
     6.980000000     0.263804805    -2.530282003     0.226630390
     6.990000000     0.255791304    -2.478940575     0.220616822
     7.000000000     0.251184816    -2.429230835     0.215303080
     7.010000000     0.249356330    -2.381883299     0.210779807
     7.020000000     0.249657682    -2.337222992     0.207112549
     7.030000000     0.251503934    -2.295081632     0.204336497
     7.040000000     0.254441797    -2.254615617     0.202453751
     7.050000000     0.258181020    -2.214474033     0.201433921
     7.060000000     0.262577198    -2.173520849     0.201217758
     7.070000000     0.267571277    -2.131463284     0.201722468
     7.080000000     0.273106989    -2.088826001     0.202846835
     7.090000000     0.279056212    -2.046562357     0.204474566
     7.100000000     0.285180488    -2.005734761     0.206475299
     7.110000000     0.291144975    -1.967207711     0.208704095
     7.120000000     0.296583302    -1.931219684     0.211001316
     7.130000000     0.301194640    -1.897083055     0.213195198
     7.140000000     0.304843916    -1.863389175     0.215108772
     7.150000000     0.307636058    -1.828650323     0.216571406
     7.160000000     0.309944997    -1.791845224     0.217433538
     7.170000000     0.312393792    -1.752549422     0.217581763
     7.180000000     0.315797700    -1.710834088     0.216950969
     7.190000000     0.321091774    -1.667183888     0.215530703
     7.200000000     0.329265901    -1.622378466     0.213364369
     7.210000000     0.341323709    -1.577189407     0.210541624
     7.220000000     0.358271316    -1.532023092     0.207185832
     7.230000000     0.381132260    -1.486798323     0.203439271
     7.240000000     0.410979600    -1.441174895     0.199448688
     7.250000000     0.448975580    -1.394944080     0.195353014
     7.260000000     0.496410545    -1.348365614     0.191273956
     7.270000000     0.554731523    -1.302400989     0.187309304
     7.280000000     0.625543830    -1.258682386     0.183528366
     7.290000000     0.710557250    -1.219071976     0.179969151
     7.300000000     0.811438103    -1.185126681     0.176637428
     7.310000000     0.929529724    -1.157739668     0.173508267
     7.320000000     1.065425524    -1.136873016     0.170530831
     7.330000000     1.218423300    -1.122028054     0.167636721
     7.340000000     1.385948464    -1.114194322     0.164751358
     7.350000000     1.563088632    -1.117809650     0.161806938
     7.360000000     1.742408699    -1.140615102     0.158754755
     7.370000000     1.914194148    -1.191442522     0.155574622
     7.380000000     2.067194905    -1.277235201     0.152279584
     7.390000000     2.189825485    -1.400059038     0.148915129
     7.400000000     2.271650126    -1.554954325     0.145553233
     7.410000000     2.304883289    -1.730506965     0.142282562
     7.420000000     2.285600597    -1.912171595     0.139196711
     7.430000000     2.214399399    -2.084612562     0.136382526
     7.440000000     2.096363199    -2.232316613     0.133910318
     7.450000000     1.940338709    -2.343434489     0.131827314
     7.460000000     1.757683958    -2.415007930     0.130155171
     7.470000000     1.560749142    -2.452261907     0.128891765
     7.480000000     1.361383283    -2.463487716     0.128016820
     7.490000000     1.169717996    -2.455957921     0.127500301
     7.500000000     0.993385472    -2.434634619     0.127311887
     7.510000000     0.837214784    -2.402971570     0.127429451
     7.520000000     0.703351871    -2.364047628     0.127844456
     7.530000000     0.591685914    -2.320853117     0.128562714
     7.540000000     0.500443999    -2.276034576     0.129599865
     7.550000000     0.426828796    -2.231760326     0.130972224
     7.560000000     0.367605330    -2.189666946     0.132684803
     7.570000000     0.319578220    -2.150557050     0.134719164
     7.580000000     0.279931169    -2.113997721     0.137023922
     7.590000000     0.246423342    -2.078436366     0.139510292
     7.600000000     0.217453984    -2.042157084     0.142054033
     7.610000000     0.192019282    -2.004350946     0.144503845
     7.620000000     0.169594452    -1.965339023     0.146694995
     7.630000000     0.149978284    -1.926019277     0.148465913
     7.640000000     0.133135496    -1.887247207     0.149675005
     7.650000000     0.119064271    -1.849547538     0.150214979
     7.660000000     0.107704475    -1.813096143     0.150022642
     7.670000000     0.098889764    -1.777831131     0.149083136
     7.680000000     0.092337498    -1.743646204     0.147428786
     7.690000000     0.087665833    -1.710553396     0.145133670
     7.700000000     0.084427189    -1.678701044     0.142305497
     7.710000000     0.082149589    -1.648307205     0.139076305
     7.720000000     0.080379851    -1.619589401     0.135592941
     7.730000000     0.078723989    -1.592637984     0.132007633
     7.740000000     0.076880312    -1.567222652     0.128468548
     7.750000000     0.074660691    -1.542735277     0.125110207
     7.760000000     0.071996407    -1.518461477     0.122044041
     7.770000000     0.068927370    -1.493977908     0.119349877
     7.780000000     0.065576847    -1.469279112     0.117069568
     7.790000000     0.062116964    -1.444594792     0.115203893
     7.800000000     0.058731981    -1.420157380     0.113713510
     7.810000000     0.055586058    -1.396088174     0.112524073
     7.820000000     0.052800263    -1.372380640     0.111535011
     7.830000000     0.050440806    -1.348947618     0.110631036
     7.840000000     0.048517933    -1.325737972     0.109695158
     7.850000000     0.046993198    -1.302825448     0.108621877
     7.860000000     0.045792170    -1.280369760     0.107329052
     7.870000000     0.044819654    -1.258499254     0.105766876
     7.880000000     0.043974911    -1.237217952     0.103922445
     7.890000000     0.043164850    -1.216393687     0.101818813
     7.900000000     0.042313783    -1.195829558     0.099508215
     7.910000000     0.041368958    -1.175367015     0.097060346
     7.920000000     0.040301859    -1.154960921     0.094547718
     7.930000000     0.039105928    -1.134676347     0.092031037
     7.940000000     0.037791845    -1.114585587     0.089547741
     7.950000000     0.036381601    -1.094659322     0.087106211
     7.960000000     0.034902530    -1.074782195     0.084686851
     7.970000000     0.033382142    -1.054856895     0.082249537
     7.980000000     0.031844378    -1.034852973     0.079745349
     7.990000000     0.030307652    -1.014794872     0.077129560
     8.000000000     0.028784798    -0.994746732     0.074372728
     8.010000000     0.027284696    -0.974774040     0.071467493
     8.020000000     0.025814939    -0.954880137     0.068430016
     8.030000000     0.024384551    -0.934984936     0.065296433
     8.040000000     0.023005695    -0.914979743     0.062115853
     8.050000000     0.021693595    -0.894790680     0.058941993
     8.060000000     0.020464530    -0.874393899     0.055825468
     8.070000000     0.019332506    -0.853806919     0.052808213
     8.080000000     0.018305750    -0.833077398     0.049920675
     8.090000000     0.017384285    -0.812259188     0.047181696
     8.100000000     0.016559506    -0.791381427     0.044600360
     8.110000000     0.015815919    -0.770433462     0.042178829
     8.120000000     0.015134521    -0.749368129     0.039915153
     8.130000000     0.014496718    -0.728116679     0.037805273
     8.140000000     0.013887634    -0.706618204     0.035843858
     8.150000000     0.013297942    -0.684838568     0.034024020
     8.160000000     0.012723942    -0.662757124     0.032336395
     8.170000000     0.012166245    -0.640344001     0.030768225
     8.180000000     0.011627851    -0.617557060     0.029303098
     8.190000000     0.011112558    -0.594359158     0.027921724
     8.200000000     0.010624443    -0.570734704     0.026603717
     8.210000000     0.010168670    -0.546683401     0.025330002
     8.220000000     0.009753311    -0.522187390     0.024085168
     8.230000000     0.009391384    -0.497180461     0.022859093
     8.240000000     0.009102017    -0.471556701     0.021647358
     8.250000000     0.008909762    -0.445211131     0.020450333
     8.260000000     0.008841502    -0.418067428     0.019271230
     8.270000000     0.008921026    -0.390076806     0.018113689
     8.280000000     0.009162122    -0.361203847     0.016979624
     8.290000000     0.009561629    -0.331413408     0.015867906
     8.300000000     0.010094202    -0.300663709     0.014774234
     8.310000000     0.010710480    -0.268903052     0.013692187
     8.320000000     0.011339797    -0.236064840     0.012615142
     8.330000000     0.011897699    -0.202062714     0.011538510
     8.340000000     0.012297415    -0.166787468     0.010461728
     8.350000000     0.012463508    -0.130087259     0.009389465
     8.360000000     0.012345444    -0.091723643     0.008331759
     8.370000000     0.011929244    -0.051347297     0.007303006
     8.380000000     0.011247075    -0.008537055     0.006320013
     8.390000000     0.010387699     0.037114609     0.005399538
     8.400000000     0.009515365     0.085936538     0.004555839
     8.410000000     0.008910794     0.138191783     0.003798773
     8.420000000     0.009055023     0.194147823     0.003132821
     8.430000000     0.010783687     0.254140975     0.002557165
     8.440000000     0.015542964     0.318602090     0.002066683
     8.450000000     0.025773539     0.388043920     0.001653508
     8.460000000     0.045427897     0.463032208     0.001308694
     8.470000000     0.080580920     0.544162204     0.001023599
     8.480000000     0.140020221     0.632032661     0.000790737
     8.490000000     0.235608136     0.727190111     0.000604061
     8.500000000     0.382117362     0.830012843     0.000458796
     8.510000000     0.596202174     0.940490703     0.000351012
     8.520000000     0.894233604     1.057821873     0.000277136
     8.530000000     1.288944804     1.179685503     0.000233522
     8.540000000     1.785203049     1.300949322     0.000216134
     8.550000000     2.375676333     1.411435529     0.000220361
     8.560000000     3.037547924     1.492273894     0.000240950
     8.570000000     3.731563198     1.510671265     0.000272082
     8.580000000     4.404415705     1.414697887     0.000307608
     8.590000000     4.994761603     1.134979737     0.000341457
     8.600000000     5.442140986     0.608684881     0.000368161
     8.610000000     5.697091468    -0.162936674     0.000383445
     8.620000000     5.730135487    -1.060850965     0.000384713
     8.630000000     5.537386597    -1.886712917     0.000371324
     8.640000000     5.141301072    -2.488969473     0.000344562
     8.650000000     4.586373894    -2.835414884     0.000307284
     8.660000000     3.930919058    -2.977477501     0.000263332
     8.670000000     3.237031818    -2.986571063     0.000216834
     8.680000000     2.561108968    -2.920469141     0.000171552
     8.690000000     1.946871854    -2.817070068     0.000130406
     8.700000000     1.421919130    -2.698676836     0.000095243
     8.710000000     0.997793450    -2.577534115     0.000066834
     8.720000000     0.672720436    -2.459951316     0.000045060
     8.730000000     0.435769483    -2.348896923     0.000029188
     8.740000000     0.271210955    -2.245517593     0.000018166
     8.750000000     0.162175730    -2.149997771     0.000010863
     8.760000000     0.093173566    -2.062037327     0.000006241
     8.770000000     0.051431334    -1.981113385     0.000003445
     8.780000000     0.027276654    -1.906621547     0.000001827
     8.790000000     0.013898970    -1.837950030     0.000000931
     8.800000000     0.006804596    -1.774516676     0.000000456
     8.810000000     0.003200739    -1.715785565     0.000000214
     8.820000000     0.001446527    -1.661272589     0.000000097
     8.830000000     0.000628103    -1.610545255     0.000000042
     8.840000000     0.000262038    -1.563219612     0.000000018
     8.850000000     0.000105033    -1.518955953     0.000000007
     8.860000000     0.000040450    -1.477454144     0.000000003
     8.870000000     0.000014967    -1.438449060     0.000000001
     8.880000000     0.000005321    -1.401706329     0.000000000
     8.890000000     0.000001817    -1.367018504     0.000000000
     8.900000000     0.000000596    -1.334201655     0.000000000
     8.910000000     0.000000188    -1.303092390     0.000000000
     8.920000000     0.000000057    -1.273545252     0.000000000
     8.930000000     0.000000017    -1.245430462     0.000000000
     8.940000000     0.000000005    -1.218631971     0.000000000
     8.950000000     0.000000001    -1.193045767     0.000000000
     8.960000000     0.000000000    -1.168578414     0.000000000
     8.970000000     0.000000000    -1.145145787     0.000000000
     8.980000000     0.000000000    -1.122671975     0.000000000
     8.990000000     0.000000000    -1.101088330     0.000000000
     9.000000000     0.000000000    -1.080332641     0.000000000
     9.010000000     0.000000000    -1.060348412     0.000000000
     9.020000000     0.000000000    -1.041084233     0.000000000
     9.030000000     0.000000000    -1.022493231     0.000000000
     9.040000000     0.000000000    -1.004532587     0.000000000
     9.050000000     0.000000000    -0.987163115     0.000000000
     9.060000000     0.000000000    -0.970348888     0.000000000
     9.070000000     0.000000000    -0.954056909     0.000000000
     9.080000000     0.000000000    -0.938256825     0.000000000
     9.090000000     0.000000000    -0.922920663     0.000000000
     9.100000000     0.000000000    -0.908022608     0.000000000
     9.110000000     0.000000000    -0.893538798     0.000000000
     9.120000000     0.000000000    -0.879447145     0.000000000
     9.130000000     0.000000000    -0.865727170     0.000000000
     9.140000000     0.000000000    -0.852359865     0.000000000
     9.150000000     0.000000000    -0.839327557     0.000000000
     9.160000000     0.000000000    -0.826613798     0.000000000
     9.170000000     0.000000000    -0.814203257     0.000000000
     9.180000000     0.000000000    -0.802081631     0.000000000
     9.190000000     0.000000000    -0.790235553     0.000000000
     9.200000000     0.000000000    -0.778652523     0.000000000
     9.210000000     0.000000000    -0.767320835     0.000000000
     9.220000000     0.000000000    -0.756229515     0.000000000
     9.230000000     0.000000000    -0.745368264     0.000000000
     9.240000000     0.000000000    -0.734727410     0.000000000
     9.250000000     0.000000000    -0.724297853     0.000000000
     9.260000000     0.000000000    -0.714071030     0.000000000
     9.270000000     0.000000000    -0.704038872     0.000000000
     9.280000000     0.000000000    -0.694193770     0.000000000
     9.290000000     0.000000000    -0.684528540     0.000000000
     9.300000000     0.000000000    -0.675036396     0.000000000
     9.310000000     0.000000000    -0.665710921     0.000000000
     9.320000000     0.000000000    -0.656546040     0.000000000
     9.330000000     0.000000000    -0.647536000     0.000000000
     9.340000000     0.000000000    -0.638675348     0.000000000
     9.350000000     0.000000000    -0.629958911     0.000000000
     9.360000000     0.000000000    -0.621381775     0.000000000
     9.370000000     0.000000000    -0.612939272     0.000000000
     9.380000000     0.000000000    -0.604626964     0.000000000
     9.390000000     0.000000000    -0.596440628     0.000000000
     9.400000000     0.000000000    -0.588376242     0.000000000
     9.410000000     0.000000000    -0.580429972     0.000000000
     9.420000000     0.000000000    -0.572598163     0.000000000
     9.430000000     0.000000000    -0.564877328     0.000000000
     9.440000000     0.000000000    -0.557264135     0.000000000
     9.450000000     0.000000000    -0.549755403     0.000000000
     9.460000000     0.000000000    -0.542348086     0.000000000
     9.470000000     0.000000000    -0.535039272     0.000000000
     9.480000000     0.000000001    -0.527826173     0.000000001
     9.490000000     0.000000003    -0.520706116     0.000000003
     9.500000000     0.000000007    -0.513676537     0.000000007
     9.510000000     0.000000019    -0.506734978     0.000000017
     9.520000000     0.000000045    -0.499879076     0.000000040
     9.530000000     0.000000103    -0.493106561     0.000000092
     9.540000000     0.000000228    -0.486415249     0.000000205
     9.550000000     0.000000487    -0.479803039     0.000000436
     9.560000000     0.000000997    -0.473267905     0.000000893
     9.570000000     0.000001961    -0.466807894     0.000001756
     9.580000000     0.000003707    -0.460421125     0.000003320
     9.590000000     0.000006731    -0.454105780     0.000006028
     9.600000000     0.000011744    -0.447860111     0.000010518
     9.610000000     0.000019688    -0.441682436     0.000017632
     9.620000000     0.000031710    -0.435571150     0.000028399
     9.630000000     0.000049070    -0.429524739     0.000043947
     9.640000000     0.000072957    -0.423541811     0.000065340
     9.650000000     0.000104219    -0.417621160     0.000093338
     9.660000000     0.000143039    -0.411761867     0.000128106
     9.670000000     0.000188622    -0.405963492     0.000168929
     9.680000000     0.000238977    -0.400226369     0.000214027
     9.690000000     0.000290904    -0.394552016     0.000260532
     9.700000000     0.000340228    -0.388943471     0.000304707
     9.710000000     0.000382313    -0.383404902     0.000342398
     9.720000000     0.000412759    -0.377939251     0.000369666
     9.730000000     0.000428156    -0.372543537     0.000383455
     9.740000000     0.000426713    -0.367205856     0.000382163
     9.750000000     0.000408600    -0.361910283     0.000365941
     9.760000000     0.000375914    -0.356646403     0.000336667
     9.770000000     0.000332282    -0.351412716     0.000297591
     9.780000000     0.000282198    -0.346212856     0.000252736
     9.790000000     0.000230266    -0.341051160     0.000206225
     9.800000000     0.000180523    -0.335930738     0.000161676
     9.810000000     0.000135976    -0.330853276     0.000121780
     9.820000000     0.000098406    -0.325819419     0.000088132
     9.830000000     0.000068424    -0.320829163     0.000061281
     9.840000000     0.000045712    -0.315882140     0.000040939
     9.850000000     0.000029341    -0.310977782     0.000026277
     9.860000000     0.000018094    -0.306115427     0.000016205
     9.870000000     0.000010721    -0.301294370     0.000009602
     9.880000000     0.000006103    -0.296513895     0.000005466
     9.890000000     0.000003338    -0.291773290     0.000002990
     9.900000000     0.000001754    -0.287071859     0.000001571
     9.910000000     0.000000886    -0.282408923     0.000000793
     9.920000000     0.000000430    -0.277783821     0.000000385
     9.930000000     0.000000200    -0.273195913     0.000000179
     9.940000000     0.000000090    -0.268644578     0.000000080
     9.950000000     0.000000039    -0.264129214     0.000000035
     9.960000000     0.000000016    -0.259649239     0.000000014
     9.970000000     0.000000006    -0.255204084     0.000000006
     9.980000000     0.000000002    -0.250793201     0.000000002
     9.990000000     0.000000001    -0.246416055     0.000000001
    10.000000000     0.000000000    -0.242072127     0.000000000
    10.010000000     0.000000000    -0.237760911     0.000000000
    10.020000000     0.000000000    -0.233481915     0.000000000
    10.030000000     0.000000000    -0.229234661     0.000000000
    10.040000000     0.000000000    -0.225018682     0.000000000
    10.050000000     0.000000000    -0.220833524     0.000000000
    10.060000000     0.000000000    -0.216678744     0.000000000
    10.070000000     0.000000000    -0.212553909     0.000000000
    10.080000000     0.000000000    -0.208458597     0.000000000
    10.090000000     0.000000000    -0.204392396     0.000000000
    10.100000000     0.000000000    -0.200354905     0.000000000
    10.110000000     0.000000000    -0.196345730     0.000000000
    10.120000000     0.000000000    -0.192364489     0.000000000
    10.130000000     0.000000000    -0.188410805     0.000000000
    10.140000000     0.000000000    -0.184484314     0.000000000
    10.150000000     0.000000000    -0.180584655     0.000000000
    10.160000000     0.000000000    -0.176711479     0.000000000
    10.170000000     0.000000000    -0.172864442     0.000000000
    10.180000000     0.000000000    -0.169043210     0.000000000
    10.190000000     0.000000000    -0.165247453     0.000000000
    10.200000000     0.000000000    -0.161476850     0.000000000
    10.210000000     0.000000000    -0.157731087     0.000000000
    10.220000000     0.000000000    -0.154009855     0.000000000
    10.230000000     0.000000000    -0.150312852     0.000000000
    10.240000000     0.000000000    -0.146639782     0.000000000
    10.250000000     0.000000000    -0.142990356     0.000000000
    10.260000000     0.000000000    -0.139364289     0.000000000
    10.270000000     0.000000000    -0.135761302     0.000000000
    10.280000000     0.000000000    -0.132181123     0.000000000
    10.290000000     0.000000000    -0.128623485     0.000000000
    10.300000000     0.000000000    -0.125088123     0.000000000
    10.310000000     0.000000000    -0.121574781     0.000000000
    10.320000000     0.000000000    -0.118083206     0.000000000
    10.330000000     0.000000000    -0.114613151     0.000000000
    10.340000000     0.000000000    -0.111164370     0.000000000
    10.350000000     0.000000000    -0.107736627     0.000000000
    10.360000000     0.000000000    -0.104329685     0.000000000
    10.370000000     0.000000000    -0.100943316     0.000000000
    10.380000000     0.000000000    -0.097577292     0.000000000
    10.390000000     0.000000000    -0.094231392     0.000000000
    10.400000000     0.000000000    -0.090905398     0.000000000
    10.410000000     0.000000000    -0.087599096     0.000000000
    10.420000000     0.000000000    -0.084312274     0.000000000
    10.430000000     0.000000000    -0.081044727     0.000000000
    10.440000000     0.000000000    -0.077796250     0.000000000
    10.450000000     0.000000000    -0.074566644     0.000000000
    10.460000000     0.000000000    -0.071355712     0.000000000
    10.470000000     0.000000000    -0.068163262     0.000000000
    10.480000000     0.000000000    -0.064989103     0.000000000
    10.490000000     0.000000000    -0.061833049     0.000000000
    10.500000000     0.000000000    -0.058694916     0.000000000
    10.510000000     0.000000000    -0.055574524     0.000000000
    10.520000000     0.000000000    -0.052471694     0.000000000
    10.530000000     0.000000000    -0.049386251     0.000000000
    10.540000000     0.000000000    -0.046318025     0.000000000
    10.550000000     0.000000000    -0.043266845     0.000000000
    10.560000000     0.000000000    -0.040232544     0.000000000
    10.570000000     0.000000000    -0.037214959     0.000000000
    10.580000000     0.000000000    -0.034213929     0.000000000
    10.590000000     0.000000000    -0.031229294     0.000000000
    10.600000000     0.000000000    -0.028260897     0.000000000
    10.610000000     0.000000000    -0.025308585     0.000000000
    10.620000000     0.000000000    -0.022372206     0.000000000
    10.630000000     0.000000000    -0.019451611     0.000000000
    10.640000000     0.000000000    -0.016546651     0.000000000
    10.650000000     0.000000000    -0.013657182     0.000000000
    10.660000000     0.000000000    -0.010783061     0.000000000
    10.670000000     0.000000000    -0.007924148     0.000000000
    10.680000000     0.000000000    -0.005080303     0.000000000
    10.690000000     0.000000000    -0.002251390     0.000000000
    10.700000000     0.000000000     0.000562727     0.000000000
    10.710000000     0.000000000     0.003362179     0.000000000
    10.720000000     0.000000000     0.006147098     0.000000000
    10.730000000     0.000000000     0.008917614     0.000000000
    10.740000000     0.000000000     0.011673852     0.000000000
    10.750000000     0.000000000     0.014415939     0.000000000
    10.760000000     0.000000000     0.017143999     0.000000000
    10.770000000     0.000000000     0.019858154     0.000000000
    10.780000000     0.000000000     0.022558524     0.000000000
    10.790000000     0.000000000     0.025245227     0.000000000
    10.800000000     0.000000000     0.027918381     0.000000000
    10.810000000     0.000000000     0.030578102     0.000000000
    10.820000000     0.000000000     0.033224503     0.000000000
    10.830000000     0.000000000     0.035857697     0.000000000
    10.840000000     0.000000000     0.038477794     0.000000000
    10.850000000     0.000000000     0.041084906     0.000000000
    10.860000000     0.000000000     0.043679138     0.000000000
    10.870000000     0.000000000     0.046260599     0.000000000
    10.880000000     0.000000000     0.048829394     0.000000000
    10.890000000     0.000000000     0.051385625     0.000000000
    10.900000000     0.000000000     0.053929397     0.000000000
    10.910000000     0.000000000     0.056460810     0.000000000
    10.920000000     0.000000000     0.058979965     0.000000000
    10.930000000     0.000000000     0.061486959     0.000000000
    10.940000000     0.000000000     0.063981891     0.000000000
    10.950000000     0.000000000     0.066464857     0.000000000
    10.960000000     0.000000000     0.068935952     0.000000000
    10.970000000     0.000000000     0.071395270     0.000000000
    10.980000000     0.000000000     0.073842904     0.000000000
    10.990000000     0.000000000     0.076278945     0.000000000
    11.000000000     0.000000000     0.078703484     0.000000000
