 # Column 1: omega
 # Column 2: eps2(omega)
 # Column 3: eps1(omega)
 # Column 4: JDOS(omega)
     0.000000000     0.000000000     2.399174660     0.000000000
     0.010000000     0.000000000     2.399191429     0.000000000
     0.020000000     0.000000000     2.399241737     0.000000000
     0.030000000     0.000000000     2.399325601     0.000000000
     0.040000000     0.000000000     2.399443043     0.000000000
     0.050000000     0.000000000     2.399594095     0.000000000
     0.060000000     0.000000000     2.399778801     0.000000000
     0.070000000     0.000000000     2.399997212     0.000000000
     0.080000000     0.000000000     2.400249388     0.000000000
     0.090000000     0.000000000     2.400535401     0.000000000
     0.100000000     0.000000000     2.400855330     0.000000000
     0.110000000     0.000000000     2.401209267     0.000000000
     0.120000000     0.000000000     2.401597309     0.000000000
     0.130000000     0.000000000     2.402019568     0.000000000
     0.140000000     0.000000000     2.402476161     0.000000000
     0.150000000     0.000000000     2.402967220     0.000000000
     0.160000000     0.000000000     2.403492882     0.000000000
     0.170000000     0.000000000     2.404053298     0.000000000
     0.180000000     0.000000000     2.404648629     0.000000000
     0.190000000     0.000000000     2.405279045     0.000000000
     0.200000000     0.000000000     2.405944726     0.000000000
     0.210000000     0.000000000     2.406645866     0.000000000
     0.220000000     0.000000000     2.407382668     0.000000000
     0.230000000     0.000000000     2.408155346     0.000000000
     0.240000000     0.000000000     2.408964126     0.000000000
     0.250000000     0.000000000     2.409809244     0.000000000
     0.260000000     0.000000000     2.410690950     0.000000000
     0.270000000     0.000000000     2.411609506     0.000000000
     0.280000000     0.000000000     2.412565184     0.000000000
     0.290000000     0.000000000     2.413558270     0.000000000
     0.300000000     0.000000000     2.414589063     0.000000000
     0.310000000     0.000000000     2.415657874     0.000000000
     0.320000000     0.000000000     2.416765028     0.000000000
     0.330000000     0.000000000     2.417910864     0.000000000
     0.340000000     0.000000000     2.419095734     0.000000000
     0.350000000     0.000000000     2.420320004     0.000000000
     0.360000000     0.000000000     2.421584057     0.000000000
     0.370000000     0.000000000     2.422888289     0.000000000
     0.380000000     0.000000000     2.424233110     0.000000000
     0.390000000     0.000000000     2.425618950     0.000000000
     0.400000000     0.000000000     2.427046252     0.000000000
     0.410000000     0.000000000     2.428515475     0.000000000
     0.420000000     0.000000000     2.430027099     0.000000000
     0.430000000     0.000000000     2.431581618     0.000000000
     0.440000000     0.000000000     2.433179546     0.000000000
     0.450000000     0.000000000     2.434821415     0.000000000
     0.460000000     0.000000000     2.436507777     0.000000000
     0.470000000     0.000000000     2.438239203     0.000000000
     0.480000000     0.000000000     2.440016284     0.000000000
     0.490000000     0.000000000     2.441839635     0.000000000
     0.500000000     0.000000000     2.443709889     0.000000000
     0.510000000     0.000000000     2.445627705     0.000000000
     0.520000000     0.000000000     2.447593763     0.000000000
     0.530000000     0.000000000     2.449608768     0.000000000
     0.540000000     0.000000000     2.451673449     0.000000000
     0.550000000     0.000000000     2.453788564     0.000000000
     0.560000000     0.000000000     2.455954893     0.000000000
     0.570000000     0.000000000     2.458173247     0.000000000
     0.580000000     0.000000000     2.460444465     0.000000000
     0.590000000     0.000000000     2.462769415     0.000000000
     0.600000000     0.000000000     2.465148998     0.000000000
     0.610000000     0.000000000     2.467584143     0.000000000
     0.620000000     0.000000000     2.470075816     0.000000000
     0.630000000     0.000000000     2.472625017     0.000000000
     0.640000000     0.000000000     2.475232779     0.000000000
     0.650000000     0.000000000     2.477900177     0.000000000
     0.660000000     0.000000000     2.480628321     0.000000000
     0.670000000     0.000000000     2.483418363     0.000000000
     0.680000000     0.000000000     2.486271497     0.000000000
     0.690000000     0.000000000     2.489188961     0.000000000
     0.700000000     0.000000000     2.492172038     0.000000000
     0.710000000     0.000000000     2.495222060     0.000000000
     0.720000000     0.000000000     2.498340408     0.000000000
     0.730000000     0.000000000     2.501528514     0.000000000
     0.740000000     0.000000000     2.504787866     0.000000000
     0.750000000     0.000000000     2.508120007     0.000000000
     0.760000000     0.000000000     2.511526542     0.000000000
     0.770000000     0.000000000     2.515009134     0.000000000
     0.780000000     0.000000000     2.518569513     0.000000000
     0.790000000     0.000000000     2.522209479     0.000000000
     0.800000000     0.000000000     2.525930899     0.000000000
     0.810000000     0.000000000     2.529735718     0.000000000
     0.820000000     0.000000000     2.533625957     0.000000000
     0.830000000     0.000000000     2.537603721     0.000000000
     0.840000000     0.000000000     2.541671200     0.000000000
     0.850000000     0.000000000     2.545830675     0.000000000
     0.860000000     0.000000000     2.550084522     0.000000000
     0.870000000     0.000000000     2.554435218     0.000000000
     0.880000000     0.000000000     2.558885344     0.000000000
     0.890000000     0.000000000     2.563437595     0.000000000
     0.900000000     0.000000000     2.568094779     0.000000000
     0.910000000     0.000000000     2.572859831     0.000000000
     0.920000000     0.000000000     2.577735814     0.000000000
     0.930000000     0.000000000     2.582725931     0.000000000
     0.940000000     0.000000000     2.587833529     0.000000000
     0.950000000     0.000000000     2.593062108     0.000000000
     0.960000000     0.000000000     2.598415333     0.000000000
     0.970000000     0.000000000     2.603897041     0.000000000
     0.980000000     0.000000000     2.609511250     0.000000000
     0.990000000     0.000000000     2.615262173     0.000000000
     1.000000000     0.000000000     2.621154230     0.000000000
     1.010000000     0.000000000     2.627192059     0.000000000
     1.020000000     0.000000000     2.633380529     0.000000000
     1.030000000     0.000000000     2.639724761     0.000000000
     1.040000000     0.000000000     2.646230134     0.000000000
     1.050000000     0.000000000     2.652902312     0.000000000
     1.060000000     0.000000000     2.659747259     0.000000000
     1.070000000     0.000000000     2.666771259     0.000000000
     1.080000000     0.000000000     2.673980939     0.000000000
     1.090000000     0.000000000     2.681383292     0.000000000
     1.100000000     0.000000000     2.688985706     0.000000000
     1.110000000     0.000000000     2.696795989     0.000000000
     1.120000000     0.000000000     2.704822405     0.000000000
     1.130000000     0.000000000     2.713073702     0.000000000
     1.140000000     0.000000000     2.721559153     0.000000000
     1.150000000     0.000000000     2.730288598     0.000000000
     1.160000000     0.000000000     2.739272483     0.000000000
     1.170000000     0.000000000     2.748521915     0.000000000
     1.180000000     0.000000000     2.758048713     0.000000000
     1.190000000     0.000000000     2.767865467     0.000000000
     1.200000000     0.000000000     2.777985603     0.000000000
     1.210000000     0.000000000     2.788423459     0.000000000
     1.220000000     0.000000000     2.799194360     0.000000000
     1.230000000     0.000000000     2.810314709     0.000000000
     1.240000000     0.000000000     2.821802085     0.000000000
     1.250000000     0.000000000     2.833675353     0.000000000
     1.260000000     0.000000000     2.845954787     0.000000000
     1.270000000     0.000000000     2.858662201     0.000000000
     1.280000000     0.000000000     2.871821110     0.000000000
     1.290000000     0.000000000     2.885456894     0.000000000
     1.300000000     0.000000000     2.899596993     0.000000000
     1.310000000     0.000000000     2.914271124     0.000000000
     1.320000000     0.000000000     2.929511523     0.000000000
     1.330000000     0.000000000     2.945353223     0.000000000
     1.340000000     0.000000000     2.961834367     0.000000000
     1.350000000     0.000000000     2.978996562     0.000000000
     1.360000000     0.000000000     2.996885286     0.000000000
     1.370000000     0.000000000     3.015550348     0.000000000
     1.380000000     0.000000002     3.035046414     0.000000000
     1.390000000     0.000000006     3.055433616     0.000000000
     1.400000000     0.000000020     3.076778241     0.000000000
     1.410000000     0.000000063     3.099153532     0.000000000
     1.420000000     0.000000196     3.122640600     0.000000001
     1.430000000     0.000000589     3.147329484     0.000000002
     1.440000000     0.000001708     3.173320365     0.000000005
     1.450000000     0.000004776     3.200724967     0.000000013
     1.460000000     0.000012878     3.229668161     0.000000033
     1.470000000     0.000033472     3.260289802     0.000000077
     1.480000000     0.000083849     3.292746814     0.000000174
     1.490000000     0.000202382     3.327215534     0.000000377
     1.500000000     0.000470556     3.363894282     0.000000788
     1.510000000     0.001053682     3.403006117     0.000001581
     1.520000000     0.002271796     3.444801607     0.000003054
     1.530000000     0.004715191     3.489561327     0.000005677
     1.540000000     0.009419188     3.537597494     0.000010154
     1.550000000     0.018106416     3.589253707     0.000017481
     1.560000000     0.033487554     3.644900861     0.000028974
     1.570000000     0.059579902     3.704925833     0.000046243
     1.580000000     0.101958010     3.769706813     0.000071086
     1.590000000     0.167800776     3.839564373     0.000105274
     1.600000000     0.265564040     3.914668767     0.000150234
     1.610000000     0.404114597     3.994868993     0.000206649
     1.620000000     0.591238442     4.079383569     0.000274051
     1.630000000     0.831595983     4.166252792     0.000350487
     1.640000000     1.124421170     4.251399170     0.000432382
     1.650000000     1.461490682     4.327103805     0.000514675
     1.660000000     1.826031442     4.379777160     0.000591279
     1.670000000     2.193195486     4.387335451     0.000655833
     1.680000000     2.532458277     4.317946292     0.000702649
     1.690000000     2.811820523     4.135536504     0.000727680
     1.700000000     3.003138764     3.820968023     0.000729343
     1.710000000     3.087463159     3.405887855     0.000709017
     1.720000000     3.059100456     2.981340970     0.000671128
     1.730000000     2.927337590     2.647484394     0.000622797
     1.740000000     2.715312036     2.452355793     0.000573121
     1.750000000     2.456227729     2.385596006     0.000532199
     1.760000000     2.187759739     2.410865608     0.000510075
     1.770000000     1.945871034     2.492277428     0.000515723
     1.780000000     1.759293871     2.603062848     0.000556222
     1.790000000     1.645649196     2.724317877     0.000636207
     1.800000000     1.609724624     2.840932437     0.000757661
     1.810000000     1.643960729     2.937708616     0.000920108
     1.820000000     1.730820122     2.997292620     0.001121173
     1.830000000     1.846477273     3.002336461     0.001357478
     1.840000000     1.965155608     2.943661688     0.001625759
     1.850000000     2.063417818     2.828770776     0.001924050
     1.860000000     2.123763473     2.678693028     0.002252763
     1.870000000     2.137005474     2.517393584     0.002615520
     1.880000000     2.103092720     2.371295586     0.003019608
     1.890000000     2.030314266     2.269750776     0.003475992
     1.900000000     1.933121361     2.231122275     0.003998834
     1.910000000     1.829070396     2.252133015     0.004604489
     1.920000000     1.735547884     2.314265366     0.005309973
     1.930000000     1.666939276     2.395017733     0.006130956
     1.940000000     1.632745599     2.473841414     0.007079440
     1.950000000     1.636885382     2.534782877     0.008161386
     1.960000000     1.678126323     2.569731967     0.009374650
     1.970000000     1.751354045     2.581056458     0.010707607
     1.980000000     1.849257558     2.578112574     0.012138710
     1.990000000     1.964002881     2.567508081     0.013637122
     2.000000000     2.088550662     2.547136417     0.015164373
     2.010000000     2.217407168     2.509554501     0.016676903
     2.020000000     2.346742517     2.450911892     0.018129357
     2.030000000     2.473943888     2.378337978     0.019478523
     2.040000000     2.596786223     2.306348350     0.020687773
     2.050000000     2.712490054     2.243278085     0.021731702
     2.060000000     2.816977727     2.183242045     0.022600424
     2.070000000     2.904610894     2.110771242     0.023302617
     2.080000000     2.968578285     2.009947272     0.023866324
     2.090000000     3.001916195     1.871337775     0.024336656
     2.100000000     2.998933424     1.696875676     0.024770143
     2.110000000     2.956650379     1.502826679     0.025226293
     2.120000000     2.875816067     1.316559197     0.025757867
     2.130000000     2.761166535     1.165237382     0.026401917
     2.140000000     2.620807713     1.063308312     0.027173736
     2.150000000     2.464869122     1.008071712     0.028065264
     2.160000000     2.303788372     0.984948392     0.029048438
     2.170000000     2.146675778     0.976255673     0.030082731
     2.180000000     2.000149756     0.968448419     0.031125105
     2.190000000     1.867859365     0.955881966     0.032140089
     2.200000000     1.750691380     0.940044424     0.033107779
     2.210000000     1.647474006     0.924603775     0.034028228
     2.220000000     1.555892238     0.911049991     0.034921628
     2.230000000     1.473336322     0.899734428     0.035824683
     2.240000000     1.397492151     0.892459036     0.036784290
     2.250000000     1.326606303     0.891294626     0.037850067
     2.260000000     1.259472163     0.896057775     0.039067227
     2.270000000     1.195254414     0.904441500     0.040471006
     2.280000000     1.133285292     0.913881676     0.042083276
     2.290000000     1.072934864     0.922625062     0.043911463
     2.300000000     1.013599679     0.929435630     0.045949340
     2.310000000     0.954793894     0.933646155     0.048179004
     2.320000000     0.896284937     0.936787304     0.050573241
     2.330000000     0.838203373     0.943104584     0.053097667
     2.340000000     0.781073426     0.956572929     0.055712284
     2.350000000     0.725746359     0.977844307     0.058372466
     2.360000000     0.673257437     1.004758687     0.061029646
     2.370000000     0.624653499     1.034633327     0.063632087
     2.380000000     0.580843568     1.065415073     0.066126083
     2.390000000     0.542510116     1.095680461     0.068457691
     2.400000000     0.510092290     1.124856124     0.070574900
     2.410000000     0.483826620     1.153680916     0.072429944
     2.420000000     0.463815206     1.183642460     0.073981471
     2.430000000     0.450089890     1.215442800     0.075196414
     2.440000000     0.442650284     1.248183037     0.076051655
     2.450000000     0.441467060     1.279940129     0.076535672
     2.460000000     0.446452869     1.308979646     0.076650378
     2.470000000     0.457408665     1.334717786     0.076413078
     2.480000000     0.473954288     1.357688218     0.075858134
     2.490000000     0.495452457     1.378489093     0.075037612
     2.500000000     0.520938035     1.396807791     0.074020121
     2.510000000     0.549069586     1.411503629     0.072887247
     2.520000000     0.578124720     1.421379978     0.071727523
     2.530000000     0.606059926     1.425546528     0.070628469
     2.540000000     0.630646183     1.423186315     0.069667786
     2.550000000     0.649674082     1.413638154     0.068905091
     2.560000000     0.661201099     1.397191092     0.068375533
     2.570000000     0.663796515     1.375817075     0.068086300
     2.580000000     0.656733193     1.352927031     0.068016486
     2.590000000     0.640083825     1.332166985     0.068120148
     2.600000000     0.614700538     1.316189889     0.068331921
     2.610000000     0.582084554     1.306193007     0.068574223
     2.620000000     0.544177889     1.302227453     0.068765002
     2.630000000     0.503123847     1.303625525     0.068825120
     2.640000000     0.461043357     1.309243077     0.068684698
     2.650000000     0.419861319     1.317940299     0.068287957
     2.660000000     0.381196904     1.329159652     0.067596322
     2.670000000     0.346311923     1.342902413     0.066589600
     2.680000000     0.316098644     1.359215487     0.065265201
     2.690000000     0.291085873     1.377807980     0.063635522
     2.700000000     0.271448814     1.397982877     0.061723872
     2.710000000     0.257019918     1.418793499     0.059559655
     2.720000000     0.247308874     1.439252408     0.057173727
     2.730000000     0.241545469     1.458382848     0.054594963
     2.740000000     0.238756525     1.475242472     0.051848757
     2.750000000     0.237878301     1.489214830     0.048957764
     2.760000000     0.237891727     1.500316549     0.045944535
     2.770000000     0.237954882     1.508949912     0.042835161
     2.780000000     0.237500471     1.515521285     0.039662717
     2.790000000     0.236269636     1.520926081     0.036469348
     2.800000000     0.234267994     1.527071260     0.033306191
     2.810000000     0.231652074     1.535835856     0.030230917
     2.820000000     0.228577423     1.547481279     0.027303357
     2.830000000     0.225055258     1.560475535     0.024580107
     2.840000000     0.220865684     1.572522651     0.022109310
     2.850000000     0.215559990     1.581609675     0.019926637
     2.860000000     0.208556562     1.586595192     0.018053139
     2.870000000     0.199303687     1.587632581     0.016495140
     2.880000000     0.187459474     1.586701813     0.015245804
     2.890000000     0.173032653     1.587212914     0.014287744
     2.900000000     0.156440658     1.592042269     0.013595924
     2.910000000     0.138468011     1.601972376     0.013140273
     2.920000000     0.120138708     1.616030406     0.012887698
     2.930000000     0.102540012     1.632679128     0.012803463
     2.940000000     0.086644630     1.650589822     0.012852124
     2.950000000     0.073172295     1.668855654     0.012998262
     2.960000000     0.062514866     1.686954674     0.013207227
     2.970000000     0.054728746     1.704634637     0.013445999
     2.980000000     0.049581890     1.721792111     0.013684157
     2.990000000     0.046634067     1.738369929     0.013894865
     3.000000000     0.045328609     1.754254843     0.014055764
     3.010000000     0.045079010     1.769246636     0.014149656
     3.020000000     0.045340712     1.783172329     0.014164892
     3.030000000     0.045664415     1.796069766     0.014095444
     3.040000000     0.045730858     1.808279675     0.013940645
     3.050000000     0.045368450     1.820330338     0.013704702
     3.060000000     0.044555322     1.832671929     0.013396073
     3.070000000     0.043407087     1.845462285     0.013026857
     3.080000000     0.042151593     1.858595255     0.012612283
     3.090000000     0.041092205     1.871952902     0.012170279
     3.100000000     0.040561910     1.885609655     0.011721025
     3.110000000     0.040871721     1.899750215     0.011286302
     3.120000000     0.042258508     1.914423858     0.010888500
     3.130000000     0.044839079     1.929429280     0.010549245
     3.140000000     0.048578432     1.944358679     0.010287798
     3.150000000     0.053279668     1.958673314     0.010119482
     3.160000000     0.058600544     1.971802992     0.010054481
     3.170000000     0.064097015     1.983346099     0.010097237
     3.180000000     0.069288435     1.993308057     0.010246588
     3.190000000     0.073733687     2.002086755     0.010496638
     3.200000000     0.077104320     2.010152561     0.010838249
     3.210000000     0.079240645     2.017932891     0.011261038
     3.220000000     0.080180133     2.026020131     0.011755670
     3.230000000     0.080153272     2.035079097     0.012316209
     3.240000000     0.079548788     2.045451046     0.012942112
     3.250000000     0.078855906     2.057088881     0.013639383
     3.260000000     0.078594764     2.069780036     0.014420376
     3.270000000     0.079246578     2.083229648     0.015301949
     3.280000000     0.081193209     2.097037463     0.016302063
     3.290000000     0.084672432     2.110809680     0.017435349
     3.300000000     0.089751949     2.124338530     0.018708629
     3.310000000     0.096322975     2.137574414     0.020117489
     3.320000000     0.104113322     2.150351112     0.021644837
     3.330000000     0.112719809     2.162261799     0.023261969
     3.340000000     0.121659452     2.172908630     0.024931998
     3.350000000     0.130437172     2.182178858     0.026615007
     3.360000000     0.138624411     2.190248642     0.028273923
     3.370000000     0.145938402     2.197404177     0.029880054
     3.380000000     0.152307619     2.203905138     0.031417448
     3.390000000     0.157906964     2.210123041     0.032885518
     3.400000000     0.163148501     2.216842673     0.034299742
     3.410000000     0.168620869     2.225093108     0.035690443
     3.420000000     0.174982058     2.235446551     0.037099823
     3.430000000     0.182823567     2.247633084     0.038577558
     3.440000000     0.192535047     2.260794507     0.040175325
     3.450000000     0.204203245     2.273866746     0.041940872
     3.460000000     0.217574351     2.285732165     0.043912298
     3.470000000     0.232094471     2.295224085     0.046113338
     3.480000000     0.247021894     2.301230744     0.048550263
     3.490000000     0.261583238     2.303148583     0.051210801
     3.500000000     0.275130830     2.301589977     0.054065110
     3.510000000     0.287256818     2.298619832     0.057068552
     3.520000000     0.297832408     2.296906515     0.060165859
     3.530000000     0.306964893     2.298267807     0.063296265
     3.540000000     0.314892358     2.302737987     0.066399252
     3.550000000     0.321856238     2.308725638     0.069420599
     3.560000000     0.327997297     2.313967112     0.072318331
     3.570000000     0.333309092     2.316632478     0.075067953
     3.580000000     0.337659250     2.316126798     0.077666098
     3.590000000     0.340862591     2.313317635     0.080131628
     3.600000000     0.342771785     2.310023340     0.082503420
     3.610000000     0.343347682     2.308083487     0.084834674
     3.620000000     0.342683010     2.308635497     0.087184410
     3.630000000     0.340974070     2.311843342     0.089607756
     3.640000000     0.338455933     2.316935149     0.092147206
     3.650000000     0.335329355     2.322512865     0.094827077
     3.660000000     0.331707949     2.327247090     0.097652722
     3.670000000     0.327603684     2.330702371     0.100614824
     3.680000000     0.322953003     2.333579660     0.103697669
     3.690000000     0.317671565     2.337040033     0.106889042
     3.700000000     0.311717737     2.341806643     0.110188866
     3.710000000     0.305144958     2.347881433     0.113613998
     3.720000000     0.298129331     2.354942869     0.117197670
     3.730000000     0.290967660     2.362923633     0.120983585
     3.740000000     0.284049463     2.372186443     0.125016200
     3.750000000     0.277812014     2.383162218     0.129329648
     3.760000000     0.272689823     2.395898815     0.133938082
     3.770000000     0.269069552     2.409967979     0.138829595
     3.780000000     0.267259050     2.424720468     0.143964881
     3.790000000     0.267475740     2.439591884     0.149280507
     3.800000000     0.269855529     2.454277650     0.154695627
     3.810000000     0.274479087     2.468759826     0.160120363
     3.820000000     0.281408252     2.483128873     0.165463972
     3.830000000     0.290721829     2.497337479     0.170641280
     3.840000000     0.302537910     2.511144158     0.175576503
     3.850000000     0.317009898     2.524258365     0.180204280
     3.860000000     0.334286683     2.536542799     0.184468444
     3.870000000     0.354434728     2.548102630     0.188319564
     3.880000000     0.377330736     2.559125822     0.191712581
     3.890000000     0.402546245     2.569520039     0.194605844
     3.900000000     0.429255933     2.578625749     0.196962521
     3.910000000     0.456204818     2.585233717     0.198754625
     3.920000000     0.481762221     2.587795186     0.199969063
     3.930000000     0.504071627     2.584714084     0.200614210
     3.940000000     0.521279559     2.574991188     0.200725015
     3.950000000     0.531801307     2.559231477     0.200364678
     3.960000000     0.534566057     2.540193838     0.199621619
     3.970000000     0.529185395     2.522106147     0.198601630
     3.980000000     0.516007941     2.509024344     0.197416431
     3.990000000     0.496052955     2.503145047     0.196170827
     4.000000000     0.470846525     2.504060166     0.194951103
     4.010000000     0.442204674     2.509607084     0.193816891
     4.020000000     0.412012419     2.517747641     0.192797845
     4.030000000     0.382037265     2.528039880     0.191895221
     4.040000000     0.353796597     2.541524135     0.191087434
     4.050000000     0.328479894     2.559198922     0.190338026
     4.060000000     0.306915412     2.580861568     0.189604436
     4.070000000     0.289568782     2.605357060     0.188846328
     4.080000000     0.276564971     2.631283573     0.188032763
     4.090000000     0.267730155     2.657317222     0.187147986
     4.100000000     0.262651955     2.682442918     0.186195766
     4.110000000     0.260754318     2.706267169     0.185202189
     4.120000000     0.261378826     2.729092982     0.184216608
     4.130000000     0.263861014     2.751594510     0.183310321
     4.140000000     0.267590664     2.774320958     0.182572698
     4.150000000     0.272049386     2.797399903     0.182104793
     4.160000000     0.276825119     2.820631405     0.182011048
     4.170000000     0.281608639     2.843786107     0.182390146
     4.180000000     0.286179690     2.866768090     0.183326382
     4.190000000     0.290389542     2.889587929     0.184882824
     4.200000000     0.294143969     2.912413094     0.187097125
     4.210000000     0.297387830     2.935717865     0.189980244
     4.220000000     0.300091122     2.960139365     0.193517572
     4.230000000     0.302236895     2.986015966     0.197671458
     4.240000000     0.303812683     3.013129625     0.202383852
     4.250000000     0.304807956     3.040958914     0.207577915
     4.260000000     0.305219414     3.069194243     0.213157938
     4.270000000     0.305064039     3.098088072     0.219007617
     4.280000000     0.304397447     3.128381865     0.224987391
     4.290000000     0.303333580     3.160859471     0.230932081
     4.300000000     0.302061758     3.195878587     0.236650156
     4.310000000     0.300858738     3.233274059     0.241925799
     4.320000000     0.300096052     3.272741058     0.246524513
     4.330000000     0.300245991     3.314375044     0.250202530
     4.340000000     0.301892643     3.358798365     0.252719857
     4.350000000     0.305757022     3.406659935     0.253856419
     4.360000000     0.312746967     3.458093121     0.253430348
     4.370000000     0.324041894     3.512738242     0.251317013
     4.380000000     0.341217854     3.570136559     0.247466785
     4.390000000     0.366407525     3.630014879     0.241919042
     4.400000000     0.402471343     3.692387077     0.234809674
     4.410000000     0.453130641     3.757536575     0.226369693
     4.420000000     0.522985751     3.825751107     0.216913541
     4.430000000     0.617321126     3.896871073     0.206817263
     4.440000000     0.741599902     3.969922110     0.196488561
     4.450000000     0.900587718     4.042967029     0.186332395
     4.460000000     1.097129999     4.113356453     0.176716753
     4.470000000     1.330733049     4.178122831     0.167943336
     4.480000000     1.596239524     4.233303943     0.160227008
     4.490000000     1.882993391     4.271556977     0.153686377
     4.500000000     2.174900296     4.279645041     0.148346007
     4.510000000     2.451663488     4.238455922     0.144149073
     4.520000000     2.691213020     4.127361418     0.140977819
     4.530000000     2.873003608     3.934164768     0.138678270
     4.540000000     2.981540086     3.669310340     0.137085179
     4.550000000     3.009318198     3.374183371     0.136043378
     4.560000000     2.958426819     3.108325719     0.135422391
     4.570000000     2.840353369     2.919171549     0.135122618
     4.580000000     2.673986318     2.821631744     0.135073230
     4.590000000     2.482274617     2.802385440     0.135223872
     4.600000000     2.288333167     2.836130330     0.135533749
     4.610000000     2.111877168     2.898060381     0.135962138
     4.620000000     1.966713458     2.968889555     0.136463574
     4.630000000     1.859685335     3.035323601     0.136989165
     4.640000000     1.791078407     3.089535309     0.137493162
     4.650000000     1.756166981     3.129442318     0.137942105
     4.660000000     1.747389568     3.157891732     0.138323030
     4.670000000     1.756606889     3.178462405     0.138647787
     4.680000000     1.776986810     3.191877824     0.138952083
     4.690000000     1.804224132     3.199186004     0.139289811
     4.700000000     1.836985779     3.207765973     0.139724773
     4.710000000     1.876634168     3.229025841     0.140322439
     4.720000000     1.926401322     3.268460625     0.141143925
     4.730000000     1.990254281     3.321017267     0.142243069
     4.740000000     2.071708017     3.376116437     0.143666100
     4.750000000     2.172811242     3.424651311     0.145452411
     4.760000000     2.293465713     3.461237265     0.147634736
     4.770000000     2.431158426     3.482457495     0.150237675
     4.780000000     2.581107327     3.485912151     0.153274551
     4.790000000     2.736759238     3.471174888     0.156743630
     4.800000000     2.890539830     3.438649706     0.160625263
     4.810000000     3.034737771     3.386691086     0.164881296
     4.820000000     3.162402701     3.313536345     0.169457325
     4.830000000     3.268144436     3.222623853     0.174287285
     4.840000000     3.348737075     3.122637815     0.179299093
     4.850000000     3.403457420     3.023131366     0.184419831
     4.860000000     3.434121904     2.932136535     0.189579420
     4.870000000     3.444826221     2.854776503     0.194712603
     4.880000000     3.441430071     2.791295684     0.199759920
     4.890000000     3.430859080     2.738430112     0.204668754
     4.900000000     3.420313576     2.694336194     0.209395306
     4.910000000     3.416480734     2.661051966     0.213907604
     4.920000000     3.424845239     2.640784533     0.218188703
     4.930000000     3.449185089     2.630594736     0.222238691
     4.940000000     3.491320293     2.622124080     0.226074090
     4.950000000     3.551148419     2.606080531     0.229723974
     4.960000000     3.626950902     2.576648748     0.233223188
     4.970000000     3.715895153     2.532018858     0.236604124
     4.980000000     3.814606111     2.472036217     0.239889132
     4.990000000     3.919657488     2.397719201     0.243085641
     5.000000000     4.027852695     2.313367148     0.246185404
     5.010000000     4.136229462     2.225797880     0.249168216
     5.020000000     4.241814205     2.138960443     0.252009300
     5.030000000     4.341242407     2.049966768     0.254688561
     5.040000000     4.430417564     1.951087543     0.257199441
     5.050000000     4.504381289     1.835144831     0.259555088
     5.060000000     4.557508269     1.699113744     0.261790197
     5.070000000     4.584040103     1.544289079     0.263957888
     5.080000000     4.578864188     1.375241753     0.266122151
     5.090000000     4.538362748     1.198964447     0.268347452
     5.100000000     4.461127926     1.024105017     0.270687610
     5.110000000     4.348368447     0.860389872     0.273176101
     5.120000000     4.203909919     0.717140985     0.275819308
     5.130000000     4.033788859     0.600283464     0.278593456
     5.140000000     3.845531056     0.510653060     0.281445131
     5.150000000     3.647264803     0.445693308     0.284294824
     5.160000000     3.446837836     0.402105281     0.287042785
     5.170000000     3.251086171     0.376922056     0.289576594
     5.180000000     3.065355529     0.367464936     0.291779977
     5.190000000     2.893317870     0.370997118     0.293542315
     5.200000000     2.737070443     0.384413708     0.294768118
     5.210000000     2.597461301     0.404367973     0.295385455
     5.220000000     2.474556375     0.428118639     0.295352310
     5.230000000     2.368148993     0.454435861     0.294659992
     5.240000000     2.278212440     0.483582890     0.293333211
     5.250000000     2.205209787     0.516652940     0.291426909
     5.260000000     2.150202475     0.554960152     0.289020357
     5.270000000     2.114737410     0.599464758     0.286209271
     5.280000000     2.100535425     0.649986961     0.283096805
     5.290000000     2.109042321     0.704551632     0.279784346
     5.300000000     2.140927744     0.759135366     0.276363179
     5.310000000     2.195621042     0.807940722     0.272908103
     5.320000000     2.270958276     0.844701414     0.269474040
     5.330000000     2.362989123     0.864610384     0.266096209
     5.340000000     2.465968224     0.865318242     0.262793794
     5.350000000     2.572541460     0.846599680     0.259576141
     5.360000000     2.674134203     0.809623643     0.256449887
     5.370000000     2.761546752     0.755840006     0.253425075
     5.380000000     2.825747947     0.685214125     0.250518654
     5.390000000     2.858821496     0.595659920     0.247754447
     5.400000000     2.854963454     0.485939271     0.245159773
     5.410000000     2.811371787     0.360940583     0.242759833
     5.420000000     2.728837757     0.234520285     0.240571671
     5.430000000     2.611868529     0.125793774     0.238599612
     5.440000000     2.468248748     0.050608495     0.236833706
     5.450000000     2.308070057     0.014715974     0.235251818
     5.460000000     2.142385913     0.013660280     0.233824982
     5.470000000     1.981743200     0.037828659     0.232524618
     5.480000000     1.834871018     0.077680803     0.231329682
     5.490000000     1.707762870     0.126059241     0.230231760
     5.500000000     1.603287625     0.177548276     0.229236742
     5.510000000     1.521340504     0.227130962     0.228362780
     5.520000000     1.459433786     0.270206379     0.227635373
     5.530000000     1.413555041     0.304084182     0.227081354
     5.540000000     1.379098949     0.329550905     0.226723883
     5.550000000     1.351701994     0.350539749     0.226580166
     5.560000000     1.327861577     0.371288163     0.226662663
     5.570000000     1.305283195     0.393559427     0.226983329
     5.580000000     1.282955432     0.416711708     0.227559312
     5.590000000     1.260993507     0.439988197     0.228417968
     5.600000000     1.240316500     0.464346540     0.229599109
     5.610000000     1.222234075     0.492004923     0.231153084
     5.620000000     1.208019657     0.524303709     0.233134375
     5.630000000     1.198540767     0.560096121     0.235591421
     5.640000000     1.194003327     0.596004487     0.238554193
     5.650000000     1.193844310     0.627915065     0.242021332
     5.660000000     1.196778004     0.652609211     0.245948597
     5.670000000     1.200971042     0.668852029     0.250240016
     5.680000000     1.204298803     0.677810234     0.254742803
     5.690000000     1.204628024     0.682784244     0.259246930
     5.700000000     1.200078851     0.687812282     0.263490238
     5.710000000     1.189238262     0.695380605     0.267169889
     5.720000000     1.171315125     0.704856520     0.269960690
     5.730000000     1.146235857     0.713404767     0.271539982
     5.740000000     1.114676138     0.719069204     0.271617521
     5.750000000     1.078015078     0.723663672     0.269967222
     5.760000000     1.038195040     0.732925335     0.266456360
     5.770000000     0.997482623     0.752980168     0.261067272
     5.780000000     0.958154445     0.785915934     0.253907193
     5.790000000     0.922164946     0.828663020     0.245203615
     5.800000000     0.890875564     0.875446490     0.235285129
     5.810000000     0.864920917     0.920969213     0.224550500
     5.820000000     0.844254299     0.962138956     0.213430970
     5.830000000     0.828361717     0.998064973     0.202351871
     5.840000000     0.816580706     1.029686875     0.191699378
     5.850000000     0.808427660     1.060107985     0.181796690
     5.860000000     0.803837560     1.094040633     0.172891628
     5.870000000     0.803251438     1.134794391     0.165155257
     5.880000000     0.807536450     1.181806787     0.158689260
     5.890000000     0.817772554     1.231627649     0.153538803
     5.900000000     0.834973039     1.280681649     0.149707582
     5.910000000     0.859816074     1.327299746     0.147172367
     5.920000000     0.892453069     1.371931454     0.145895308
     5.930000000     0.932434337     1.415371640     0.145833078
     5.940000000     0.978762270     1.456541645     0.146942520
     5.950000000     1.030053614     1.492232101     0.149182799
     5.960000000     1.084769939     1.519312783     0.152514241
     5.970000000     1.141461782     1.537601698     0.156894362
     5.980000000     1.198970026     1.550441796     0.162271920
     5.990000000     1.256539482     1.561894361     0.168580243
     6.000000000     1.313823400     1.573797713     0.175731306
     6.010000000     1.370788421     1.585826209     0.183611944
     6.020000000     1.427558099     1.597252903     0.192083172
     6.030000000     1.484249665     1.607460928     0.200982972
     6.040000000     1.540856790     1.614875548     0.210132217
     6.050000000     1.597211472     1.616889254     0.219342981
     6.060000000     1.653028633     1.611891569     0.228428235
     6.070000000     1.708009497     1.601045132     0.237212010
     6.080000000     1.761964716     1.587649820     0.245539194
     6.090000000     1.814919522     1.574887111     0.253284252
     6.100000000     1.867177028     1.563886915     0.260358078
     6.110000000     1.919332798     1.553332411     0.266712096
     6.120000000     1.972244704     1.540515207     0.272338646
     6.130000000     2.026962970     1.523105049     0.277266897
     6.140000000     2.084619711     1.500920640     0.281554087
     6.150000000     2.146273854     1.476184510     0.285272807
     6.160000000     2.212713622     1.451683363     0.288496122
     6.170000000     2.284235947     1.428565526     0.291283119
     6.180000000     2.360442947     1.405078854     0.293667800
     6.190000000     2.440107591     1.376502099     0.295653738
     6.200000000     2.521153730     1.336768382     0.297215794
     6.210000000     2.600768203     1.281502691     0.298308618
     6.220000000     2.675624512     1.210567982     0.298880193
     6.230000000     2.742164922     1.127973977     0.298887618
     6.240000000     2.796876397     1.038961012     0.298311917
     6.250000000     2.836510958     0.946885113     0.297169001
     6.260000000     2.858235733     0.853052849     0.295514687
     6.270000000     2.859734760     0.758312504     0.293442872
     6.280000000     2.839305053     0.662726585     0.291077174
     6.290000000     2.795983087     0.564347280     0.288557585
     6.300000000     2.729707668     0.461992047     0.286024583
     6.310000000     2.641486044     0.360273073     0.283603745
     6.320000000     2.533501634     0.268309584     0.281393885
     6.330000000     2.409098422     0.193043558     0.279461060
     6.340000000     2.272601969     0.136488413     0.277839574
     6.350000000     2.128980510     0.098055958     0.276539444
     6.360000000     1.983394807     0.076677020     0.275558213
     6.370000000     1.840715596     0.070580749     0.274893848
     6.380000000     1.705093414     0.076828678     0.274555136
     6.390000000     1.579647988     0.092241495     0.274566618
     6.400000000     1.466312346     0.114401787     0.274966544
     6.410000000     1.365832551     0.141510559     0.275798166
     6.420000000     1.277897603     0.171816032     0.277096499
     6.430000000     1.201360520     0.203669785     0.278873861
     6.440000000     1.134509741     0.236056222     0.281107911
     6.450000000     1.075355325     0.268552151     0.283735377
     6.460000000     1.021901550     0.300768979     0.286653393
     6.470000000     0.972383283     0.332217405     0.289728786
     6.480000000     0.925447399     0.362807886     0.292813964
     6.490000000     0.880264566     0.393630896     0.295766697
     6.500000000     0.836563079     0.426940956     0.298470211
     6.510000000     0.794585956     0.464819024     0.300849717
     6.520000000     0.754983921     0.507772046     0.302881882
     6.530000000     0.718667071     0.554651391     0.304594862
     6.540000000     0.686643846     0.603811764     0.306058260
     6.550000000     0.659875682     0.654286309     0.307364565
     6.560000000     0.639169803     0.705995879     0.308605881
     6.570000000     0.625122956     0.759165755     0.309851296
     6.580000000     0.618117850     0.813573890     0.311130642
     6.590000000     0.618363214     0.868126704     0.312429060
     6.600000000     0.625958943     0.921280230     0.313694079
     6.610000000     0.640960730     0.972043429     0.314853317
     6.620000000     0.663416109     1.020407032     0.315837786
     6.630000000     0.693348598     1.066818255     0.316604055
     6.640000000     0.730680471     1.111701808     0.317148967
     6.650000000     0.775106488     1.155506616     0.317513045
     6.660000000     0.825955011     1.198380273     0.317772328
     6.670000000     0.882090400     1.239156910     0.318021775
     6.680000000     0.941911905     1.274817517     0.318355447
     6.690000000     1.003484233     1.301453770     0.318848811
     6.700000000     1.064795981     1.316284502     0.319546860
     6.710000000     1.124095032     1.319488354     0.320459259
     6.720000000     1.180211097     1.314734254     0.321561402
     6.730000000     1.232760655     1.307507873     0.322799018
     6.740000000     1.282148121     1.302081366     0.324093976
     6.750000000     1.329327679     1.299999391     0.325350001
     6.760000000     1.375360395     1.301118533     0.326458209
     6.770000000     1.420870548     1.304725178     0.327303205
     6.780000000     1.465551269     1.309029840     0.327770400
     6.790000000     1.507875075     1.310276685     0.327754427
     6.800000000     1.545123309     1.303048444     0.327167504
     6.810000000     1.573767312     1.282265342     0.325945911
     6.820000000     1.590134555     1.246017683     0.324052900
     6.830000000     1.591204544     1.197250871     0.321477268
     6.840000000     1.575331471     1.143490037     0.318228265
     6.850000000     1.542701885     1.095064609     0.314328713
     6.860000000     1.495406405     1.061921721     0.309808787
     6.870000000     1.437114128     1.049928141     0.304702509
     6.880000000     1.372451693     1.059002930     0.299047837
     6.890000000     1.306267899     1.084063419     0.292889775
     6.900000000     1.242982727     1.117623099     0.286284793
     6.910000000     1.186171366     1.152876411     0.279304466
     6.920000000     1.138438262     1.186398838     0.272036748
     6.930000000     1.101528928     1.218963314     0.264584354
     6.940000000     1.076547783     1.253334399     0.257060894
     6.950000000     1.064127382     1.291397128     0.249586107
     6.960000000     1.064435652     1.334201181     0.242281539
     6.970000000     1.076996829     1.383196485     0.235267399
     6.980000000     1.100403944     1.438620554     0.228660373
     6.990000000     1.132075499     1.496539882     0.222571517
     7.000000000     1.168224287     1.548768988     0.217103211
     7.010000000     1.204151963     1.586115458     0.212344685
     7.020000000     1.234874879     1.602733798     0.208366522
     7.030000000     1.255963454     1.599667960     0.205215316
     7.040000000     1.264385631     1.585984813     0.202909968
     7.050000000     1.259121958     1.575891838     0.201440656
     7.060000000     1.241377276     1.582473290     0.200770521
     7.070000000     1.214332642     1.612359259     0.200839114
     7.080000000     1.182517817     1.664676236     0.201565951
     7.090000000     1.150989698     1.733178521     0.202852715
     7.100000000     1.124539492     1.809552504     0.204583497
     7.110000000     1.107113025     1.887114426     0.206623785
     7.120000000     1.101535737     1.963365454     0.208820039
     7.130000000     1.109526914     2.039625561     0.211002115
     7.140000000     1.131907987     2.118485251     0.212990294
     7.150000000     1.168882723     2.201783936     0.214607275
     7.160000000     1.220294008     2.290194245     0.215693733
     7.170000000     1.285821474     2.383211177     0.216124570
     7.180000000     1.365144509     2.478818326     0.215822289
     7.190000000     1.458128074     2.573457958     0.214764435
     7.200000000     1.565081709     2.662990053     0.212983426
     7.210000000     1.687101985     2.744656709     0.210559051
     7.220000000     1.826457036     2.819311953     0.207605611
     7.230000000     1.986933180     2.891958507     0.204256638
     7.240000000     2.174053921     2.968901571     0.200650105
     7.250000000     2.395099612     3.053421904     0.196916143
     7.260000000     2.658885691     3.143639581     0.193168006
     7.270000000     2.975276759     3.233275849     0.189495964
     7.280000000     3.354409647     3.313766547     0.185963303
     7.290000000     3.805577817     3.376221736     0.182603803
     7.300000000     4.335719906     3.412645944     0.179420750
     7.310000000     4.947495206     3.416689866     0.176388134
     7.320000000     5.637045506     3.383307498     0.173454987
     7.330000000     6.391730493     3.305566789     0.170553361
     7.340000000     7.188333174     3.169475754     0.167609572
     7.350000000     7.992376338     2.951484676     0.164557253
     7.360000000     8.759177182     2.621940609     0.161349938
     7.370000000     9.437033848     2.153395688     0.157970772
     7.380000000     9.972493967     1.530098954     0.154437414
     7.390000000    10.317095979     0.757216226     0.150801284
     7.400000000    10.434460770    -0.129902961     0.147141468
     7.410000000    10.306322694    -1.062844032     0.143554633
     7.420000000     9.936154505    -1.954193461     0.140142883
     7.430000000     9.349483468    -2.722443262     0.137001613
     7.440000000     8.590713291    -3.309711159     0.134209212
     7.450000000     7.717056807    -3.692548657     0.131820039
     7.460000000     6.790815300    -3.887574048     0.129861565
     7.470000000     5.871531620    -3.940472103     0.128336011
     7.480000000     5.009430857    -3.903049851     0.127226115
     7.490000000     4.241113040    -3.815603066     0.126503937
     7.500000000     3.587845695    -3.701978008     0.126140897
     7.510000000     3.056219443    -3.574323868     0.126116756
     7.520000000     2.640532928    -3.440370590     0.126425249
     7.530000000     2.326128631    -3.308017283     0.127074604
     7.540000000     2.092976141    -3.186489119     0.128082334
     7.550000000     1.918998744    -3.084996406     0.129465074
     7.560000000     1.782855998    -3.010326854     0.131225598
     7.570000000     1.666056649    -2.964534858     0.133339997
     7.580000000     1.554363199    -2.942158290     0.135748156
     7.590000000     1.438486415    -2.928674220     0.138350020
     7.600000000     1.314095965    -2.905773606     0.141008910
     7.610000000     1.181220721    -2.861504247     0.143561675
     7.620000000     1.043180175    -2.794711603     0.145834062
     7.630000000     0.905253751    -2.711072643     0.147658681
     7.640000000     0.773327239    -2.617505752     0.148892563
     7.650000000     0.652736178    -2.519405061     0.149431493
     7.660000000     0.547457887    -2.420214688     0.149219132
     7.670000000     0.459709661    -2.321915670     0.148250049
     7.680000000     0.389920975    -2.225765030     0.146567048
     7.690000000     0.336986619    -2.132918034     0.144254107
     7.700000000     0.298684881    -2.044649837     0.141426765
     7.710000000     0.272154005    -1.962302483     0.138221655
     7.720000000     0.254346545    -1.887157868     0.134786362
     7.730000000     0.242410046    -1.819990996     0.131270024
     7.740000000     0.233965261    -1.760180457     0.127814576
     7.750000000     0.227268778    -1.705269523     0.124546394
     7.760000000     0.221258990    -1.652116622     0.121568360
     7.770000000     0.215496391    -1.598857065     0.118952865
     7.780000000     0.210021933    -1.545574193     0.116736633
     7.790000000     0.205168138    -1.493340873     0.114918334
     7.800000000     0.201363021    -1.443095295     0.113459651
     7.810000000     0.198964098    -1.395269246     0.112289924
     7.820000000     0.198149097    -1.349922064     0.111313966
     7.830000000     0.198874352    -1.307038704     0.110422285
     7.840000000     0.200895520    -1.266861248     0.109502716
     7.850000000     0.203832189    -1.229882125     0.108452433
     7.860000000     0.207250737    -1.196382534     0.107189134
     7.870000000     0.210739601    -1.166010615     0.105660088
     7.880000000     0.213957233    -1.137820641     0.103847602
     7.890000000     0.216643803    -1.110704310     0.101769656
     7.900000000     0.218600187    -1.083950043     0.099475022
     7.910000000     0.219648374    -1.057616486     0.097033153
     7.920000000     0.219592957    -1.032451407     0.094520369
     7.930000000     0.218201935    -1.009417419     0.092004905
     7.940000000     0.215217108    -0.989078978     0.089533964
     7.950000000     0.210392924    -0.971195944     0.087125648
     7.960000000     0.203551923    -0.954823836     0.084767606
     7.970000000     0.194638968    -0.938781638     0.082422594
     7.980000000     0.183757165    -0.922077022     0.080039435
     7.990000000     0.171174886    -0.904151142     0.077566496
     8.000000000     0.157302708    -0.884969256     0.074964343
     8.010000000     0.142647507    -0.864875877     0.072214622
     8.020000000     0.127755648    -0.844233278     0.069323452
     8.030000000     0.113157397    -0.823122448     0.066319188
     8.040000000     0.099321341    -0.801392305     0.063245849
     8.050000000     0.086622958    -0.778963378     0.060154383
     8.060000000     0.075327548    -0.756001213     0.057094165
     8.070000000     0.065585481    -0.732845341     0.054106579
     8.080000000     0.057437213    -0.709863992     0.051221720
     8.090000000     0.050825857    -0.687347611     0.048458232
     8.100000000     0.045615567    -0.665458065     0.045825555
     8.110000000     0.041613946    -0.644244819     0.043327359
     8.120000000     0.038596342    -0.623721239     0.040964936
     8.130000000     0.036329530    -0.603915920     0.038739526
     8.140000000     0.034592200    -0.584835756     0.036653061
     8.150000000     0.033190238    -0.566411191     0.034707357
     8.160000000     0.031965745    -0.548530950     0.032902261
     8.170000000     0.030799916    -0.531117638     0.031233584
     8.180000000     0.029610959    -0.514122190     0.029691664
     8.190000000     0.028348899    -0.497487571     0.028261200
     8.200000000     0.026989206    -0.481171764     0.026922554
     8.210000000     0.025526851    -0.465175646     0.025654235
     8.220000000     0.023971632    -0.449516864     0.024435913
     8.230000000     0.022344807    -0.434180152     0.023251103
     8.240000000     0.020676430    -0.419092758     0.022088799
     8.250000000     0.019002567    -0.404154999     0.020943654
     8.260000000     0.017361756    -0.389295832     0.019814755
     8.270000000     0.015790643    -0.374500725     0.018703448
     8.280000000     0.014319330    -0.359804865     0.017610926
     8.290000000     0.012967400    -0.345264859     0.016536313
     8.300000000     0.011741645    -0.330928729     0.015475784
     8.310000000     0.010636140    -0.316818599     0.014422942
     8.320000000     0.009634726    -0.302927043     0.013370303
     8.330000000     0.008715294    -0.289225219     0.012311463
     8.340000000     0.007854836    -0.275678254     0.011243362
     8.350000000     0.007034103    -0.262252567     0.010168063
     8.360000000     0.006240914    -0.248911133     0.009093574
     8.370000000     0.005471637    -0.235616224     0.008033484
     8.380000000     0.004730905    -0.222335936     0.007005438
     8.390000000     0.004030193    -0.209041471     0.006028734
     8.400000000     0.003386313    -0.195708711     0.005121533
     8.410000000     0.002821242    -0.182325083     0.004298283
     8.420000000     0.002364966    -0.168886436     0.003567897
     8.430000000     0.002063222    -0.155385621     0.002933040
     8.440000000     0.001992070    -0.141802987     0.002390607
     8.450000000     0.002280890    -0.128103378     0.001933154
     8.460000000     0.003144300    -0.114240997     0.001550841
     8.470000000     0.004921009    -0.100168142     0.001233358
     8.480000000     0.008113512    -0.085840512     0.000971411
     8.490000000     0.013416871    -0.071218886     0.000757519
     8.500000000     0.021718964    -0.056272958     0.000586136
     8.510000000     0.034050997    -0.040992152     0.000453250
     8.520000000     0.051469288    -0.025407488     0.000355722
     8.530000000     0.074860551    -0.009631593     0.000290591
     8.540000000     0.104684139     0.006070067     0.000254511
     8.550000000     0.140692681     0.021155212     0.000243382
     8.560000000     0.181699103     0.034598688     0.000252207
     8.570000000     0.225471516     0.044583693     0.000275159
     8.580000000     0.268826958     0.048148027     0.000305847
     8.590000000     0.307956171     0.041109533     0.000337767
     8.600000000     0.338950667     0.019117783     0.000364880
     8.610000000     0.358437871    -0.019192700     0.000382238
     8.620000000     0.364183518    -0.068246048     0.000386532
     8.630000000     0.355512840    -0.116075700     0.000376436
     8.640000000     0.333440773    -0.151593480     0.000352646
     8.650000000     0.300476444    -0.170839792     0.000317595
     8.660000000     0.260153951    -0.176144689     0.000274893
     8.670000000     0.216410667    -0.172006430     0.000228638
     8.680000000     0.172963767    -0.162390260     0.000182723
     8.690000000     0.132818886    -0.150001771     0.000140307
     8.700000000     0.097992481    -0.136467989     0.000103515
     8.710000000     0.069463057    -0.122695536     0.000073377
     8.720000000     0.047308945    -0.109158656     0.000049975
     8.730000000     0.030957141    -0.096085864     0.000032701
     8.740000000     0.019462860    -0.083570698     0.000020559
     8.750000000     0.011756571    -0.071634803     0.000012419
     8.760000000     0.006823119    -0.060263113     0.000007208
     8.770000000     0.003804638    -0.049423202     0.000004019
     8.780000000     0.002038319    -0.039075776     0.000002153
     8.790000000     0.001049202    -0.029180216     0.000001108
     8.800000000     0.000518889    -0.019697397     0.000000548
     8.810000000     0.000246557    -0.010590994     0.000000260
     8.820000000     0.000112561    -0.001827973     0.000000119
     8.830000000     0.000049373     0.006621357     0.000000052
     8.840000000     0.000020807     0.014783501     0.000000022
     8.850000000     0.000008425     0.022682046     0.000000009
     8.860000000     0.000003278     0.030337951     0.000000003
     8.870000000     0.000001225     0.037769844     0.000000001
     8.880000000     0.000000440     0.044994302     0.000000000
     8.890000000     0.000000152     0.052026097     0.000000000
     8.900000000     0.000000050     0.058878423     0.000000000
     8.910000000     0.000000016     0.065563094     0.000000000
     8.920000000     0.000000005     0.072090714     0.000000000
     8.930000000     0.000000001     0.078470829     0.000000000
     8.940000000     0.000000000     0.084712054     0.000000000
     8.950000000     0.000000000     0.090822187     0.000000000
     8.960000000     0.000000000     0.096808304     0.000000000
     8.970000000     0.000000000     0.102676846     0.000000000
     8.980000000     0.000000000     0.108433692     0.000000000
     8.990000000     0.000000000     0.114084220     0.000000000
     9.000000000     0.000000000     0.119633363     0.000000000
     9.010000000     0.000000000     0.125085658     0.000000000
     9.020000000     0.000000000     0.130445289     0.000000000
     9.030000000     0.000000000     0.135716120     0.000000000
     9.040000000     0.000000000     0.140901733     0.000000000
     9.050000000     0.000000000     0.146005450     0.000000000
     9.060000000     0.000000000     0.151030363     0.000000000
     9.070000000     0.000000000     0.155979355     0.000000000
     9.080000000     0.000000000     0.160855117     0.000000000
     9.090000000     0.000000000     0.165660170     0.000000000
     9.100000000     0.000000000     0.170396875     0.000000000
     9.110000000     0.000000000     0.175067452     0.000000000
     9.120000000     0.000000000     0.179673988     0.000000000
     9.130000000     0.000000000     0.184218452     0.000000000
     9.140000000     0.000000000     0.188702701     0.000000000
     9.150000000     0.000000000     0.193128491     0.000000000
     9.160000000     0.000000000     0.197497487     0.000000000
     9.170000000     0.000000000     0.201811264     0.000000000
     9.180000000     0.000000000     0.206071320     0.000000000
     9.190000000     0.000000000     0.210279080     0.000000000
     9.200000000     0.000000000     0.214435899     0.000000000
     9.210000000     0.000000000     0.218543068     0.000000000
     9.220000000     0.000000000     0.222601821     0.000000000
     9.230000000     0.000000000     0.226613335     0.000000000
     9.240000000     0.000000000     0.230578739     0.000000000
     9.250000000     0.000000000     0.234499110     0.000000000
     9.260000000     0.000000000     0.238375483     0.000000000
     9.270000000     0.000000000     0.242208850     0.000000000
     9.280000000     0.000000000     0.246000164     0.000000000
     9.290000000     0.000000000     0.249750341     0.000000000
     9.300000000     0.000000000     0.253460263     0.000000000
     9.310000000     0.000000000     0.257130777     0.000000000
     9.320000000     0.000000000     0.260762703     0.000000000
     9.330000000     0.000000000     0.264356830     0.000000000
     9.340000000     0.000000000     0.267913920     0.000000000
     9.350000000     0.000000000     0.271434708     0.000000000
     9.360000000     0.000000000     0.274919909     0.000000000
     9.370000000     0.000000000     0.278370210     0.000000000
     9.380000000     0.000000000     0.281786279     0.000000000
     9.390000000     0.000000000     0.285168765     0.000000000
     9.400000000     0.000000000     0.288518296     0.000000000
     9.410000000     0.000000000     0.291835483     0.000000000
     9.420000000     0.000000000     0.295120918     0.000000000
     9.430000000     0.000000000     0.298375179     0.000000000
     9.440000000     0.000000000     0.301598829     0.000000000
     9.450000000     0.000000000     0.304792417     0.000000000
     9.460000000     0.000000000     0.307956478     0.000000000
     9.470000000     0.000000000     0.311091537     0.000000000
     9.480000000     0.000000001     0.314198107     0.000000001
     9.490000000     0.000000003     0.317276690     0.000000001
     9.500000000     0.000000009     0.320327781     0.000000004
     9.510000000     0.000000024     0.323351866     0.000000010
     9.520000000     0.000000059     0.326349426     0.000000025
     9.530000000     0.000000138     0.329320934     0.000000058
     9.540000000     0.000000313     0.332266861     0.000000132
     9.550000000     0.000000683     0.335187675     0.000000287
     9.560000000     0.000001430     0.338083839     0.000000601
     9.570000000     0.000002876     0.340955819     0.000001209
     9.580000000     0.000005559     0.343804075     0.000002337
     9.590000000     0.000010323     0.346629068     0.000004340
     9.600000000     0.000018419     0.349431252     0.000007743
     9.610000000     0.000031575     0.352211069     0.000013274
     9.620000000     0.000052006     0.354968931     0.000021863
     9.630000000     0.000082298     0.357705197     0.000034597
     9.640000000     0.000125128     0.360420113     0.000052603
     9.650000000     0.000182788     0.363113724     0.000076842
     9.660000000     0.000256548     0.365785703     0.000107851
     9.670000000     0.000345954     0.368435046     0.000145436
     9.680000000     0.000448225     0.371059584     0.000188430
     9.690000000     0.000557958     0.373655215     0.000234561
     9.700000000     0.000667323     0.376215019     0.000280537
     9.710000000     0.000766829     0.378728953     0.000322369
     9.720000000     0.000846621     0.381186172     0.000355913
     9.730000000     0.000898066     0.383582535     0.000377540
     9.740000000     0.000915283     0.385930770     0.000384777
     9.750000000     0.000896253     0.388260458     0.000376777
     9.760000000     0.000843207     0.390600629     0.000354477
     9.770000000     0.000762195     0.392962992     0.000320420
     9.780000000     0.000661951     0.395342782     0.000278279
     9.790000000     0.000552350     0.397729029     0.000232203
     9.800000000     0.000442824     0.400111780     0.000186159
     9.810000000     0.000341095     0.402484215     0.000143394
     9.820000000     0.000252434     0.404842287     0.000106121
     9.830000000     0.000179494     0.407183822     0.000075458
     9.840000000     0.000122625     0.409507772     0.000051551
     9.850000000     0.000080489     0.411813733     0.000033837
     9.860000000     0.000050760     0.414101654     0.000021339
     9.870000000     0.000030756     0.416371668     0.000012930
     9.880000000     0.000017905     0.418624004     0.000007527
     9.890000000     0.000010015     0.420858931     0.000004210
     9.900000000     0.000005382     0.423076737     0.000002263
     9.910000000     0.000002779     0.425277709     0.000001168
     9.920000000     0.000001379     0.427462127     0.000000580
     9.930000000     0.000000657     0.429630261     0.000000276
     9.940000000     0.000000301     0.431782371     0.000000126
     9.950000000     0.000000132     0.433918706     0.000000056
     9.960000000     0.000000056     0.436039501     0.000000024
     9.970000000     0.000000023     0.438144985     0.000000010
     9.980000000     0.000000009     0.440235373     0.000000004
     9.990000000     0.000000003     0.442310876     0.000000001
    10.000000000     0.000000001     0.444371694     0.000000001
    10.010000000     0.000000000     0.446418020     0.000000000
    10.020000000     0.000000000     0.448450042     0.000000000
    10.030000000     0.000000000     0.450467942     0.000000000
    10.040000000     0.000000000     0.452471895     0.000000000
    10.050000000     0.000000000     0.454462072     0.000000000
    10.060000000     0.000000000     0.456438639     0.000000000
    10.070000000     0.000000000     0.458401757     0.000000000
    10.080000000     0.000000000     0.460351586     0.000000000
    10.090000000     0.000000000     0.462288277     0.000000000
    10.100000000     0.000000000     0.464211982     0.000000000
    10.110000000     0.000000000     0.466122848     0.000000000
    10.120000000     0.000000000     0.468021019     0.000000000
    10.130000000     0.000000000     0.469906636     0.000000000
    10.140000000     0.000000000     0.471779837     0.000000000
    10.150000000     0.000000000     0.473640756     0.000000000
    10.160000000     0.000000000     0.475489528     0.000000000
    10.170000000     0.000000000     0.477326282     0.000000000
    10.180000000     0.000000000     0.479151146     0.000000000
    10.190000000     0.000000000     0.480964246     0.000000000
    10.200000000     0.000000000     0.482765705     0.000000000
    10.210000000     0.000000000     0.484555644     0.000000000
    10.220000000     0.000000000     0.486334184     0.000000000
    10.230000000     0.000000000     0.488101440     0.000000000
    10.240000000     0.000000000     0.489857529     0.000000000
    10.250000000     0.000000000     0.491602563     0.000000000
    10.260000000     0.000000000     0.493336656     0.000000000
    10.270000000     0.000000000     0.495059915     0.000000000
    10.280000000     0.000000000     0.496772450     0.000000000
    10.290000000     0.000000000     0.498474368     0.000000000
    10.300000000     0.000000000     0.500165772     0.000000000
    10.310000000     0.000000000     0.501846767     0.000000000
    10.320000000     0.000000000     0.503517454     0.000000000
    10.330000000     0.000000000     0.505177933     0.000000000
    10.340000000     0.000000000     0.506828304     0.000000000
    10.350000000     0.000000000     0.508468664     0.000000000
    10.360000000     0.000000000     0.510099108     0.000000000
    10.370000000     0.000000000     0.511719731     0.000000000
    10.380000000     0.000000000     0.513330628     0.000000000
    10.390000000     0.000000000     0.514931889     0.000000000
    10.400000000     0.000000000     0.516523605     0.000000000
    10.410000000     0.000000000     0.518105866     0.000000000
    10.420000000     0.000000000     0.519678760     0.000000000
    10.430000000     0.000000000     0.521242373     0.000000000
    10.440000000     0.000000000     0.522796793     0.000000000
    10.450000000     0.000000000     0.524342103     0.000000000
    10.460000000     0.000000000     0.525878387     0.000000000
    10.470000000     0.000000000     0.527405728     0.000000000
    10.480000000     0.000000000     0.528924207     0.000000000
    10.490000000     0.000000000     0.530433903     0.000000000
    10.500000000     0.000000000     0.531934897     0.000000000
    10.510000000     0.000000000     0.533427266     0.000000000
    10.520000000     0.000000000     0.534911088     0.000000000
    10.530000000     0.000000000     0.536386439     0.000000000
    10.540000000     0.000000000     0.537853394     0.000000000
    10.550000000     0.000000000     0.539312028     0.000000000
    10.560000000     0.000000000     0.540762413     0.000000000
    10.570000000     0.000000000     0.542204622     0.000000000
    10.580000000     0.000000000     0.543638726     0.000000000
    10.590000000     0.000000000     0.545064797     0.000000000
    10.600000000     0.000000000     0.546482904     0.000000000
    10.610000000     0.000000000     0.547893115     0.000000000
    10.620000000     0.000000000     0.549295499     0.000000000
    10.630000000     0.000000000     0.550690124     0.000000000
    10.640000000     0.000000000     0.552077054     0.000000000
    10.650000000     0.000000000     0.553456356     0.000000000
    10.660000000     0.000000000     0.554828095     0.000000000
    10.670000000     0.000000000     0.556192334     0.000000000
    10.680000000     0.000000000     0.557549138     0.000000000
    10.690000000     0.000000000     0.558898567     0.000000000
    10.700000000     0.000000000     0.560240685     0.000000000
    10.710000000     0.000000000     0.561575551     0.000000000
    10.720000000     0.000000000     0.562903227     0.000000000
    10.730000000     0.000000000     0.564223772     0.000000000
    10.740000000     0.000000000     0.565537244     0.000000000
    10.750000000     0.000000000     0.566843702     0.000000000
    10.760000000     0.000000000     0.568143204     0.000000000
    10.770000000     0.000000000     0.569435806     0.000000000
    10.780000000     0.000000000     0.570721565     0.000000000
    10.790000000     0.000000000     0.572000535     0.000000000
    10.800000000     0.000000000     0.573272773     0.000000000
    10.810000000     0.000000000     0.574538332     0.000000000
    10.820000000     0.000000000     0.575797265     0.000000000
    10.830000000     0.000000000     0.577049627     0.000000000
    10.840000000     0.000000000     0.578295470     0.000000000
    10.850000000     0.000000000     0.579534844     0.000000000
    10.860000000     0.000000000     0.580767803     0.000000000
    10.870000000     0.000000000     0.581994396     0.000000000
    10.880000000     0.000000000     0.583214674     0.000000000
    10.890000000     0.000000000     0.584428686     0.000000000
    10.900000000     0.000000000     0.585636482     0.000000000
    10.910000000     0.000000000     0.586838109     0.000000000
    10.920000000     0.000000000     0.588033617     0.000000000
    10.930000000     0.000000000     0.589223052     0.000000000
    10.940000000     0.000000000     0.590406462     0.000000000
    10.950000000     0.000000000     0.591583892     0.000000000
    10.960000000     0.000000000     0.592755390     0.000000000
    10.970000000     0.000000000     0.593921000     0.000000000
    10.980000000     0.000000000     0.595080767     0.000000000
    10.990000000     0.000000000     0.596234737     0.000000000
    11.000000000     0.000000000     0.597382952     0.000000000
