 # Column 1: omega
 # Column 2: eps2(omega)
 # Column 3: eps1(omega)
 # Column 4: JDOS(omega)
     0.000000000     0.000000000     2.398105506     0.000000000
     0.010000000     0.000000000     2.398122225     0.000000000
     0.020000000     0.000000000     2.398172388     0.000000000
     0.030000000     0.000000000     2.398256007     0.000000000
     0.040000000     0.000000000     2.398373107     0.000000000
     0.050000000     0.000000000     2.398523721     0.000000000
     0.060000000     0.000000000     2.398707889     0.000000000
     0.070000000     0.000000000     2.398925664     0.000000000
     0.080000000     0.000000000     2.399177105     0.000000000
     0.090000000     0.000000000     2.399462285     0.000000000
     0.100000000     0.000000000     2.399781281     0.000000000
     0.110000000     0.000000000     2.400134185     0.000000000
     0.120000000     0.000000000     2.400521094     0.000000000
     0.130000000     0.000000000     2.400942118     0.000000000
     0.140000000     0.000000000     2.401397376     0.000000000
     0.150000000     0.000000000     2.401886996     0.000000000
     0.160000000     0.000000000     2.402411117     0.000000000
     0.170000000     0.000000000     2.402969889     0.000000000
     0.180000000     0.000000000     2.403563470     0.000000000
     0.190000000     0.000000000     2.404192031     0.000000000
     0.200000000     0.000000000     2.404855751     0.000000000
     0.210000000     0.000000000     2.405554823     0.000000000
     0.220000000     0.000000000     2.406289447     0.000000000
     0.230000000     0.000000000     2.407059838     0.000000000
     0.240000000     0.000000000     2.407866220     0.000000000
     0.250000000     0.000000000     2.408708830     0.000000000
     0.260000000     0.000000000     2.409587913     0.000000000
     0.270000000     0.000000000     2.410503731     0.000000000
     0.280000000     0.000000000     2.411456556     0.000000000
     0.290000000     0.000000000     2.412446671     0.000000000
     0.300000000     0.000000000     2.413474373     0.000000000
     0.310000000     0.000000000     2.414539973     0.000000000
     0.320000000     0.000000000     2.415643793     0.000000000
     0.330000000     0.000000000     2.416786171     0.000000000
     0.340000000     0.000000000     2.417967456     0.000000000
     0.350000000     0.000000000     2.419188014     0.000000000
     0.360000000     0.000000000     2.420448223     0.000000000
     0.370000000     0.000000000     2.421748479     0.000000000
     0.380000000     0.000000000     2.423089190     0.000000000
     0.390000000     0.000000000     2.424470782     0.000000000
     0.400000000     0.000000000     2.425893696     0.000000000
     0.410000000     0.000000000     2.427358390     0.000000000
     0.420000000     0.000000000     2.428865339     0.000000000
     0.430000000     0.000000000     2.430415037     0.000000000
     0.440000000     0.000000000     2.432007993     0.000000000
     0.450000000     0.000000000     2.433644736     0.000000000
     0.460000000     0.000000000     2.435325815     0.000000000
     0.470000000     0.000000000     2.437051799     0.000000000
     0.480000000     0.000000000     2.438823276     0.000000000
     0.490000000     0.000000000     2.440640854     0.000000000
     0.500000000     0.000000000     2.442505167     0.000000000
     0.510000000     0.000000000     2.444416866     0.000000000
     0.520000000     0.000000000     2.446376630     0.000000000
     0.530000000     0.000000000     2.448385158     0.000000000
     0.540000000     0.000000000     2.450443177     0.000000000
     0.550000000     0.000000000     2.452551438     0.000000000
     0.560000000     0.000000000     2.454710717     0.000000000
     0.570000000     0.000000000     2.456921822     0.000000000
     0.580000000     0.000000000     2.459185584     0.000000000
     0.590000000     0.000000000     2.461502869     0.000000000
     0.600000000     0.000000000     2.463874568     0.000000000
     0.610000000     0.000000000     2.466301609     0.000000000
     0.620000000     0.000000000     2.468784950     0.000000000
     0.630000000     0.000000000     2.471325584     0.000000000
     0.640000000     0.000000000     2.473924540     0.000000000
     0.650000000     0.000000000     2.476582884     0.000000000
     0.660000000     0.000000000     2.479301719     0.000000000
     0.670000000     0.000000000     2.482082191     0.000000000
     0.680000000     0.000000000     2.484925485     0.000000000
     0.690000000     0.000000000     2.487832833     0.000000000
     0.700000000     0.000000000     2.490805507     0.000000000
     0.710000000     0.000000000     2.493844832     0.000000000
     0.720000000     0.000000000     2.496952180     0.000000000
     0.730000000     0.000000000     2.500128972     0.000000000
     0.740000000     0.000000000     2.503376687     0.000000000
     0.750000000     0.000000000     2.506696859     0.000000000
     0.760000000     0.000000000     2.510091079     0.000000000
     0.770000000     0.000000000     2.513561001     0.000000000
     0.780000000     0.000000000     2.517108342     0.000000000
     0.790000000     0.000000000     2.520734890     0.000000000
     0.800000000     0.000000000     2.524442498     0.000000000
     0.810000000     0.000000000     2.528233098     0.000000000
     0.820000000     0.000000000     2.532108697     0.000000000
     0.830000000     0.000000000     2.536071384     0.000000000
     0.840000000     0.000000000     2.540123332     0.000000000
     0.850000000     0.000000000     2.544266808     0.000000000
     0.860000000     0.000000000     2.548504168     0.000000000
     0.870000000     0.000000000     2.552837871     0.000000000
     0.880000000     0.000000000     2.557270480     0.000000000
     0.890000000     0.000000000     2.561804666     0.000000000
     0.900000000     0.000000000     2.566443219     0.000000000
     0.910000000     0.000000000     2.571189050     0.000000000
     0.920000000     0.000000000     2.576045198     0.000000000
     0.930000000     0.000000000     2.581014840     0.000000000
     0.940000000     0.000000000     2.586101297     0.000000000
     0.950000000     0.000000000     2.591308040     0.000000000
     0.960000000     0.000000000     2.596638705     0.000000000
     0.970000000     0.000000000     2.602097095     0.000000000
     0.980000000     0.000000000     2.607687197     0.000000000
     0.990000000     0.000000000     2.613413188     0.000000000
     1.000000000     0.000000000     2.619279449     0.000000000
     1.010000000     0.000000000     2.625290578     0.000000000
     1.020000000     0.000000000     2.631451404     0.000000000
     1.030000000     0.000000000     2.637766999     0.000000000
     1.040000000     0.000000000     2.644242696     0.000000000
     1.050000000     0.000000000     2.650884108     0.000000000
     1.060000000     0.000000000     2.657697144     0.000000000
     1.070000000     0.000000000     2.664688028     0.000000000
     1.080000000     0.000000000     2.671863327     0.000000000
     1.090000000     0.000000000     2.679229966     0.000000000
     1.100000000     0.000000000     2.686795263     0.000000000
     1.110000000     0.000000000     2.694566949     0.000000000
     1.120000000     0.000000000     2.702553206     0.000000000
     1.130000000     0.000000000     2.710762695     0.000000000
     1.140000000     0.000000000     2.719204594     0.000000000
     1.150000000     0.000000000     2.727888640     0.000000000
     1.160000000     0.000000000     2.736825172     0.000000000
     1.170000000     0.000000000     2.746025179     0.000000000
     1.180000000     0.000000000     2.755500351     0.000000000
     1.190000000     0.000000000     2.765263140     0.000000000
     1.200000000     0.000000000     2.775326826     0.000000000
     1.210000000     0.000000000     2.785705581     0.000000000
     1.220000000     0.000000000     2.796414557     0.000000000
     1.230000000     0.000000000     2.807469965     0.000000000
     1.240000000     0.000000000     2.818889176     0.000000000
     1.250000000     0.000000000     2.830690828     0.000000000
     1.260000000     0.000000000     2.842894946     0.000000000
     1.270000000     0.000000000     2.855523075     0.000000000
     1.280000000     0.000000000     2.868598429     0.000000000
     1.290000000     0.000000000     2.882146062     0.000000000
     1.300000000     0.000000000     2.896193054     0.000000000
     1.310000000     0.000000000     2.910768724     0.000000000
     1.320000000     0.000000000     2.925904869     0.000000000
     1.330000000     0.000000000     2.941636037     0.000000000
     1.340000000     0.000000000     2.957999830     0.000000000
     1.350000000     0.000000000     2.975037257     0.000000000
     1.360000000     0.000000000     2.992793126     0.000000000
     1.370000000     0.000000000     3.011316498     0.000000000
     1.380000000     0.000000001     3.030661207     0.000000000
     1.390000000     0.000000005     3.050886444     0.000000000
     1.400000000     0.000000017     3.072057443     0.000000000
     1.410000000     0.000000054     3.094246257     0.000000000
     1.420000000     0.000000169     3.117532655     0.000000001
     1.430000000     0.000000510     3.142005156     0.000000002
     1.440000000     0.000001487     3.167762219     0.000000005
     1.450000000     0.000004180     3.194913609     0.000000012
     1.460000000     0.000011327     3.223581972     0.000000029
     1.470000000     0.000029590     3.253904633     0.000000069
     1.480000000     0.000074495     3.286035637     0.000000156
     1.490000000     0.000180701     3.320148052     0.000000341
     1.500000000     0.000422225     3.356436503     0.000000715
     1.510000000     0.000950115     3.395119899     0.000001444
     1.520000000     0.002058554     3.436444196     0.000002803
     1.530000000     0.004293492     3.480684946     0.000005238
     1.540000000     0.008618604     3.528149078     0.000009418
     1.550000000     0.016648020     3.579174957     0.000016299
     1.560000000     0.030939663     3.634128938     0.000027155
     1.570000000     0.055313388     3.693395272     0.000043564
     1.580000000     0.095114580     3.757353688     0.000067311
     1.590000000     0.157294126     3.826334544     0.000100190
     1.600000000     0.250137405     3.900533511     0.000143698
     1.610000000     0.382475133     3.979853781     0.000198646
     1.620000000     0.562275855     4.063619932     0.000264738
     1.630000000     0.794669113     4.150069433     0.000340230
     1.640000000     1.079665914     4.235475666     0.000421753
     1.650000000     1.410074729     4.312712260     0.000504415
     1.660000000     1.770268348     4.369116210     0.000582218
     1.670000000     2.136443515     4.383873308     0.000648776
     1.680000000     2.478772147     4.326419819     0.000698254
     1.690000000     2.765388927     4.160668586     0.000726348
     1.700000000     2.967608492     3.863848837     0.000731136
     1.710000000     3.065297651     3.459891804     0.000713631
     1.720000000     3.051126851     3.033749339     0.000677919
     1.730000000     2.932595728     2.687716034     0.000630852
     1.740000000     2.731242806     2.477350474     0.000581361
     1.750000000     2.479151791     2.397882361     0.000539492
     1.760000000     2.213529376     2.414518130     0.000515340
     1.770000000     1.970547975     2.490730738     0.000518015
     1.780000000     1.779718666     2.598684568     0.000554780
     1.790000000     1.659812072     2.718681589     0.000630478
     1.800000000     1.616903774     2.835210415     0.000747303
     1.810000000     1.644643069     2.933002238     0.000904966
     1.820000000     1.726451152     2.994829836     0.001101242
     1.830000000     1.839100464     3.003429834     0.001332850
     1.840000000     1.957003863     2.949357110     0.001596549
     1.850000000     2.056516935     2.839387348     0.001890309
     1.860000000     2.119603147     2.693476452     0.002214377
     1.870000000     2.136325391     2.534061026     0.002572103
     1.880000000     2.105815816     2.386011853     0.002970413
     1.890000000     2.035634256     2.278863822     0.003419858
     1.900000000     1.939720384     2.233365919     0.003934199
     1.910000000     1.835413049     2.248749258     0.004529487
     1.920000000     1.740180111     2.307635044     0.005222636
     1.930000000     1.668721833     2.387630838     0.006029495
     1.940000000     1.630973217     2.467897172     0.006962580
     1.950000000     1.631278222     2.531833453     0.008028703
     1.960000000     1.668718724     2.570131144     0.009226857
     1.970000000     1.738334826     2.583744619     0.010546731
     1.980000000     1.832827507     2.581473759     0.011968150
     1.990000000     1.944305641     2.570622384     0.013461564
     2.000000000     2.065706407     2.550079600     0.014989568
     2.010000000     2.191642417     2.512949754     0.016509301
     2.020000000     2.318574401     2.455409089     0.017975605
     2.030000000     2.444353313     2.384482114     0.019344817
     2.040000000     2.567308983     2.315196660     0.020579092
     2.050000000     2.685171188     2.256982932     0.021651021
     2.060000000     2.794169634     2.204503600     0.022548015
     2.070000000     2.888641239     2.141365762     0.023275633
     2.080000000     2.961356478     2.049109877     0.023858825
     2.090000000     3.004573093     1.914854911     0.024340188
     2.100000000     3.011587808     1.738326218     0.024774849
     2.110000000     2.978365892     1.536765623     0.025222413
     2.120000000     2.904761860     1.340623302     0.025737333
     2.130000000     2.794939928     1.179809755     0.026359736
     2.140000000     2.656835654     1.070391186     0.027108841
     2.150000000     2.500790463     1.010404536     0.027980662
     2.160000000     2.337734387     0.985260198     0.028950615
     2.170000000     2.177404566     0.976555743     0.029980466
     2.180000000     2.027036445     0.969531211     0.031027954
     2.190000000     1.890782122     0.957304914     0.032056829
     2.200000000     1.769871958     0.940657462     0.033045118
     2.210000000     1.663327831     0.923444638     0.033989953
     2.220000000     1.568922510     0.908013694     0.034908293
     2.230000000     1.484079800     0.895563123     0.035833805
     2.240000000     1.406502227     0.888346969     0.036810955
     2.250000000     1.334448614     0.888451264     0.037887803
     2.260000000     1.266710650     0.895137525     0.039109008
     2.270000000     1.202417372     0.905113754     0.040510228
     2.280000000     1.140814881     0.915118264     0.042114622
     2.290000000     1.081133734     0.923520380     0.043931529
     2.300000000     1.022591337     0.929711461     0.045956981
     2.310000000     0.964509390     0.933312602     0.048175335
     2.320000000     0.906480130     0.935503241     0.050561308
     2.330000000     0.848502248     0.940313910     0.053081839
     2.340000000     0.791026908     0.952213615     0.055697499
     2.350000000     0.734894266     0.972445971     0.058363498
     2.360000000     0.681183438     0.998932489     0.061030558
     2.370000000     0.631027459     1.028716624     0.063645994
     2.380000000     0.585450357     1.059455244     0.066155226
     2.390000000     0.545266999     1.089602433     0.068503726
     2.400000000     0.511057530     1.118695946     0.070639221
     2.410000000     0.483200253     1.147725260     0.072513829
     2.420000000     0.461930436     1.178352391     0.074085912
     2.430000000     0.447391730     1.211252629     0.075321624
     2.440000000     0.439658480     1.245357608     0.076196352
     2.450000000     0.438723199     1.278549201     0.076696382
     2.460000000     0.444456416     1.308948653     0.076821003
     2.470000000     0.456551732     1.335869296     0.076584957
     2.480000000     0.474468317     1.359673391     0.076020699
     2.490000000     0.497380031     1.380658129     0.075179621
     2.500000000     0.524138993     1.398278386     0.074131279
     2.510000000     0.553263098     1.411542320     0.072959964
     2.520000000     0.582959827     1.419804052     0.071758456
     2.530000000     0.611198800     1.422724794     0.070619547
     2.540000000     0.635839584     1.419676265     0.069626476
     2.550000000     0.654808995     1.409952550     0.068843795
     2.560000000     0.666306659     1.393796363     0.068310181
     2.570000000     0.669004878     1.373070753     0.068034356
     2.580000000     0.662204368     1.350964377     0.067994716
     2.590000000     0.645914185     1.330894794     0.068142572
     2.600000000     0.620840661     1.315212297     0.068408326
     2.610000000     0.588290998     1.304647828     0.068709490
     2.620000000     0.550015424     1.298958724     0.068959305
     2.630000000     0.508021481     1.297769407     0.069074830
     2.640000000     0.464393009     1.300792491     0.068983637
     2.650000000     0.421136393     1.307840676     0.068628612
     2.660000000     0.380062770     1.318842983     0.067970632
     2.670000000     0.342702684     1.333633018     0.066989171
     2.680000000     0.310243471     1.351698045     0.065681002
     2.690000000     0.283480614     1.372207141     0.064057349
     2.700000000     0.262780915     1.394228050     0.062139971
     2.710000000     0.248063864     1.416860490     0.059956831
     2.720000000     0.238813798     1.439142726     0.057538110
     2.730000000     0.234136044     1.459886603     0.054913314
     2.740000000     0.232863753     1.477821046     0.052110026
     2.750000000     0.233709484     1.492130951     0.049154474
     2.760000000     0.235440413     1.502834881     0.046073634
     2.770000000     0.237043374     1.510456885     0.042898171
     2.780000000     0.237841331     1.515717307     0.039665217
     2.790000000     0.237529950     1.520095151     0.036420033
     2.800000000     0.236121844     1.525947370     0.033215785
     2.810000000     0.233812237     1.535020333     0.030111191
     2.820000000     0.230805103     1.547071974     0.027166335
     2.830000000     0.227153859     1.560162915     0.024437434
     2.840000000     0.222668777     1.571853370     0.021971659
     2.850000000     0.216923387     1.580194330     0.019803080
     2.860000000     0.209360137     1.584245561     0.017950502
     2.870000000     0.199462524     1.584508148     0.016417450
     2.880000000     0.186938655     1.583362712     0.015194005
     2.890000000     0.171857818     1.584320653     0.014259807
     2.900000000     0.154697956     1.589941683     0.013587371
     2.910000000     0.136291338     1.600615526     0.013145030
     2.920000000     0.117687049     1.615183803     0.012899070
     2.930000000     0.099971278     1.632111922     0.012815044
     2.940000000     0.084093243     1.650144121     0.012858462
     2.950000000     0.070735925     1.668450483     0.012995226
     2.960000000     0.060252241     1.686564655     0.013192085
     2.970000000     0.052666749     1.704261285     0.013417298
     2.980000000     0.047727665     1.721450980     0.013641502
     2.990000000     0.044987116     1.738095372     0.013838687
     3.000000000     0.043888935     1.754104551     0.013987121
     3.010000000     0.043849453     1.769287682     0.014070081
     3.020000000     0.044324005     1.783429270     0.014076281
     3.030000000     0.044857222     1.796461272     0.013999949
     3.040000000     0.045117797     1.808639974     0.013840574
     3.050000000     0.044918743     1.820528977     0.013602395
     3.060000000     0.044223524     1.832680894     0.013293781
     3.070000000     0.043137931     1.845310359     0.012926611
     3.080000000     0.041887713     1.858318752     0.012515779
     3.090000000     0.040782852     1.871596857     0.012078790
     3.100000000     0.040170711     1.885232480     0.011635357
     3.110000000     0.040382025     1.899401314     0.011206797
     3.120000000     0.041675523     1.914125347     0.010815102
     3.130000000     0.044188661     1.929185204     0.010481605
     3.140000000     0.047902835     1.944174604     0.010225404
     3.150000000     0.052630861     1.958567284     0.010061786
     3.160000000     0.058031900     1.971801100     0.010000971
     3.170000000     0.063654423     1.983461738     0.010047439
     3.180000000     0.069002088     1.993519520     0.010199979
     3.190000000     0.073611952     2.002336990     0.010452486
     3.200000000     0.077130908     2.010358734     0.010795415
     3.210000000     0.079375834     2.017984912     0.011217789
     3.220000000     0.080365950     2.025813709     0.011709564
     3.230000000     0.080321673     2.034598099     0.012264085
     3.240000000     0.079631196     2.044790491     0.012880210
     3.250000000     0.078792272     2.056370492     0.013563584
     3.260000000     0.078340635     2.069073549     0.014326549
     3.270000000     0.078777388     2.082560008     0.015186356
     3.280000000     0.080505750     2.096420534     0.016161773
     3.290000000     0.083784046     2.110254567     0.017268622
     3.300000000     0.088698073     2.123837677     0.018515205
     3.310000000     0.095153435     2.137125413     0.019898731
     3.320000000     0.102887393     2.149992938     0.021403704
     3.330000000     0.111499803     2.162062326     0.023002771
     3.340000000     0.120502754     2.172909742     0.024659970
     3.350000000     0.129387179     2.182365108     0.026335729
     3.360000000     0.137701592     2.190560044     0.027992667
     3.370000000     0.145133416     2.197763837     0.029601148
     3.380000000     0.151578663     2.204234949     0.031143742
     3.390000000     0.157183206     2.210339185     0.032618038
     3.400000000     0.162340396     2.216863508     0.034037559
     3.410000000     0.167636629     2.224886751     0.035430791
     3.420000000     0.173747875     2.235066605     0.036838444
     3.430000000     0.181303787     2.247199017     0.038309209
     3.440000000     0.190747813     2.260449774     0.039894403
     3.450000000     0.202227517     2.273755555     0.041642061
     3.460000000     0.215545686     2.285998708     0.043591191
     3.470000000     0.230189325     2.296011277     0.045766985
     3.480000000     0.245432911     2.302643656     0.048177643
     3.490000000     0.260490290     2.305169417     0.050813216
     3.500000000     0.274673707     2.304000884     0.053646509
     3.510000000     0.287515060     2.301035936     0.056635766
     3.520000000     0.298815855     2.298945654     0.059728667
     3.530000000     0.308615710     2.299735944     0.062867201
     3.540000000     0.317096585     2.303675248     0.065993032
     3.550000000     0.324461065     2.309289416     0.069053115
     3.560000000     0.330829915     2.314267542     0.072005222
     3.570000000     0.336193928     2.316656009     0.074822890
     3.580000000     0.340432042     2.315793973     0.077499044
     3.590000000     0.343381317     2.312591830     0.080047389
     3.600000000     0.344925209     2.308944226     0.082500825
     3.610000000     0.345062070     2.306718653     0.084906620
     3.620000000     0.343926689     2.307050634     0.087318867
     3.630000000     0.341758565     2.310132121     0.089789602
     3.640000000     0.338832094     2.315249342     0.092360576
     3.650000000     0.335377491     2.321034643     0.095057779
     3.660000000     0.331522455     2.326111497     0.097890237
     3.670000000     0.327274431     2.329917330     0.100853506
     3.680000000     0.322547189     2.333010082     0.103936895
     3.690000000     0.317220185     2.336478758     0.107132329
     3.700000000     0.311210023     2.341072843     0.110442151
     3.710000000     0.304532331     2.346889077     0.113883450
     3.720000000     0.297338021     2.353712484     0.117487485
     3.730000000     0.289917071     2.361537360     0.121294218
     3.740000000     0.282672045     2.370737589     0.125343347
     3.750000000     0.276070332     2.381752385     0.129664178
     3.760000000     0.270587524     2.394660554     0.134266847
     3.770000000     0.266654633     2.409053275     0.139136919
     3.780000000     0.264619764     2.424247579     0.144234346
     3.790000000     0.264730951     2.439585132     0.149496657
     3.800000000     0.267142152     2.454648674     0.154845272
     3.810000000     0.271939257     2.469380455     0.160193331
     3.820000000     0.279178246     2.483946111     0.165453340
     3.830000000     0.288923849     2.498391555     0.170543269
     3.840000000     0.301274827     2.512469542     0.175390261
     3.850000000     0.316362232     2.525789655     0.179931784
     3.860000000     0.334310551     2.538116886     0.184114632
     3.870000000     0.355159297     2.549543503     0.187892704
     3.880000000     0.378754035     2.560327728     0.191224786
     3.890000000     0.404629038     2.570472140     0.194073575
     3.900000000     0.431914674     2.579389854     0.196406907
     3.910000000     0.459306163     2.585869439     0.198201423
     3.920000000     0.485122472     2.588222819     0.199448090
     3.930000000     0.507464358     2.584629789     0.200158097
     3.940000000     0.524453070     2.573997950     0.200367187
     3.950000000     0.534504849     2.557144333     0.200136572
     3.960000000     0.536580770     2.537230038     0.199549313
     3.970000000     0.530353789     2.518750274     0.198702308
     3.980000000     0.516255390     2.505742785     0.197695255
     3.990000000     0.495396396     2.500235593     0.196618935
     4.000000000     0.469388691     2.501659924     0.195545336
     4.010000000     0.440115731     2.507743031     0.194521595
     4.020000000     0.409503549     2.516369275     0.193568633
     4.030000000     0.379331843     2.527046895     0.192684108
     4.040000000     0.351104065     2.540816111     0.191848381
     4.050000000     0.325975807     2.558725460     0.191031803
     4.060000000     0.304729188     2.580625854     0.190201892
     4.070000000     0.287779060     2.605353708     0.189329572
     4.080000000     0.275201498     2.631422930     0.188394324
     4.090000000     0.266780599     2.657425396     0.187388486
     4.100000000     0.262071853     2.682341337     0.186320946
     4.110000000     0.260478246     2.705860189     0.185220116
     4.120000000     0.261330985     2.728410123     0.184135677
     4.130000000     0.263963750     2.750763764     0.183138311
     4.140000000     0.267770176     2.773482834     0.182316794
     4.150000000     0.272238822     2.796607320     0.181772263
     4.160000000     0.276966072     2.819798383     0.181610166
     4.170000000     0.281652414     2.842742362     0.181931045
     4.180000000     0.286089378     2.865398791     0.182821616
     4.190000000     0.290143061     2.887932683     0.184347562
     4.200000000     0.293737261     2.910633741     0.186549034
     4.210000000     0.296836742     2.933981543     0.189439133
     4.220000000     0.299430561     2.958529088     0.193004902
     4.230000000     0.301516493     2.984518466     0.197209817
     4.240000000     0.303089286     3.011672647     0.201996436
     4.250000000     0.304136246     3.039465731     0.207288049
     4.260000000     0.304642554     3.067623354     0.212988629
     4.270000000     0.304606240     3.096430277     0.218981091
     4.280000000     0.304059835     3.126614008     0.225124574
     4.290000000     0.303093853     3.158902050     0.231251935
     4.300000000     0.301877168     3.193612845     0.237168817
     4.310000000     0.300671054     3.230610570     0.242655441
     4.320000000     0.299836642     3.269680395     0.247471905
     4.330000000     0.299838994     3.311003425     0.251367300
     4.340000000     0.301254384     3.355210530     0.254092562
     4.350000000     0.304790274     3.402880992     0.255416612
     4.360000000     0.311329168     3.454065900     0.255144985
     4.370000000     0.322007023     3.508371998     0.253139581
     4.380000000     0.338332540     3.565369591     0.249337593
     4.390000000     0.362343522     3.624841221     0.243767006
     4.400000000     0.396779173     3.686849643     0.236555766
     4.410000000     0.445222993     3.751716954     0.227931938
     4.420000000     0.512143247     3.819743162     0.218213170
     4.430000000     0.602735503     3.890738305     0.207785335
     4.440000000     0.722467906     3.963698775     0.197072231
     4.450000000     0.876260691     4.036740050     0.186499949
     4.460000000     1.067308708     4.107382577     0.176460701
     4.470000000     1.295677098     4.172950794     0.167281125
     4.480000000     1.556941462     4.229944639     0.159199282
     4.490000000     1.841257698     4.271672963     0.152353072
     4.500000000     2.133274158     4.285629405     0.146780894
     4.510000000     2.413193308     4.253176728     0.142433472
     4.520000000     2.659043869     4.153267414     0.139194264
     4.530000000     2.849887074     3.971653914     0.136904763
     4.540000000     2.969353094     3.715044579     0.135390485
     4.550000000     3.008706639     3.421156083     0.134483588
     4.560000000     2.968666143     3.148838652     0.134038823
     4.570000000     2.859467870     2.948580652     0.133941007
     4.580000000     2.699104605     2.839571502     0.134104125
     4.590000000     2.510140639     2.811270189     0.134464119
     4.600000000     2.315857886     2.839140591     0.134968913
     4.610000000     2.136614182     2.898043565     0.135569628
     4.620000000     1.987170038     2.968111642     0.136216122
     4.630000000     1.875426761     3.035540677     0.136858216
     4.640000000     1.802632951     3.092015870     0.137451721
     4.650000000     1.764778161     3.134858082     0.137966675
     4.660000000     1.754684221     3.166269010     0.138394484
     4.670000000     1.764251309     3.189350907     0.138751245
     4.680000000     1.786392380     3.204490906     0.139076077
     4.690000000     1.816344338     3.212261920     0.139425134
     4.700000000     1.852223394     3.219593904     0.139863366
     4.710000000     1.894855056     3.238071640     0.140456604
     4.720000000     1.947032696     3.273977470     0.141265952
     4.730000000     2.012432940     3.323005826     0.142345271
     4.740000000     2.094439803     3.374984976     0.143741147
     4.750000000     2.195107575     3.421078354     0.145493812
     4.760000000     2.314435498     3.456128396     0.147637362
     4.770000000     2.450050813     3.476667505     0.150198219
     4.780000000     2.597317751     3.479826385     0.153191870
     4.790000000     2.749822522     3.464632527     0.156618966
     4.800000000     2.900135720     3.431326358     0.160462329
     4.810000000     3.040725103     3.378289657     0.164686244
     4.820000000     3.164881267     3.303681773     0.169238580
     4.830000000     3.267524679     3.211397186     0.174055207
     4.840000000     3.345784557     3.111486053     0.179065417
     4.850000000     3.399277582     3.014538656     0.184196839
     4.860000000     3.430062994     2.928106370     0.189378839
     4.870000000     3.442301263     2.855871773     0.194544286
     4.880000000     3.441685062     2.796711367     0.199630446
     4.890000000     3.434735144     2.746190113     0.204580119
     4.900000000     3.428058636     2.701580824     0.209343935
     4.910000000     3.427658366     2.665101019     0.213883875
     4.920000000     3.438367252     2.640375393     0.218177210
     4.930000000     3.463466272     2.625833861     0.222219378
     4.940000000     3.504526599     2.613326364     0.226024353
     4.950000000     3.561490387     2.593237570     0.229621667
     4.960000000     3.632966582     2.560264263     0.233050294
     4.970000000     3.716671736     2.513958771     0.236350634
     4.980000000     3.809904720     2.455030460     0.239556491
     4.990000000     3.909926607     2.384133268     0.242689061
     5.000000000     4.014137276     2.304422050     0.245754406
     5.010000000     4.120000040     2.221472613     0.248745060
     5.020000000     4.224750269     2.138406274     0.251645322
     5.030000000     4.325006157     2.052179160     0.254438899
     5.040000000     4.416449729     1.955449103     0.257116909
     5.050000000     4.493742816     1.841488229     0.259684169
     5.060000000     4.550783254     1.707288843     0.262162031
     5.070000000     4.581307593     1.553557821     0.264586888
     5.080000000     4.579739272     1.383995621     0.267004547
     5.090000000     4.542099663     1.205217448     0.269461679
     5.100000000     4.466769286     1.026635551     0.271996246
     5.110000000     4.354916383     0.859585535     0.274628892
     5.120000000     4.210489236     0.714561331     0.277356863
     5.130000000     4.039772109     0.597402945     0.280151253
     5.140000000     3.850602096     0.508172626     0.282957604
     5.150000000     3.651410278     0.443830674     0.285699357
     5.160000000     3.450272236     0.401156443     0.288283467
     5.170000000     3.254131558     0.377298669     0.290607560
     5.180000000     3.068307736     0.369168841     0.292568110
     5.190000000     2.896334153     0.373303138     0.294069092
     5.200000000     2.740108366     0.386213635     0.295030381
     5.210000000     2.600286148     0.404769944     0.295395009
     5.220000000     2.476817494     0.426711255     0.295134344
     5.230000000     2.369508116     0.451220928     0.294250509
     5.240000000     2.278493390     0.479051597     0.292775769
     5.250000000     2.204532474     0.511940700     0.290769121
     5.260000000     2.149066299     0.551536513     0.288310614
     5.270000000     2.114029513     0.598492226     0.285494098
     5.280000000     2.101454752     0.652004260     0.282419077
     5.290000000     2.112947290     0.709543985     0.279182339
     5.300000000     2.149129561     0.766514889     0.275870147
     5.310000000     2.209154008     0.816403054     0.272551905
     5.320000000     2.290362289     0.852460431     0.269276316
     5.330000000     2.388138934     0.870072420     0.266070818
     5.340000000     2.495980077     0.867455265     0.262944590
     5.350000000     2.605780797     0.844593885     0.259894585
     5.360000000     2.708337238     0.802398809     0.256913286
     5.370000000     2.794052725     0.742072964     0.253996314
     5.380000000     2.853818239     0.663703782     0.251148024
     5.390000000     2.879999825     0.565970644     0.248383714
     5.400000000     2.867414693     0.449404183     0.245728029
     5.410000000     2.814132714     0.321369159     0.243210230
     5.420000000     2.721926101     0.197313162     0.240857852
     5.430000000     2.596226002     0.095460544     0.238690785
     5.440000000     2.445531886     0.028665894     0.236717598
     5.450000000     2.280337974    -0.000247590     0.234935281
     5.460000000     2.111755153     0.003125304     0.233332449
     5.470000000     1.950080614     0.029691660     0.231894979
     5.480000000     1.803577478     0.070947762     0.230612212
     5.490000000     1.677671761     0.120431693     0.229481693
     5.500000000     1.574673456     0.172937965     0.228510862
     5.510000000     1.494013437     0.223472543     0.227715196
     5.520000000     1.432888901     0.267470638     0.227113519
     5.530000000     1.387148036     0.302248961     0.226722262
     5.540000000     1.352226500     0.328519536     0.226550879
     5.550000000     1.323968993     0.350114778     0.226600288
     5.560000000     1.299216457     0.371313788     0.226865247
     5.570000000     1.276098818     0.394256913     0.227340196
     5.580000000     1.254032263     0.419061379     0.228026872
     5.590000000     1.233469843     0.445906861     0.228941273
     5.600000000     1.215489307     0.476135314     0.230117526
     5.610000000     1.201319585     0.510775427     0.231606912
     5.620000000     1.191906390     0.548576133     0.233471459
     5.630000000     1.187598523     0.586116587     0.235772770
     5.640000000     1.188002888     0.619470095     0.238557729
     5.650000000     1.192014443     0.645817368     0.241843259
     5.660000000     1.197987080     0.664337387     0.245602327
     5.670000000     1.203983592     0.676026742     0.249753068
     5.680000000     1.208035859     0.683072044     0.254152434
     5.690000000     1.208361482     0.688569077     0.258595417
     5.700000000     1.203513424     0.695643051     0.262820617
     5.710000000     1.192470885     0.705624503     0.266522697
     5.720000000     1.174698195     0.716964967     0.269371854
     5.730000000     1.150195559     0.726411275     0.271039667
     5.740000000     1.119543746     0.731920521     0.271229550
     5.750000000     1.083917520     0.735287617     0.269708651
     5.760000000     1.045027132     0.742382890     0.266336988
     5.770000000     1.004955992     0.759869198     0.261089092
     5.780000000     0.965896030     0.790598716     0.254064019
     5.790000000     0.929826931     0.832033246     0.245481204
     5.800000000     0.898220505     0.878506309     0.235662051
     5.810000000     0.871858443     0.924519188     0.224999769
     5.820000000     0.850823962     0.966640841     0.213922195
     5.830000000     0.834674226     1.003578919     0.202853494
     5.840000000     0.822741596     1.035772938     0.192180543
     5.850000000     0.814470528     1.065820212     0.182228412
     5.860000000     0.809688596     1.098366370     0.173247209
     5.870000000     0.808735843     1.137347986     0.165410181
     5.880000000     0.812424664     1.183031200     0.158820960
     5.890000000     0.821853897     1.232374295     0.153526754
     5.900000000     0.838138602     1.281649531     0.149534004
     5.910000000     0.862131835     1.328717994     0.146823612
     5.920000000     0.894206937     1.373674032     0.145363717
     5.930000000     0.934145536     1.417407651     0.145118922
     5.940000000     0.981146894     1.459296750     0.146055562
     5.950000000     1.033945961     1.496480320     0.148143051
     5.960000000     1.091005362     1.525580334     0.151351659
     5.970000000     1.150733371     1.545539662     0.155647385
     5.980000000     1.211677783     1.558842500     0.160984982
     5.990000000     1.272655682     1.569351959     0.167300517
     6.000000000     1.332800149     1.579198593     0.174505054
     6.010000000     1.391531699     1.588310684     0.182480871
     6.020000000     1.448486121     1.596076385     0.191081205
     6.030000000     1.503442036     1.602050309     0.200133802
     6.040000000     1.556285629     1.604908770     0.209447911
     6.050000000     1.607028479     1.602352265     0.218823851
     6.060000000     1.655866431     1.593397213     0.228064067
     6.070000000     1.703245588     1.580404438     0.236984563
     6.080000000     1.749895928     1.568017334     0.245425724
     6.090000000     1.796805736     1.559935494     0.253261588
     6.100000000     1.845134271     1.556417915     0.260406605
     6.110000000     1.896083286     1.554257393     0.266818919
     6.120000000     1.950759082     1.548876970     0.272499267
     6.130000000     2.010051570     1.537067935     0.277485001
     6.140000000     2.074540644     1.518819885     0.281839424
     6.150000000     2.144424148     1.496588407     0.285637646
     6.160000000     2.219455898     1.472565510     0.288951113
     6.170000000     2.298889843     1.446900424     0.291833590
     6.180000000     2.381441348     1.417689686     0.294311410
     6.190000000     2.465287612     1.381418910     0.296380003
     6.200000000     2.548126824     1.333925749     0.298007465
     6.210000000     2.627298340     1.272484309     0.299144353
     6.220000000     2.699942322     1.197800473     0.299737603
     6.230000000     2.763160507     1.113896680     0.299745701
     6.240000000     2.814141517     1.025514603     0.299152197
     6.250000000     2.850236102     0.935428534     0.297975155
     6.260000000     2.869000294     0.844282573     0.296271045
     6.270000000     2.868250595     0.751834537     0.294132585
     6.280000000     2.846179474     0.656931405     0.291681018
     6.290000000     2.801555883     0.557198903     0.289054160
     6.300000000     2.733992244     0.452236633     0.286392203
     6.310000000     2.644214822     0.347893400     0.283823695
     6.320000000     2.534249201     0.253946597     0.281454216
     6.330000000     2.407439524     0.177524149     0.279359840
     6.340000000     2.268258598     0.120915131     0.277586619
     6.350000000     2.121921979     0.083699917     0.276155981
     6.360000000     1.973872275     0.064487058     0.275074551
     6.370000000     1.829231925     0.060866501     0.274345701
     6.380000000     1.692324791     0.069375105     0.273979619
     6.390000000     1.566342032     0.086654381     0.273998951
     6.400000000     1.453187697     0.110346079     0.274438199
     6.410000000     1.353498945     0.138684874     0.275336655
     6.420000000     1.266806380     0.169870016     0.276726443
     6.430000000     1.191786478     0.202245439     0.278618583
     6.440000000     1.126558748     0.234860890     0.280990676
     6.450000000     1.068988966     0.267389854     0.283779580
     6.460000000     1.016970197     0.299533835     0.286881447
     6.470000000     0.968660965     0.330820906     0.290159883
     6.480000000     0.922664540     0.361102975     0.293461251
     6.490000000     0.878136732     0.391444516     0.296634515
     6.500000000     0.834814873     0.424158256     0.299551879
     6.510000000     0.792969270     0.461410667     0.302126069
     6.520000000     0.753289414     0.503810994     0.304320485
     6.530000000     0.716727715     0.550325394     0.306149745
     6.540000000     0.684330180     0.599351229     0.307670107
     6.550000000     0.657083895     0.649841726     0.308961646
     6.560000000     0.635805544     0.701572754     0.310106261
     6.570000000     0.621085007     0.754639156     0.311166976
     6.580000000     0.613285929     0.808753115     0.312173986
     6.590000000     0.612593072     0.862863835     0.313121302
     6.600000000     0.619085833     0.915583662     0.313974902
     6.610000000     0.632810133     0.966105612     0.314689892
     6.620000000     0.653818928     1.014499981     0.315231372
     6.630000000     0.682157394     1.061159030     0.315592557
     6.640000000     0.717783702     1.106425941     0.315804626
     6.650000000     0.760438693     1.150723025     0.315935484
     6.660000000     0.809502089     1.194225929     0.316078156
     6.670000000     0.863890151     1.235825698     0.316332580
     6.680000000     0.922050843     1.272542445     0.316786123
     6.690000000     0.982092542     1.300451180     0.317497787
     6.700000000     1.042043403     1.316717121     0.318489133
     6.710000000     1.100191250     1.321490761     0.319742476
     6.720000000     1.155414153     1.318439772     0.321204733
     6.730000000     1.207395371     1.312999486     0.322794387
     6.740000000     1.256632773     1.309338998     0.324409236
     6.750000000     1.304201825     1.308933461     0.325933739
     6.760000000     1.351301320     1.311665152     0.327245913
     6.770000000     1.398682904     1.316962664     0.328224366
     6.780000000     1.446116633     1.323289714     0.328755907
     6.790000000     1.492056759     1.327148844     0.328743330
     6.800000000     1.533635518     1.323080500     0.328112153
     6.810000000     1.567032724     1.305299359     0.326814641
     6.820000000     1.588165040     1.270565092     0.324829876
     6.830000000     1.593540812     1.220635910     0.322159710
     6.840000000     1.581066685     1.163024796     0.318821846
     6.850000000     1.550593776     1.109387467     0.314842292
     6.860000000     1.504058277     1.071370643     0.310249685
     6.870000000     1.445185390     1.055942666     0.305073265
     6.880000000     1.378850124     1.063323455     0.299344878
     6.890000000     1.310281851     1.088237585     0.293103923
     6.900000000     1.244329772     1.122830525     0.286403129
     6.910000000     1.184964369     1.159870114     0.279312926
     6.920000000     1.135092093     1.195448188     0.271922874
     6.930000000     1.096643879     1.229854373     0.264339813
     6.940000000     1.070805389     1.265496477     0.256683552
     6.950000000     1.058221720     1.304059944     0.249081537
     6.960000000     1.059043619     1.346592745     0.241663838
     6.970000000     1.072772076     1.395008221     0.234559121
     6.980000000     1.097968662     1.450527080     0.227891413
     6.990000000     1.131986275     1.510064310     0.221776914
     7.000000000     1.170902241     1.565296232     0.216320058
     7.010000000     1.209787580     1.605664850     0.211608610
     7.020000000     1.243336020     1.623447138     0.207708323
     7.030000000     1.266742928     1.618661661     0.204658352
     7.040000000     1.276618614     1.600960732     0.202468670
     7.050000000     1.271685102     1.586140988     0.201120234
     7.060000000     1.253057225     1.588763258     0.200567678
     7.070000000     1.224030577     1.616203057     0.200743389
     7.080000000     1.189445731     1.667706474     0.201561340
     7.090000000     1.154816296     1.736875618     0.202919330
     7.100000000     1.125457020     1.815097114     0.204699199
     7.110000000     1.105815623     1.895263606     0.206765836
     7.120000000     1.099118913     1.974466484     0.208966842
     7.130000000     1.107331766     2.053762425     0.211135010
     7.140000000     1.131340731     2.135558091     0.213095251
     7.150000000     1.171240341     2.221411653     0.214676190
     7.160000000     1.226622012     2.311616710     0.215725041
     7.170000000     1.296821778     2.405391353     0.216122933
     7.180000000     1.381141558     2.500673705     0.215797321
     7.190000000     1.479090892     2.594014135     0.214728624
     7.200000000     1.590689729     2.681394370     0.212949592
     7.210000000     1.716835451     2.760226135     0.210537785
     7.220000000     1.859690525     2.831786056     0.207603131
     7.230000000     2.023014938     2.901778951     0.204273416
     7.240000000     2.212363407     2.977064041     0.200680479
     7.250000000     2.435087675     3.060793070     0.196948968
     7.260000000     2.700110702     3.150141602     0.193188269
     7.270000000     3.017450425     3.237589202     0.189487131
     7.280000000     3.397455806     3.314095382     0.185910063
     7.290000000     3.849688798     3.371757676     0.182494776
     7.300000000     4.381376161     3.404335708     0.179250675
     7.310000000     4.995405479     3.406457341     0.176159128
     7.320000000     5.687975764     3.372761169     0.173176584
     7.330000000     6.446222124     3.295681435     0.170241311
     7.340000000     7.246356769     3.160749933     0.167283656
     7.350000000     8.053010356     2.943146429     0.164238581
     7.360000000     8.820421529     2.610590560     0.161058337
     7.370000000     9.495852620     2.132913028     0.157722776
     7.380000000    10.025127768     1.493943197     0.154245213
     7.390000000    10.359606316     0.702441818     0.150672680
     7.400000000    10.463392821    -0.199794343     0.147080663
     7.410000000    10.319326441    -1.138974770     0.143563512
     7.420000000     9.932406578    -2.026486714     0.140222407
     7.430000000     9.329804406    -2.783586663     0.137153026
     7.440000000     8.557359867    -3.357008276     0.134434860
     7.450000000     7.673257559    -3.727412636     0.132123708
     7.460000000     6.740180248    -3.913282140     0.130248314
     7.470000000     5.817486240    -3.960057887     0.128811469
     7.480000000     4.954798328    -3.918573233     0.127795265
     7.490000000     4.187911511    -3.828329851     0.127169435
     7.500000000     3.537300794    -3.712633891     0.126901102
     7.510000000     3.008937520    -3.583145981     0.126963791
     7.520000000     2.596751038    -3.447103403     0.127343494
     7.530000000     2.285956030    -3.312100282     0.128040078
     7.540000000     2.056563566    -3.187349610     0.129063290
     7.550000000     1.886605394    -3.082193640     0.130423916
     7.560000000     1.754818808    -3.003659589     0.132121937
     7.570000000     1.642692972    -2.954333590     0.134134397
     7.580000000     1.535851348    -2.929651380     0.136405975
     7.590000000     1.424767464    -2.915864257     0.138844718
     7.600000000     1.304827453    -2.894532190     0.141324374
     7.610000000     1.175793670    -2.852718138     0.143693290
     7.620000000     1.040791414    -2.788291947     0.145788539
     7.630000000     0.905011444    -2.706470830     0.147452820
     7.640000000     0.774361986    -2.614123031     0.148551235
     7.650000000     0.654293238    -2.516778553     0.148985145
     7.660000000     0.548955329    -2.418085698     0.148701049
     7.670000000     0.460758587    -2.320207938     0.147693595
     7.680000000     0.390313480    -2.224465051     0.146003035
     7.690000000     0.336662583    -2.131951013     0.143708486
     7.700000000     0.297689602    -2.043857613     0.140918828
     7.710000000     0.270596389    -1.961503742     0.137762982
     7.720000000     0.252363842    -1.886216836     0.134380668
     7.730000000     0.240141623    -1.818867508     0.130913987
     7.740000000     0.231535459    -1.758948186     0.127499583
     7.750000000     0.224777606    -1.704060453     0.124260957
     7.760000000     0.218778909    -1.651013695     0.121300859
     7.770000000     0.213073334    -1.597846962     0.118694156
     7.780000000     0.207678824    -1.544588509     0.116482110
     7.790000000     0.202909412    -1.492318318     0.114669082
     7.800000000     0.199179105    -1.442024974     0.113222486
     7.810000000     0.196835359    -1.394196731     0.112076298
     7.820000000     0.196049296    -1.348909397     0.111137928
     7.830000000     0.196773978    -1.306113488     0.110297849
     7.840000000     0.198765375    -1.266002461     0.109441132
     7.850000000     0.201647326    -1.229048475     0.108459869
     7.860000000     0.204994475    -1.195545872     0.107265244
     7.870000000     0.208406984    -1.165156617     0.105797735
     7.880000000     0.211557207    -1.136923535     0.104033798
     7.890000000     0.214199536    -1.109712699     0.101987522
     7.900000000     0.216147311    -1.082803485     0.099706361
     7.910000000     0.217231406    -1.056285598     0.097261140
     7.920000000     0.217260543    -1.030963324     0.094731860
     7.930000000     0.216001759    -1.007825048     0.092191988
     7.940000000     0.213191314    -0.987407368     0.089694531
     7.950000000     0.208574664    -0.969444591     0.087262977
     7.960000000     0.201963288    -0.953016443     0.084889079
     7.970000000     0.193290237    -0.936973819     0.082537812
     7.980000000     0.182647033    -0.920310883     0.080158031
     7.990000000     0.170291311    -0.902428371     0.077696011
     8.000000000     0.156624091    -0.883271858     0.075108492
     8.010000000     0.142144128    -0.863202626     0.072372244
     8.020000000     0.127391457    -0.842618265     0.069488344
     8.030000000     0.112892322    -0.821620053     0.066480897
     8.040000000     0.099114163    -0.800038431     0.063391294
     8.050000000     0.086434619    -0.777748792     0.060270045
     8.060000000     0.075124498    -0.754881716     0.057168424
     8.070000000     0.065342549    -0.731772425     0.054131749
     8.080000000     0.057139513    -0.708804342     0.051195374
     8.090000000     0.050469432    -0.686283861     0.048383574
     8.100000000     0.045206733    -0.664381975     0.045710777
     8.110000000     0.041167581    -0.643149936     0.043184175
     8.120000000     0.038133531    -0.622598763     0.040806602
     8.130000000     0.035874981    -0.602757598     0.038578763
     8.140000000     0.034171779    -0.583640659     0.036500287
     8.150000000     0.032828808    -0.565187616     0.034569507
     8.160000000     0.031685367    -0.547289927     0.032782347
     8.170000000     0.030618387    -0.529865919     0.031130977
     8.180000000     0.029540656    -0.512863782     0.029602925
     8.190000000     0.028395931    -0.496231011     0.028181230
     8.200000000     0.027152968    -0.479933385     0.026845793
     8.210000000     0.025800077    -0.463976628     0.025575692
     8.220000000     0.024341051    -0.448378980     0.024351883
     8.230000000     0.022792404    -0.433120774     0.023159519
     8.240000000     0.021181225    -0.418118929     0.021989263
     8.250000000     0.019542689    -0.403261767     0.020837224
     8.260000000     0.017916527    -0.388470958     0.019703595
     8.270000000     0.016342362    -0.373731885     0.018590435
     8.280000000     0.014854506    -0.359083941     0.017499277
     8.290000000     0.013477287    -0.344585866     0.016429271
     8.300000000     0.012222044    -0.330282860     0.015376367
     8.310000000     0.011086586    -0.316193559     0.014333746
     8.320000000     0.010057254    -0.302311896     0.013293353
     8.330000000     0.009113062    -0.288615006     0.012248096
     8.340000000     0.008230872    -0.275075121     0.011194149
     8.350000000     0.007390405    -0.261664035     0.010132785
     8.360000000     0.006578039    -0.248344802     0.009071269
     8.370000000     0.005788792    -0.235073538     0.008022585
     8.380000000     0.005026443    -0.221811192     0.007003992
     8.390000000     0.004302349    -0.208525169     0.006034676
     8.400000000     0.003634004    -0.195190581     0.005132962
     8.410000000     0.003044838    -0.181795962     0.004313677
     8.420000000     0.002567042    -0.168339485     0.003586207
     8.430000000     0.002249439    -0.154816746     0.002953656
     8.440000000     0.002172434    -0.141210273     0.002413208
     8.450000000     0.002471634    -0.127485386     0.001957504
     8.460000000     0.003370498    -0.113594643     0.001576601
     8.470000000     0.005219731    -0.099488038     0.001259978
     8.480000000     0.008536857    -0.085120192     0.000998126
     8.490000000     0.014033672    -0.070452433     0.000783444
     8.500000000     0.022613493    -0.055456229     0.000610415
     8.510000000     0.035316856    -0.040124028     0.000475201
     8.520000000     0.053197173    -0.024492042     0.000374937
     8.530000000     0.077119863    -0.008682209     0.000306961
     8.540000000     0.107500474     0.007023155     0.000268178
     8.550000000     0.144025553     0.022051818     0.000254645
     8.560000000     0.185426099     0.035327514     0.000261411
     8.570000000     0.229385368     0.044953066     0.000282602
     8.580000000     0.272650217     0.047860561     0.000311728
     8.590000000     0.311374129     0.039785782     0.000342180
     8.600000000     0.341657932     0.016457761     0.000367843
     8.610000000     0.360189235    -0.023079681     0.000383754
     8.620000000     0.364837247    -0.072628033     0.000386643
     8.630000000     0.355055569    -0.119948706     0.000375263
     8.640000000     0.331987672    -0.154337625     0.000350403
     8.650000000     0.298246893    -0.172424259     0.000314573
     8.660000000     0.257429423    -0.176857548     0.000271426
     8.670000000     0.213485651    -0.172170591     0.000225053
     8.680000000     0.170101222    -0.162247807     0.000179302
     8.690000000     0.130219015    -0.149705934     0.000137256
     8.700000000     0.095778846    -0.136107493     0.000100953
     8.710000000     0.067685091    -0.122318860     0.000071340
     8.720000000     0.045956258    -0.108790884     0.000048438
     8.730000000     0.029979509    -0.095738987     0.000031598
     8.740000000     0.018790252    -0.083249570     0.000019805
     8.750000000     0.011315374    -0.071340496     0.000011926
     8.760000000     0.006546866    -0.059994781     0.000006900
     8.770000000     0.003639370    -0.049179101     0.000003836
     8.780000000     0.001943780    -0.038853818     0.000002049
     8.790000000     0.000997462    -0.028978261     0.000001051
     8.800000000     0.000491783    -0.019513398     0.000000518
     8.810000000     0.000232959    -0.010423067     0.000000246
     8.820000000     0.000106026    -0.001674417     0.000000112
     8.830000000     0.000046363     0.006762053     0.000000049
     8.840000000     0.000019479     0.014912676     0.000000021
     8.850000000     0.000007863     0.022800875     0.000000008
     8.860000000     0.000003050     0.030447469     0.000000003
     8.870000000     0.000001136     0.037870959     0.000000001
     8.880000000     0.000000407     0.045087809     0.000000000
     8.890000000     0.000000140     0.052112697     0.000000000
     8.900000000     0.000000046     0.058958732     0.000000000
     8.910000000     0.000000015     0.065637655     0.000000000
     8.920000000     0.000000004     0.072160007     0.000000000
     8.930000000     0.000000001     0.078535278     0.000000000
     8.940000000     0.000000000     0.084772034     0.000000000
     8.950000000     0.000000000     0.090878031     0.000000000
     8.960000000     0.000000000     0.096860310     0.000000000
     8.970000000     0.000000000     0.102725280     0.000000000
     8.980000000     0.000000000     0.108478789     0.000000000
     8.990000000     0.000000000     0.114126191     0.000000000
     9.000000000     0.000000000     0.119672398     0.000000000
     9.010000000     0.000000000     0.125121928     0.000000000
     9.020000000     0.000000000     0.130478945     0.000000000
     9.030000000     0.000000000     0.135747300     0.000000000
     9.040000000     0.000000000     0.140930559     0.000000000
     9.050000000     0.000000000     0.146032035     0.000000000
     9.060000000     0.000000000     0.151054806     0.000000000
     9.070000000     0.000000000     0.156001746     0.000000000
     9.080000000     0.000000000     0.160875537     0.000000000
     9.090000000     0.000000000     0.165678691     0.000000000
     9.100000000     0.000000000     0.170413563     0.000000000
     9.110000000     0.000000000     0.175082365     0.000000000
     9.120000000     0.000000000     0.179687178     0.000000000
     9.130000000     0.000000000     0.184229966     0.000000000
     9.140000000     0.000000000     0.188712580     0.000000000
     9.150000000     0.000000000     0.193136772     0.000000000
     9.160000000     0.000000000     0.197504200     0.000000000
     9.170000000     0.000000000     0.201816437     0.000000000
     9.180000000     0.000000000     0.206074976     0.000000000
     9.190000000     0.000000000     0.210281238     0.000000000
     9.200000000     0.000000000     0.214436574     0.000000000
     9.210000000     0.000000000     0.218542272     0.000000000
     9.220000000     0.000000000     0.222599562     0.000000000
     9.230000000     0.000000000     0.226609618     0.000000000
     9.240000000     0.000000000     0.230573565     0.000000000
     9.250000000     0.000000000     0.234492477     0.000000000
     9.260000000     0.000000000     0.238367386     0.000000000
     9.270000000     0.000000000     0.242199280     0.000000000
     9.280000000     0.000000000     0.245989109     0.000000000
     9.290000000     0.000000000     0.249737786     0.000000000
     9.300000000     0.000000000     0.253446187     0.000000000
     9.310000000     0.000000000     0.257115159     0.000000000
     9.320000000     0.000000000     0.260745515     0.000000000
     9.330000000     0.000000000     0.264338042     0.000000000
     9.340000000     0.000000000     0.267893496     0.000000000
     9.350000000     0.000000000     0.271412609     0.000000000
     9.360000000     0.000000000     0.274896089     0.000000000
     9.370000000     0.000000000     0.278344621     0.000000000
     9.380000000     0.000000000     0.281758866     0.000000000
     9.390000000     0.000000000     0.285139466     0.000000000
     9.400000000     0.000000000     0.288487043     0.000000000
     9.410000000     0.000000000     0.291802200     0.000000000
     9.420000000     0.000000000     0.295085522     0.000000000
     9.430000000     0.000000000     0.298337580     0.000000000
     9.440000000     0.000000000     0.301558925     0.000000000
     9.450000000     0.000000000     0.304750095     0.000000000
     9.460000000     0.000000000     0.307911616     0.000000000
     9.470000000     0.000000000     0.311043998     0.000000000
     9.480000000     0.000000001     0.314147738     0.000000001
     9.490000000     0.000000002     0.317223324     0.000000002
     9.500000000     0.000000005     0.320271231     0.000000005
     9.510000000     0.000000014     0.323291925     0.000000013
     9.520000000     0.000000034     0.326285862     0.000000031
     9.530000000     0.000000079     0.329253490     0.000000072
     9.540000000     0.000000177     0.332195250     0.000000163
     9.550000000     0.000000381     0.335111572     0.000000350
     9.560000000     0.000000789     0.338002886     0.000000726
     9.570000000     0.000001570     0.340869611     0.000001445
     9.580000000     0.000003002     0.343712162     0.000002764
     9.590000000     0.000005516     0.346530949     0.000005079
     9.600000000     0.000009738     0.349326372     0.000008966
     9.610000000     0.000016517     0.352098819     0.000015208
     9.620000000     0.000026918     0.354848661     0.000024784
     9.630000000     0.000042148     0.357576230     0.000038807
     9.640000000     0.000063408     0.360281799     0.000058382
     9.650000000     0.000091651     0.362965525     0.000084387
     9.660000000     0.000127279     0.365627363     0.000117191
     9.670000000     0.000169827     0.368266906     0.000156367
     9.680000000     0.000217713     0.370883130     0.000200458
     9.690000000     0.000268158     0.373474019     0.000246905
     9.700000000     0.000317340     0.376036178     0.000292189
     9.710000000     0.000360818     0.378564891     0.000332221
     9.720000000     0.000394166     0.381055726     0.000362926
     9.730000000     0.000413712     0.383508582     0.000380923
     9.740000000     0.000417201     0.385931805     0.000384135
     9.750000000     0.000404223     0.388339958     0.000372186
     9.760000000     0.000376292     0.390744796     0.000346469
     9.770000000     0.000336556     0.393149460     0.000309882
     9.780000000     0.000289213     0.395550693     0.000266291
     9.790000000     0.000238784     0.397943529     0.000219859
     9.800000000     0.000189419     0.400323903     0.000174406
     9.810000000     0.000144367     0.402689197     0.000132925
     9.820000000     0.000105716     0.405037952     0.000097337
     9.830000000     0.000074378     0.407369458     0.000068483
     9.840000000     0.000050277     0.409683450     0.000046292
     9.850000000     0.000032653     0.411979911     0.000030065
     9.860000000     0.000020376     0.414258958     0.000018761
     9.870000000     0.000012216     0.416520778     0.000011248
     9.880000000     0.000007037     0.418765591     0.000006479
     9.890000000     0.000003894     0.420993630     0.000003586
     9.900000000     0.000002071     0.423205132     0.000001907
     9.910000000     0.000001058     0.425400329     0.000000974
     9.920000000     0.000000519     0.427579452     0.000000478
     9.930000000     0.000000245     0.429742722     0.000000225
     9.940000000     0.000000111     0.431890353     0.000000102
     9.950000000     0.000000048     0.434022553     0.000000044
     9.960000000     0.000000020     0.436139525     0.000000019
     9.970000000     0.000000008     0.438241463     0.000000007
     9.980000000     0.000000003     0.440328557     0.000000003
     9.990000000     0.000000001     0.442400992     0.000000001
    10.000000000     0.000000000     0.444458947     0.000000000
    10.010000000     0.000000000     0.446502595     0.000000000
    10.020000000     0.000000000     0.448532108     0.000000000
    10.030000000     0.000000000     0.450547652     0.000000000
    10.040000000     0.000000000     0.452549389     0.000000000
    10.050000000     0.000000000     0.454537478     0.000000000
    10.060000000     0.000000000     0.456512074     0.000000000
    10.070000000     0.000000000     0.458473329     0.000000000
    10.080000000     0.000000000     0.460421394     0.000000000
    10.090000000     0.000000000     0.462356413     0.000000000
    10.100000000     0.000000000     0.464278531     0.000000000
    10.110000000     0.000000000     0.466187887     0.000000000
    10.120000000     0.000000000     0.468084622     0.000000000
    10.130000000     0.000000000     0.469968869     0.000000000
    10.140000000     0.000000000     0.471840763     0.000000000
    10.150000000     0.000000000     0.473700435     0.000000000
    10.160000000     0.000000000     0.475548014     0.000000000
    10.170000000     0.000000000     0.477383625     0.000000000
    10.180000000     0.000000000     0.479207395     0.000000000
    10.190000000     0.000000000     0.481019446     0.000000000
    10.200000000     0.000000000     0.482819898     0.000000000
    10.210000000     0.000000000     0.484608870     0.000000000
    10.220000000     0.000000000     0.486386479     0.000000000
    10.230000000     0.000000000     0.488152840     0.000000000
    10.240000000     0.000000000     0.489908067     0.000000000
    10.250000000     0.000000000     0.491652271     0.000000000
    10.260000000     0.000000000     0.493385562     0.000000000
    10.270000000     0.000000000     0.495108048     0.000000000
    10.280000000     0.000000000     0.496819837     0.000000000
    10.290000000     0.000000000     0.498521033     0.000000000
    10.300000000     0.000000000     0.500211740     0.000000000
    10.310000000     0.000000000     0.501892060     0.000000000
    10.320000000     0.000000000     0.503562094     0.000000000
    10.330000000     0.000000000     0.505221941     0.000000000
    10.340000000     0.000000000     0.506871699     0.000000000
    10.350000000     0.000000000     0.508511464     0.000000000
    10.360000000     0.000000000     0.510141332     0.000000000
    10.370000000     0.000000000     0.511761397     0.000000000
    10.380000000     0.000000000     0.513371750     0.000000000
    10.390000000     0.000000000     0.514972483     0.000000000
    10.400000000     0.000000000     0.516563686     0.000000000
    10.410000000     0.000000000     0.518145449     0.000000000
    10.420000000     0.000000000     0.519717858     0.000000000
    10.430000000     0.000000000     0.521281000     0.000000000
    10.440000000     0.000000000     0.522834960     0.000000000
    10.450000000     0.000000000     0.524379823     0.000000000
    10.460000000     0.000000000     0.525915672     0.000000000
    10.470000000     0.000000000     0.527442588     0.000000000
    10.480000000     0.000000000     0.528960653     0.000000000
    10.490000000     0.000000000     0.530469946     0.000000000
    10.500000000     0.000000000     0.531970546     0.000000000
    10.510000000     0.000000000     0.533462531     0.000000000
    10.520000000     0.000000000     0.534945978     0.000000000
    10.530000000     0.000000000     0.536420963     0.000000000
    10.540000000     0.000000000     0.537887560     0.000000000
    10.550000000     0.000000000     0.539345844     0.000000000
    10.560000000     0.000000000     0.540795888     0.000000000
    10.570000000     0.000000000     0.542237763     0.000000000
    10.580000000     0.000000000     0.543671542     0.000000000
    10.590000000     0.000000000     0.545097293     0.000000000
    10.600000000     0.000000000     0.546515088     0.000000000
    10.610000000     0.000000000     0.547924993     0.000000000
    10.620000000     0.000000000     0.549327078     0.000000000
    10.630000000     0.000000000     0.550721410     0.000000000
    10.640000000     0.000000000     0.552108053     0.000000000
    10.650000000     0.000000000     0.553487075     0.000000000
    10.660000000     0.000000000     0.554858538     0.000000000
    10.670000000     0.000000000     0.556222508     0.000000000
    10.680000000     0.000000000     0.557579047     0.000000000
    10.690000000     0.000000000     0.558928217     0.000000000
    10.700000000     0.000000000     0.560270081     0.000000000
    10.710000000     0.000000000     0.561604698     0.000000000
    10.720000000     0.000000000     0.562932130     0.000000000
    10.730000000     0.000000000     0.564252434     0.000000000
    10.740000000     0.000000000     0.565565672     0.000000000
    10.750000000     0.000000000     0.566871899     0.000000000
    10.760000000     0.000000000     0.568171174     0.000000000
    10.770000000     0.000000000     0.569463553     0.000000000
    10.780000000     0.000000000     0.570749093     0.000000000
    10.790000000     0.000000000     0.572027849     0.000000000
    10.800000000     0.000000000     0.573299876     0.000000000
    10.810000000     0.000000000     0.574565227     0.000000000
    10.820000000     0.000000000     0.575823957     0.000000000
    10.830000000     0.000000000     0.577076119     0.000000000
    10.840000000     0.000000000     0.578321765     0.000000000
    10.850000000     0.000000000     0.579560946     0.000000000
    10.860000000     0.000000000     0.580793715     0.000000000
    10.870000000     0.000000000     0.582020121     0.000000000
    10.880000000     0.000000000     0.583240214     0.000000000
    10.890000000     0.000000000     0.584454046     0.000000000
    10.900000000     0.000000000     0.585661663     0.000000000
    10.910000000     0.000000000     0.586863115     0.000000000
    10.920000000     0.000000000     0.588058451     0.000000000
    10.930000000     0.000000000     0.589247716     0.000000000
    10.940000000     0.000000000     0.590430958     0.000000000
    10.950000000     0.000000000     0.591608225     0.000000000
    10.960000000     0.000000000     0.592779560     0.000000000
    10.970000000     0.000000000     0.593945011     0.000000000
    10.980000000     0.000000000     0.595104621     0.000000000
    10.990000000     0.000000000     0.596258436     0.000000000
    11.000000000     0.000000000     0.597406499     0.000000000
