 # Column 1: omega
 # Column 2: eps2(omega)
 # Column 3: eps1(omega)
 # Column 4: JDOS(omega)
     0.000000000     0.000000000     2.136111272     0.000000000
     0.010000000     0.000000000     2.136120727     0.000000000
     0.020000000     0.000000000     2.136149094     0.000000000
     0.030000000     0.000000000     2.136196378     0.000000000
     0.040000000     0.000000000     2.136262591     0.000000000
     0.050000000     0.000000000     2.136347746     0.000000000
     0.060000000     0.000000000     2.136451864     0.000000000
     0.070000000     0.000000000     2.136574965     0.000000000
     0.080000000     0.000000000     2.136717079     0.000000000
     0.090000000     0.000000000     2.136878235     0.000000000
     0.100000000     0.000000000     2.137058470     0.000000000
     0.110000000     0.000000000     2.137257823     0.000000000
     0.120000000     0.000000000     2.137476339     0.000000000
     0.130000000     0.000000000     2.137714066     0.000000000
     0.140000000     0.000000000     2.137971057     0.000000000
     0.150000000     0.000000000     2.138247369     0.000000000
     0.160000000     0.000000000     2.138543064     0.000000000
     0.170000000     0.000000000     2.138858209     0.000000000
     0.180000000     0.000000000     2.139192874     0.000000000
     0.190000000     0.000000000     2.139547134     0.000000000
     0.200000000     0.000000000     2.139921071     0.000000000
     0.210000000     0.000000000     2.140314768     0.000000000
     0.220000000     0.000000000     2.140728316     0.000000000
     0.230000000     0.000000000     2.141161808     0.000000000
     0.240000000     0.000000000     2.141615345     0.000000000
     0.250000000     0.000000000     2.142089031     0.000000000
     0.260000000     0.000000000     2.142582975     0.000000000
     0.270000000     0.000000000     2.143097293     0.000000000
     0.280000000     0.000000000     2.143632105     0.000000000
     0.290000000     0.000000000     2.144187536     0.000000000
     0.300000000     0.000000000     2.144763717     0.000000000
     0.310000000     0.000000000     2.145360785     0.000000000
     0.320000000     0.000000000     2.145978883     0.000000000
     0.330000000     0.000000000     2.146618157     0.000000000
     0.340000000     0.000000000     2.147278764     0.000000000
     0.350000000     0.000000000     2.147960862     0.000000000
     0.360000000     0.000000000     2.148664619     0.000000000
     0.370000000     0.000000000     2.149390208     0.000000000
     0.380000000     0.000000000     2.150137807     0.000000000
     0.390000000     0.000000000     2.150907603     0.000000000
     0.400000000     0.000000000     2.151699789     0.000000000
     0.410000000     0.000000000     2.152514565     0.000000000
     0.420000000     0.000000000     2.153352138     0.000000000
     0.430000000     0.000000000     2.154212723     0.000000000
     0.440000000     0.000000000     2.155096542     0.000000000
     0.450000000     0.000000000     2.156003825     0.000000000
     0.460000000     0.000000000     2.156934810     0.000000000
     0.470000000     0.000000000     2.157889744     0.000000000
     0.480000000     0.000000000     2.158868881     0.000000000
     0.490000000     0.000000000     2.159872485     0.000000000
     0.500000000     0.000000000     2.160900829     0.000000000
     0.510000000     0.000000000     2.161954194     0.000000000
     0.520000000     0.000000000     2.163032872     0.000000000
     0.530000000     0.000000000     2.164137165     0.000000000
     0.540000000     0.000000000     2.165267383     0.000000000
     0.550000000     0.000000000     2.166423848     0.000000000
     0.560000000     0.000000000     2.167606894     0.000000000
     0.570000000     0.000000000     2.168816865     0.000000000
     0.580000000     0.000000000     2.170054115     0.000000000
     0.590000000     0.000000000     2.171319014     0.000000000
     0.600000000     0.000000000     2.172611939     0.000000000
     0.610000000     0.000000000     2.173933286     0.000000000
     0.620000000     0.000000000     2.175283458     0.000000000
     0.630000000     0.000000000     2.176662877     0.000000000
     0.640000000     0.000000000     2.178071975     0.000000000
     0.650000000     0.000000000     2.179511203     0.000000000
     0.660000000     0.000000000     2.180981024     0.000000000
     0.670000000     0.000000000     2.182481917     0.000000000
     0.680000000     0.000000000     2.184014380     0.000000000
     0.690000000     0.000000000     2.185578925     0.000000000
     0.700000000     0.000000000     2.187176085     0.000000000
     0.710000000     0.000000000     2.188806408     0.000000000
     0.720000000     0.000000000     2.190470464     0.000000000
     0.730000000     0.000000000     2.192168842     0.000000000
     0.740000000     0.000000000     2.193902152     0.000000000
     0.750000000     0.000000000     2.195671025     0.000000000
     0.760000000     0.000000000     2.197476114     0.000000000
     0.770000000     0.000000000     2.199318098     0.000000000
     0.780000000     0.000000000     2.201197678     0.000000000
     0.790000000     0.000000000     2.203115581     0.000000000
     0.800000000     0.000000000     2.205072563     0.000000000
     0.810000000     0.000000000     2.207069404     0.000000000
     0.820000000     0.000000000     2.209106916     0.000000000
     0.830000000     0.000000000     2.211185941     0.000000000
     0.840000000     0.000000000     2.213307351     0.000000000
     0.850000000     0.000000000     2.215472053     0.000000000
     0.860000000     0.000000000     2.217680988     0.000000000
     0.870000000     0.000000000     2.219935133     0.000000000
     0.880000000     0.000000000     2.222235505     0.000000000
     0.890000000     0.000000000     2.224583160     0.000000000
     0.900000000     0.000000000     2.226979193     0.000000000
     0.910000000     0.000000000     2.229424748     0.000000000
     0.920000000     0.000000000     2.231921012     0.000000000
     0.930000000     0.000000000     2.234469221     0.000000000
     0.940000000     0.000000000     2.237070663     0.000000000
     0.950000000     0.000000000     2.239726678     0.000000000
     0.960000000     0.000000000     2.242438664     0.000000000
     0.970000000     0.000000000     2.245208076     0.000000000
     0.980000000     0.000000000     2.248036435     0.000000000
     0.990000000     0.000000000     2.250925326     0.000000000
     1.000000000     0.000000000     2.253876402     0.000000000
     1.010000000     0.000000000     2.256891392     0.000000000
     1.020000000     0.000000000     2.259972101     0.000000000
     1.030000000     0.000000000     2.263120418     0.000000000
     1.040000000     0.000000000     2.266338315     0.000000000
     1.050000000     0.000000000     2.269627859     0.000000000
     1.060000000     0.000000000     2.272991212     0.000000000
     1.070000000     0.000000000     2.276430640     0.000000000
     1.080000000     0.000000000     2.279948518     0.000000000
     1.090000000     0.000000000     2.283547336     0.000000000
     1.100000000     0.000000000     2.287229708     0.000000000
     1.110000000     0.000000000     2.290998377     0.000000000
     1.120000000     0.000000000     2.294856227     0.000000000
     1.130000000     0.000000000     2.298806289     0.000000000
     1.140000000     0.000000000     2.302851751     0.000000000
     1.150000000     0.000000000     2.306995972     0.000000000
     1.160000000     0.000000000     2.311242488     0.000000000
     1.170000000     0.000000000     2.315595026     0.000000000
     1.180000000     0.000000000     2.320057522     0.000000000
     1.190000000     0.000000000     2.324634127     0.000000000
     1.200000000     0.000000000     2.329329231     0.000000000
     1.210000000     0.000000000     2.334147474     0.000000000
     1.220000000     0.000000000     2.339093767     0.000000000
     1.230000000     0.000000000     2.344173314     0.000000000
     1.240000000     0.000000000     2.349391630     0.000000000
     1.250000000     0.000000000     2.354754569     0.000000000
     1.260000000     0.000000000     2.360268347     0.000000000
     1.270000000     0.000000000     2.365939573     0.000000000
     1.280000000     0.000000000     2.371775282     0.000000000
     1.290000000     0.000000000     2.377782967     0.000000000
     1.300000000     0.000000000     2.383970618     0.000000000
     1.310000000     0.000000000     2.390346768     0.000000000
     1.320000000     0.000000000     2.396920532     0.000000000
     1.330000000     0.000000000     2.403701667     0.000000000
     1.340000000     0.000000000     2.410700625     0.000000000
     1.350000000     0.000000000     2.417928615     0.000000000
     1.360000000     0.000000000     2.425397676     0.000000000
     1.370000000     0.000000000     2.433120755     0.000000000
     1.380000000     0.000000000     2.441111794     0.000000000
     1.390000000     0.000000000     2.449385827     0.000000000
     1.400000000     0.000000000     2.457959091     0.000000000
     1.410000000     0.000000000     2.466849144     0.000000000
     1.420000000     0.000000000     2.476075010     0.000000001
     1.430000000     0.000000001     2.485657326     0.000000002
     1.440000000     0.000000002     2.495618522     0.000000005
     1.450000000     0.000000005     2.505983016     0.000000012
     1.460000000     0.000000012     2.516777439     0.000000029
     1.470000000     0.000000030     2.528030887     0.000000067
     1.480000000     0.000000069     2.539775211     0.000000153
     1.490000000     0.000000154     2.552045346     0.000000334
     1.500000000     0.000000331     2.564879686     0.000000702
     1.510000000     0.000000685     2.578320517     0.000001418
     1.520000000     0.000001371     2.592414504     0.000002757
     1.530000000     0.000002645     2.607213265     0.000005156
     1.540000000     0.000004930     2.622774014     0.000009280
     1.550000000     0.000008877     2.639160318     0.000016076
     1.560000000     0.000015472     2.656442955     0.000026811
     1.570000000     0.000026159     2.674700906     0.000043055
     1.580000000     0.000043074     2.694022497     0.000066590
     1.590000000     0.000069531     2.714506702     0.000099215
     1.600000000     0.000111162     2.736264619     0.000142439
     1.610000000     0.000178591     2.759421135     0.000197097
     1.620000000     0.000293434     2.784116758     0.000262926
     1.630000000     0.000500915     2.810509596     0.000338222
     1.640000000     0.000894750     2.838777439     0.000419660
     1.650000000     0.001663043     2.869119970     0.000502382
     1.660000000     0.003167258     2.901761204     0.000580408
     1.670000000     0.006068505     2.936952239     0.000647354
     1.680000000     0.011513611     2.974973423     0.000697362
     1.690000000     0.021384085     3.016133758     0.000726081
     1.700000000     0.038590063     3.060766729     0.000731531
     1.710000000     0.067356894     3.109221918     0.000714661
     1.720000000     0.113407558     3.161840329     0.000679494
     1.730000000     0.183901698     3.218890680     0.000632837
     1.740000000     0.286972944     3.280451194     0.000583590
     1.750000000     0.430736732     3.346214152     0.000541786
     1.760000000     0.621741762     3.415144353     0.000517521
     1.770000000     0.863009699     3.484865565     0.000519907
     1.780000000     1.152016316     3.550590750     0.000556218
     1.790000000     1.479144430     3.603373194     0.000631299
     1.800000000     1.827197549     3.627604293     0.000747352
     1.810000000     2.172432777     3.598540320     0.000904095
     1.820000000     2.487239201     3.483168804     0.001099320
     1.830000000     2.744124034     3.251678058     0.001329776
     1.840000000     2.920218689     2.904452134     0.001592261
     1.850000000     3.001252188     2.496246308     0.001884785
     1.860000000     2.983985740     2.116848154     0.002207622
     1.870000000     2.876476440     1.833298510     0.002564129
     1.880000000     2.696127860     1.659143664     0.002961202
     1.890000000     2.466089048     1.571081161     0.003409328
     1.900000000     2.210972188     1.534743175     0.003922179
     1.910000000     1.952943735     1.518999235     0.004515723
     1.920000000     1.709004660     1.504079952     0.005206811
     1.930000000     1.489832034     1.486229158     0.006011293
     1.940000000     1.300083885     1.473473546     0.006941756
     1.950000000     1.139728488     1.473166202     0.008005169
     1.960000000     1.005826049     1.484091895     0.009200754
     1.970000000     0.894251295     1.499641310     0.010518483
     1.980000000     0.801022297     1.514709378     0.011938490
     1.990000000     0.723100522     1.528994056     0.013431529
     2.000000000     0.658681956     1.545780803     0.014960457
     2.010000000     0.607084276     1.568417204     0.016482606
     2.020000000     0.568362142     1.597735680     0.017952900
     2.030000000     0.542779132     1.632240013     0.019327606
     2.040000000     0.530253807     1.669357124     0.020568630
     2.050000000     0.529887778     1.705884018     0.021648114
     2.060000000     0.539671078     1.738109705     0.022552839
     2.070000000     0.556435099     1.762401981     0.023287610
     2.080000000     0.576080245     1.775916267     0.023876605
     2.090000000     0.594047870     1.776691637     0.024361764
     2.100000000     0.605947040     1.763640940     0.024797797
     2.110000000     0.608203785     1.738292507     0.025244246
     2.120000000     0.598589327     1.707145085     0.025755894
     2.130000000     0.576510802     1.679976801     0.026373554
     2.140000000     0.543007153     1.664253278     0.027117392
     2.150000000     0.500466725     1.661834108     0.027984465
     2.160000000     0.452148750     1.670336028     0.028951155
     2.170000000     0.401628672     1.686005442     0.029979961
     2.180000000     0.352287864     1.705737283     0.031028993
     2.190000000     0.306936273     1.727939454     0.032061968
     2.200000000     0.267606908     1.752353133     0.033056469
     2.210000000     0.235512673     1.779163237     0.034008836
     2.220000000     0.211123453     1.808143292     0.034934992
     2.230000000     0.194310385     1.838386088     0.035867439
     2.240000000     0.184511289     1.868541712     0.036849500
     2.250000000     0.180887557     1.897271464     0.037928251
     2.260000000     0.182459225     1.923715176     0.039147661
     2.270000000     0.188215788     1.947778998     0.040543109
     2.280000000     0.197204794     1.970023500     0.042137960
     2.290000000     0.208600553     1.991121852     0.043942266
     2.300000000     0.221754863     2.011295740     0.045953211
     2.310000000     0.236232347     2.030277602     0.048156607
     2.320000000     0.251835042     2.047844336     0.050528722
     2.330000000     0.268622451     2.064307874     0.053037893
     2.340000000     0.286932283     2.080351454     0.055645706
     2.350000000     0.307401820     2.096416475     0.058307840
     2.360000000     0.330980492     2.112315308     0.060974896
     2.370000000     0.358913279     2.127384506     0.063593545
     2.380000000     0.392666758     2.141018681     0.066108229
     2.390000000     0.433770889     2.153211755     0.068463357
     2.400000000     0.483564359     2.164717079     0.070605736
     2.410000000     0.542859462     2.176449864     0.072486884
     2.420000000     0.611578018     2.188085683     0.074064945
     2.430000000     0.688440418     2.196933364     0.075306176
     2.440000000     0.770801680     2.198237161     0.076186243
     2.450000000     0.854711142     2.186507560     0.076691698
     2.460000000     0.935225871     2.156995219     0.076821907
     2.470000000     1.006943688     2.107200975     0.076591396
     2.480000000     1.064660534     2.038604511     0.076032124
     2.490000000     1.104020624     1.957832842     0.075194816
     2.500000000     1.122030077     1.874966263     0.074148393
     2.510000000     1.117344628     1.798432692     0.072976774
     2.520000000     1.090304391     1.731108307     0.071772829
     2.530000000     1.042750360     1.671586717     0.070629998
     2.540000000     0.977697777     1.618172501     0.069632683
     2.550000000     0.898950869     1.571258990     0.068846929
     2.560000000     0.810725915     1.533058021     0.068312940
     2.570000000     0.717319081     1.506059566     0.068040676
     2.580000000     0.622828094     1.491706099     0.068009200
     2.590000000     0.530923015     1.489728386     0.068169773
     2.600000000     0.444662118     1.498151724     0.068452043
     2.610000000     0.366357673     1.514070107     0.068772238
     2.620000000     0.297503878     1.534662634     0.069042049
     2.630000000     0.238778764     1.557759552     0.069177017
     2.640000000     0.190122550     1.581876945     0.069103447
     2.650000000     0.150880686     1.606051206     0.068763309
     2.660000000     0.119986946     1.629704726     0.068116888
     2.670000000     0.096155442     1.652542702     0.067143262
     2.680000000     0.078052308     1.674454387     0.065838868
     2.690000000     0.064426527     1.695444640     0.064214557
     2.700000000     0.054191364     1.715602452     0.062291688
     2.710000000     0.046459254     1.735048494     0.060097912
     2.720000000     0.040540891     1.753836276     0.057663358
     2.730000000     0.035922570     1.771903587     0.055017905
     2.740000000     0.032234874     1.789141846     0.052190015
     2.750000000     0.029222046     1.805520087     0.049207263
     2.760000000     0.026716594     1.821144736     0.046098303
     2.770000000     0.024619400     1.836191436     0.042895586
     2.780000000     0.022882938     1.850802271     0.039637933
     2.790000000     0.021494616     1.865072168     0.036372023
     2.800000000     0.020458364     1.879075320     0.033152064
     2.810000000     0.019774851     1.892846209     0.030037397
     2.820000000     0.019422985     1.906354312     0.027088277
     2.830000000     0.019346736     1.919512503     0.024360639
     2.840000000     0.019451228     1.932188078     0.021900917
     2.850000000     0.019610229     1.944209821     0.019742039
     2.860000000     0.019684224     1.955415685     0.017901362
     2.870000000     0.019545133     1.965773582     0.016380838
     2.880000000     0.019101477     1.975511322     0.015169061
     2.890000000     0.018317361     1.985082269     0.014244490
     2.900000000     0.017220279     1.994915221     0.013578918
     2.910000000     0.015895831     2.005188546     0.013140465
     2.920000000     0.014471115     2.015835115     0.012895670
     2.930000000     0.013091344     2.026684092     0.012810656
     2.940000000     0.011895447     2.037573454     0.012851654
     2.950000000     0.010995725     2.048390198     0.012985261
     2.960000000     0.010464606     2.059069616     0.013178786
     2.970000000     0.010329143     2.069585426     0.013400848
     2.980000000     0.010571999     2.079939602     0.013622253
     2.990000000     0.011136877     2.090144993     0.013817009
     3.000000000     0.011936625     2.100199716     0.013963315
     3.010000000     0.012863117     2.110068180     0.014044360
     3.020000000     0.013798792     2.119678083     0.014048795
     3.030000000     0.014630040     2.128946109     0.013970845
     3.040000000     0.015262203     2.137849102     0.013810057
     3.050000000     0.015635116     2.146492405     0.013570783
     3.060000000     0.015737229     2.155082695     0.013261526
     3.070000000     0.015615821     2.163816633     0.012894294
     3.080000000     0.015380778     2.172807944     0.012484064
     3.090000000     0.015199919     2.182105044     0.012048353
     3.100000000     0.015284634     2.191737003     0.011606806
     3.110000000     0.015865703     2.201716735     0.011180603
     3.120000000     0.017160465     2.212010421     0.010791546
     3.130000000     0.019334240     2.222527284     0.010460772
     3.140000000     0.022460931     2.233130582     0.010207203
     3.150000000     0.026489786     2.243640640     0.010045996
     3.160000000     0.031226550     2.253823999     0.009987297
     3.170000000     0.036336743     2.263382110     0.010035553
     3.180000000     0.041375851     2.271953117     0.010189540
     3.190000000     0.045845767     2.279140244     0.010443125
     3.200000000     0.049270057     2.284637429     0.010786709
     3.210000000     0.051274460     2.288567907     0.011209218
     3.220000000     0.051655823     2.291816778     0.011700484
     3.230000000     0.050423867     2.295743180     0.012253723
     3.240000000     0.047805942     2.301353523     0.012867694
     3.250000000     0.044213641     2.308880221     0.013548003
     3.260000000     0.040178980     2.318036688     0.014307031
     3.270000000     0.036274260     2.328403698     0.015162162
     3.280000000     0.033031758     2.339605330     0.016132384
     3.290000000     0.030877248     2.351332201     0.017233815
     3.300000000     0.030086224     2.363334505     0.018475105
     3.310000000     0.030765835     2.375410336     0.019853835
     3.320000000     0.032860618     2.387369404     0.021354858
     3.330000000     0.036177158     2.398982540     0.022951110
     3.340000000     0.040421685     2.409971818     0.024606813
     3.350000000     0.045244634     2.420092776     0.026282446
     3.360000000     0.050286708     2.429289745     0.027940525
     3.370000000     0.055221522     2.437764384     0.029551172
     3.380000000     0.059790488     2.445815830     0.031096602
     3.390000000     0.063826487     2.453664883     0.032573983
     3.400000000     0.067264144     2.461518468     0.033996407
     3.410000000     0.070136119     2.469624927     0.035391968
     3.420000000     0.072556616     2.478107083     0.036801062
     3.430000000     0.074694859     2.486900688     0.038272161
     3.440000000     0.076742552     2.495953141     0.039856460
     3.450000000     0.078880110     2.505354772     0.041601945
     3.460000000     0.081246737     2.515209710     0.043547634
     3.470000000     0.083918968     2.525435210     0.045718763
     3.480000000     0.086901110     2.535715450     0.048123629
     3.490000000     0.090128994     2.545642007     0.050752462
     3.500000000     0.093485945     2.554936100     0.053578389
     3.510000000     0.096827492     2.563631433     0.056560182
     3.520000000     0.100009715     2.572072566     0.059646293
     3.530000000     0.102915784     2.580659267     0.062779717
     3.540000000     0.105476096     2.589571719     0.065903287
     3.550000000     0.107679218     2.598750002     0.068965129
     3.560000000     0.109572705     2.608078115     0.071923992
     3.570000000     0.111254543     2.617544299     0.074753989
     3.580000000     0.112857149     2.627281768     0.077448037
     3.590000000     0.114526707     2.637518092     0.080019187
     3.600000000     0.116401358     2.648428601     0.082499089
     3.610000000     0.118592240     2.659969531     0.084933363
     3.620000000     0.121171306     2.671860423     0.087374345
     3.630000000     0.124168845     2.683734015     0.089872538
     3.640000000     0.127581602     2.695323066     0.092468654
     3.650000000     0.131389662     2.706567379     0.095188295
     3.660000000     0.135577817     2.717611869     0.098040706
     3.670000000     0.140155672     2.728732906     0.101022052
     3.680000000     0.145170990     2.740202726     0.104122283
     3.690000000     0.150712503     2.752123113     0.107333582
     3.700000000     0.156901037     2.764366799     0.110657831
     3.710000000     0.163870462     2.776701525     0.114110775
     3.720000000     0.171741884     2.788970628     0.117721545
     3.730000000     0.180595439     2.801142529     0.121527555
     3.740000000     0.190444089     2.813185440     0.125566107
     3.750000000     0.201213228     2.824941926     0.129864915
     3.760000000     0.212729174     2.836165748     0.134433877
     3.770000000     0.224718733     2.846608188     0.139259962
     3.780000000     0.236821413     2.856009664     0.144306113
     3.790000000     0.248615248     2.864126273     0.149513996
     3.800000000     0.259656603     2.870949432     0.154809627
     3.810000000     0.269533232     2.876899817     0.160110405
     3.820000000     0.277927539     2.882577477     0.165332071
     3.830000000     0.284683108     2.888216813     0.170394345
     3.840000000     0.289862444     2.893538637     0.175224532
     3.850000000     0.293779146     2.898280357     0.179758858
     3.860000000     0.296986404     2.902915043     0.183941907
     3.870000000     0.300208475     2.908776441     0.187724927
     3.880000000     0.304214060     2.917330088     0.191064141
     3.890000000     0.309648281     2.929196542     0.193920195
     3.900000000     0.316857898     2.943687119     0.196259672
     3.910000000     0.325755300     2.959006941     0.198058890
     3.920000000     0.335764396     2.972762011     0.199309416
     3.930000000     0.345873962     2.982568779     0.200023841
     3.940000000     0.354795405     2.986866285     0.200239898
     3.950000000     0.361191480     2.985785320     0.200021056
     3.960000000     0.363921303     2.981468595     0.199452541
     3.970000000     0.362243035     2.977377320     0.198632896
     3.980000000     0.355930264     2.976828598     0.197662565
     3.990000000     0.345285534     2.981500380     0.196631877
     4.000000000     0.331063928     2.990880866     0.195611024
     4.010000000     0.314340285     3.003137527     0.194644087
     4.020000000     0.296359522     3.016706918     0.193747958
     4.030000000     0.278401131     3.031459829     0.192915777
     4.040000000     0.261672804     3.048586912     0.192123474
     4.050000000     0.247232682     3.069283359     0.191337639
     4.060000000     0.235931370     3.093605845     0.190523167
     4.070000000     0.228365289     3.120556137     0.189649778
     4.080000000     0.224839415     3.148811304     0.188697221
     4.090000000     0.225344739     3.177179345     0.187659401
     4.100000000     0.229559584     3.204709724     0.186547729
     4.110000000     0.236882289     3.230760451     0.185393674
     4.120000000     0.246496812     3.255076899     0.184250085
     4.130000000     0.257465358     3.277750239     0.183190607
     4.140000000     0.268835850     3.299016643     0.182306591
     4.150000000     0.279748803     3.319041329     0.181701343
     4.160000000     0.289528067     3.337917922     0.181482169
     4.170000000     0.297742705     3.355977389     0.181751308
     4.180000000     0.304231901     3.374058823     0.182597138
     4.190000000     0.309090730     3.393232201     0.184087047
     4.200000000     0.312620935     3.414196608     0.186262911
     4.210000000     0.315256544     3.437077470     0.189139490
     4.220000000     0.317478118     3.461648929     0.192705317
     4.230000000     0.319730475     3.487504825     0.196925072
     4.240000000     0.322356723     3.514156083     0.201742145
     4.250000000     0.325556880     3.541211116     0.207080201
     4.260000000     0.329373749     3.568516453     0.212843022
     4.270000000     0.333703779     3.596132786     0.218912635
     4.280000000     0.338327421     3.624206523     0.225146426
     4.290000000     0.342952320     3.652851498     0.231374498
     4.300000000     0.347262898     3.682054873     0.237398662
     4.310000000     0.350970615     3.711627426     0.242994286
     4.320000000     0.353859892     3.741390934     0.247915805
     4.330000000     0.355825292     3.771609502     0.251906196
     4.340000000     0.356896528     3.803163915     0.254710294
     4.350000000     0.357249482     3.837057815     0.256091442
     4.360000000     0.357203430     3.873701046     0.255850601
     4.370000000     0.357206453     3.912812792     0.253846523
     4.380000000     0.357811802     3.953936477     0.250014997
     4.390000000     0.359647553     3.996865026     0.244384548
     4.400000000     0.363380796     4.041763678     0.237085666
     4.410000000     0.369676616     4.089104205     0.228350891
     4.420000000     0.379152080     4.139301881     0.218503996
     4.430000000     0.392326328     4.192263711     0.207938193
     4.440000000     0.409569265     4.247247647     0.197085208
     4.450000000     0.431052934     4.303030802     0.186378907
     4.460000000     0.456711323     4.358422735     0.176218365
     4.470000000     0.486216632     4.413045379     0.166935474
     4.480000000     0.518982731     4.467573615     0.158771455
     4.490000000     0.554208135     4.522830042     0.151865072
     4.500000000     0.590968471     4.578608391     0.146253427
     4.510000000     0.628359241     4.633533030     0.141884277
     4.520000000     0.665673207     4.685971221     0.138637204
     4.530000000     0.702576952     4.735250137     0.136349817
     4.540000000     0.739236207     4.782630618     0.134844621
     4.550000000     0.776339004     4.831518153     0.133952259
     4.560000000     0.814985563     4.886229738     0.133527703
     4.570000000     0.856452139     4.949519239     0.133457460
     4.580000000     0.901881778     5.020943067     0.133657952
     4.590000000     0.951990781     5.097373728     0.134067309
     4.600000000     1.006889162     5.174395121     0.134634370
     4.610000000     1.066088313     5.247627506     0.135309150
     4.620000000     1.128714281     5.314254019     0.136038142
     4.630000000     1.193878100     5.374195672     0.136765886
     4.640000000     1.261099470     5.430043277     0.137441857
     4.650000000     1.330658146     5.486430650     0.138029847
     4.660000000     1.403768556     5.549188527     0.138516229
     4.670000000     1.482531427     5.622948902     0.138914099
     4.680000000     1.569690954     5.708093433     0.139261960
     4.690000000     1.668289697     5.800492808     0.139617561
     4.700000000     1.781341102     5.894843110     0.140049095
     4.710000000     1.911619111     5.987853006     0.140626489
     4.720000000     2.061601583     6.077633389     0.141415015
     4.730000000     2.233522558     6.161162694     0.142472144
     4.740000000     2.429421448     6.235065279     0.143847168
     4.750000000     2.651056870     6.299496627     0.145582034
     4.760000000     2.899595632     6.359275061     0.147711683
     4.770000000     3.175084782     6.419849787     0.150262749
     4.780000000     3.475832450     6.481488185     0.153250559
     4.790000000     3.797911926     6.536391820     0.156675423
     4.800000000     4.135018542     6.569796513     0.160519762
     4.810000000     4.478832059     6.563543751     0.164747443
     4.820000000     4.819888533     6.504040308     0.169305869
     4.830000000     5.148798863     6.393203873     0.174130366
     4.840000000     5.457532266     6.250575527     0.179149565
     4.850000000     5.740459732     6.101073101     0.184290310
     4.860000000     5.994932886     5.960872252     0.189481081
     4.870000000     6.221321551     5.832653399     0.194653812
     4.880000000     6.422586786     5.709189348     0.199744833
     4.890000000     6.603568010     5.581090959     0.204696069
     4.900000000     6.770185943     5.444195179     0.209457364
     4.910000000     6.928719587     5.303095748     0.213990033
     4.920000000     7.085243209     5.167834461     0.218270850
     4.930000000     7.245248294     5.044696810     0.222295013
     4.940000000     7.413444685     4.930367343     0.226076670
     4.950000000     7.593726861     4.815547292     0.229646137
     4.960000000     7.789280995     4.692590738     0.233043986
     4.970000000     8.002776064     4.557406974     0.236313146
     4.980000000     8.236529630     4.405843978     0.239490853
     4.990000000     8.492493374     4.234320216     0.242602399
     5.000000000     8.771904603     4.045911898     0.245658161
     5.010000000     9.074526829     3.850228941     0.248654618
     5.020000000     9.397552036     3.653402315     0.251578998
     5.030000000     9.734417110     3.449183480     0.254416360
     5.040000000    10.073927074     3.220401654     0.257157226
     5.050000000    10.400107749     2.947243045     0.259803762
     5.060000000    10.693091470     2.612902688     0.262372790
     5.070000000    10.931086630     2.205978469     0.264894721
     5.080000000    11.093165780     1.726210524     0.267408524
     5.090000000    11.162331945     1.190550325     0.269953845
     5.100000000    11.128187969     0.631874794     0.272562078
     5.110000000    10.988593666     0.091229807     0.275248307
     5.120000000    10.749937403    -0.394551282     0.278005651
     5.130000000    10.425994730    -0.806171291     0.280802803
     5.140000000    10.035684917    -1.145619710     0.283584810
     5.150000000     9.600263552    -1.427115123     0.286276587
     5.160000000     9.140549587    -1.665245934     0.288788482
     5.170000000     8.674685176    -1.868858657     0.291023242
     5.180000000     8.216724710    -2.040447166     0.292883816
     5.190000000     7.776124456    -2.179264957     0.294281438
     5.200000000     7.358021615    -2.286887239     0.295143290
     5.210000000     6.964082506    -2.370965085     0.295418932
     5.220000000     6.593660568    -2.442685551     0.295084692
     5.230000000     6.245013792    -2.509739892     0.294145468
     5.240000000     5.916366475    -2.571662545     0.292633836
     5.250000000     5.606652426    -2.621487561     0.290606731
     5.260000000     5.315846196    -2.651279704     0.288140279
     5.270000000     5.044875742    -2.656476505     0.285323376
     5.280000000     4.795202909    -2.637384919     0.282250549
     5.290000000     4.568234242    -2.598983853     0.279014574
     5.300000000     4.364757419    -2.550119432     0.275699440
     5.310000000     4.184572413    -2.501579234     0.272374412
     5.320000000     4.026407631    -2.461695513     0.269090105
     5.330000000     3.888107613    -2.432132090     0.265877368
     5.340000000     3.766989583    -2.408757031     0.262749361
     5.350000000     3.660224337    -2.386235914     0.259706494
     5.360000000     3.565115055    -2.360709296     0.256743147
     5.370000000     3.479212737    -2.330341406     0.253854584
     5.380000000     3.400287323    -2.296681475     0.251042351
     5.390000000     3.326233705    -2.265284801     0.248316895
     5.400000000     3.255008345    -2.242789921     0.245696906
     5.410000000     3.184662695    -2.232081981     0.243205836
     5.420000000     3.113481624    -2.230124821     0.240866861
     5.430000000     3.040176354    -2.230774800     0.238697971
     5.440000000     2.964047076    -2.229298251     0.236708823
     5.450000000     2.885032909    -2.224044706     0.234900370
     5.460000000     2.803603257    -2.215360634     0.233267401
     5.470000000     2.720499876    -2.203885630     0.231803084
     5.480000000     2.636393552    -2.189534981     0.230503911
     5.490000000     2.551555423    -2.171889933     0.229373209
     5.500000000     2.465649438    -2.151451486     0.228421846
     5.510000000     2.377726273    -2.130448692     0.227665730
     5.520000000     2.286445529    -2.112765190     0.227120883
     5.530000000     2.190485799    -2.102321115     0.226797902
     5.540000000     2.089040087    -2.099286499     0.226697972
     5.550000000     1.982257581    -2.097493424     0.226812309
     5.560000000     1.871496481    -2.087619690     0.227125823
     5.570000000     1.759299484    -2.062904745     0.227624415
     5.580000000     1.649080991    -2.021182405     0.228304006
     5.590000000     1.544598816    -1.964041230     0.229178630
     5.600000000     1.449344671    -1.896010082     0.230284876
     5.610000000     1.366006229    -1.823448202     0.231680780
     5.620000000     1.296123825    -1.752588666     0.233438495
     5.630000000     1.239999302    -1.687554278     0.235631530
     5.640000000     1.196837669    -1.629300158     0.238318487
     5.650000000     1.165040896    -1.576116864     0.241525858
     5.660000000     1.142545789    -1.525589896     0.245232486
     5.670000000     1.127109233    -1.476581130     0.249357871
     5.680000000     1.116484767    -1.429816675     0.253755893
     5.690000000     1.108486693    -1.386870084     0.258214936
     5.700000000     1.100982507    -1.348459345     0.262464955
     5.710000000     1.091877425    -1.313945601     0.266191696
     5.720000000     1.079150956    -1.282812279     0.269057861
     5.730000000     1.060978427    -1.256059963     0.270730284
     5.740000000     1.035930930    -1.235308296     0.270911121
     5.750000000     1.003209078    -1.220260030     0.269369860
     5.760000000     0.962842358    -1.207197326     0.265971899
     5.770000000     0.915785029    -1.190337178     0.260699118
     5.780000000     0.863862137    -1.164911273     0.253658462
     5.790000000     0.809558160    -1.129128163     0.245076292
     5.800000000     0.755683320    -1.084118945     0.235278650
     5.810000000     0.704985041    -1.032800424     0.224660221
     5.820000000     0.659784688    -0.978269871     0.213646877
     5.830000000     0.621710096    -0.922534402     0.202657745
     5.840000000     0.591567438    -0.866542694     0.192072441
     5.850000000     0.569361152    -0.811187234     0.182207726
     5.860000000     0.554438295    -0.757773280     0.173305554
     5.870000000     0.545711323    -0.707462634     0.165532222
     5.880000000     0.541904567    -0.660761575     0.158986380
     5.890000000     0.541774288    -0.617432870     0.153712648
     5.900000000     0.544267016    -0.576296551     0.149717408
     5.910000000     0.548601450    -0.535525754     0.146983882
     5.920000000     0.554279806    -0.493946220     0.145484521
     5.930000000     0.561049929    -0.451864995     0.145189640
     5.940000000     0.568845603    -0.410536639     0.146071929
     5.950000000     0.577728249    -0.371241549     0.148106964
     5.960000000     0.587841206    -0.334629563     0.151270188
     5.970000000     0.599373963    -0.300337200     0.155531177
     5.980000000     0.612524773    -0.267100774     0.160846334
     5.990000000     0.627450656    -0.233429254     0.167151489
     6.000000000     0.644204012    -0.198518952     0.174355932
     6.010000000     0.662669896    -0.162827189     0.182339230
     6.020000000     0.682529880    -0.127940123     0.190951650
     6.030000000     0.703280417    -0.095903039     0.200018346
     6.040000000     0.724323083    -0.068282807     0.209346817
     6.050000000     0.745123909    -0.045311298     0.218736726
     6.060000000     0.765416387    -0.025657305     0.227990978
     6.070000000     0.785405773    -0.007050184     0.236927027
     6.080000000     0.805926529     0.012681569     0.245387429
     6.090000000     0.828510884     0.034873491     0.253248755
     6.100000000     0.855340985     0.059900328     0.260427913
     6.110000000     0.889074359     0.087441248     0.266884892
     6.120000000     0.932547924     0.116722534     0.272621068
     6.130000000     0.988378502     0.146615733     0.277672655
     6.140000000     1.058489867     0.175709982     0.282099644
     6.150000000     1.143611315     0.202119240     0.285971603
     6.160000000     1.242812154     0.223029268     0.289352632
     6.170000000     1.353157176     0.234757195     0.292288300
     6.180000000     1.469581430     0.233425523     0.294797234
     6.190000000     1.585076703     0.215307115     0.296869151
     6.200000000     1.691246967     0.176779826     0.298469709
     6.210000000     1.779223705     0.114900397     0.299551043
     6.220000000     1.840844681     0.028754035     0.300065627
     6.230000000     1.869913883    -0.078701404     0.299980560
     6.240000000     1.863304770    -0.198439130     0.299289529
     6.250000000     1.821668150    -0.315158892     0.298020391
     6.260000000     1.749569405    -0.411705899     0.296237333
     6.270000000     1.654995084    -0.476062063     0.294037544
     6.280000000     1.548304748    -0.505527549     0.291543154
     6.290000000     1.440820595    -0.505426827     0.288889806
     6.300000000     1.343311612    -0.484660882     0.286213662
     6.310000000     1.264627222    -0.451958676     0.283638870
     6.320000000     1.210677098    -0.414433715     0.281267562
     6.330000000     1.183865767    -0.377668259     0.279174109
     6.340000000     1.183003597    -0.346095069     0.277404693
     6.350000000     1.203651224    -0.323322091     0.275982174
     6.360000000     1.238817760    -0.312775998     0.274914986
     6.370000000     1.279915656    -0.318396721     0.274207767
     6.380000000     1.317863294    -0.344028221     0.273870782
     6.390000000     1.344212307    -0.391038702     0.273925414
     6.400000000     1.352163251    -0.455781537     0.274403872
     6.410000000     1.337332619    -0.528985789     0.275342794
     6.420000000     1.298159184    -0.598291250     0.276772052
     6.430000000     1.235892563    -0.653240998     0.278701456
     6.440000000     1.154182875    -0.689150415     0.281108777
     6.450000000     1.058367169    -0.706682975     0.283932394
     6.460000000     0.954602901    -0.708656118     0.287070928
     6.470000000     0.849015101    -0.697876404     0.290390743
     6.480000000     0.746999230    -0.676950569     0.293740480
     6.490000000     0.652767100    -0.648400810     0.296970175
     6.500000000     0.569157752    -0.614445495     0.299951363
     6.510000000     0.497678234    -0.576897503     0.302594123
     6.520000000     0.438703772    -0.537249915     0.304857329
     6.530000000     0.391756609    -0.496769497     0.306749608
     6.540000000     0.355793524    -0.456440038     0.308320454
     6.550000000     0.329454991    -0.416830306     0.309643270
     6.560000000     0.311254670    -0.378121176     0.310794326
     6.570000000     0.299709313    -0.340358984     0.311832973
     6.580000000     0.293422049    -0.303813991     0.312788460
     6.590000000     0.291135807    -0.269155280     0.313657050
     6.600000000     0.291770071    -0.237168066     0.314410203
     6.610000000     0.294446878    -0.208143151     0.315011247
     6.620000000     0.298505090    -0.181481988     0.315435218
     6.630000000     0.303498681    -0.155966927     0.315685554
     6.640000000     0.309176541    -0.130509043     0.315802388
     6.650000000     0.315446767    -0.104715263     0.315859978
     6.660000000     0.322334613    -0.078939743     0.315954301
     6.670000000     0.329946505    -0.054039185     0.316184787
     6.680000000     0.338450303    -0.030900560     0.316635504
     6.690000000     0.348074421    -0.009756076     0.317360507
     6.700000000     0.359117859     0.010020988     0.318376061
     6.710000000     0.371953859     0.029240773     0.319659861
     6.720000000     0.387005884     0.048226949     0.321155406
     6.730000000     0.404678763     0.066869052     0.322778882
     6.740000000     0.425240437     0.084945818     0.324426396
     6.750000000     0.448668620     0.102182636     0.325980649
     6.760000000     0.474496648     0.118163945     0.327317349
     6.770000000     0.501707362     0.132294985     0.328312212
     6.780000000     0.528725952     0.143598778     0.328849022
     6.790000000     0.553547923     0.150306613     0.328828260
     6.800000000     0.574006933     0.149911000     0.328174722
     6.810000000     0.588146032     0.140474262     0.326842150
     6.820000000     0.594617070     0.122893818     0.324813328
     6.830000000     0.593010764     0.102150611     0.322095447
     6.840000000     0.584024647     0.085454169     0.318712082
     6.850000000     0.569409668     0.078260529     0.314694378
     6.860000000     0.551690365     0.081938905     0.310074286
     6.870000000     0.533712335     0.094594750     0.304881913
     6.880000000     0.518116215     0.113060542     0.299147483
     6.890000000     0.506856510     0.134168620     0.292906768
     6.900000000     0.500871834     0.155112946     0.286207677
     6.910000000     0.499975364     0.173541746     0.279115560
     6.920000000     0.502981908     0.187751439     0.271715514
     6.930000000     0.508034367     0.196779102     0.264111257
     6.940000000     0.513049655     0.200142771     0.256421369
     6.950000000     0.516180838     0.197916090     0.248774322
     6.960000000     0.516192577     0.191947612     0.241303607
     6.970000000     0.512670592     0.186624847     0.234143566
     6.980000000     0.506027574     0.186854457     0.227425684
     6.990000000     0.497318179     0.194931694     0.221274543
     7.000000000     0.487921856     0.209812236     0.215802731
     7.010000000     0.479182123     0.228660540     0.211104615
     7.020000000     0.472096424     0.248416661     0.207249777
     7.030000000     0.467130917     0.266642867     0.204277541
     7.040000000     0.464196205     0.282089299     0.202194076
     7.050000000     0.462775291     0.294751075     0.200972915
     7.060000000     0.462156843     0.305190619     0.200558624
     7.070000000     0.461705102     0.314221748     0.200872272
     7.080000000     0.461095970     0.323334937     0.201816816
     7.090000000     0.460464372     0.334431840     0.203280723
     7.100000000     0.460434095     0.348670540     0.205139180
     7.110000000     0.462029875     0.366064811     0.207253598
     7.120000000     0.466495923     0.386180701     0.209471255
     7.130000000     0.475061476     0.408655796     0.211627369
     7.140000000     0.488701279     0.432946281     0.213551346
     7.150000000     0.507937656     0.457915386     0.215077585
     7.160000000     0.532722583     0.481843194     0.216059538
     7.170000000     0.562424122     0.502821613     0.216384282
     7.180000000     0.595923462     0.519290863     0.215984324
     7.190000000     0.631808527     0.530423572     0.214843810
     7.200000000     0.668630692     0.536134084     0.212997717
     7.210000000     0.705176217     0.537008474     0.210524405
     7.220000000     0.740697335     0.534505522     0.207533473
     7.230000000     0.775052171     0.530804699     0.204151701
     7.240000000     0.808718558     0.527839141     0.200509721
     7.250000000     0.842672178     0.526596854     0.196731203
     7.260000000     0.878149636     0.527390325     0.192925057
     7.270000000     0.916345255     0.530101111     0.189180184
     7.280000000     0.958109268     0.533776584     0.185561850
     7.290000000     1.003718700     0.536386023     0.182109013
     7.300000000     1.052777853     0.535221183     0.178832639
     7.310000000     1.104275259     0.527377264     0.175715772
     7.320000000     1.156785388     0.510475975     0.172716443
     7.330000000     1.208766982     0.484214291     0.169774228
     7.340000000     1.258886343     0.451239945     0.166820331
     7.350000000     1.306289803     0.415514487     0.163790021
     7.360000000     1.350765081     0.379745513     0.160635265
     7.370000000     1.392759378     0.344862152     0.157335090
     7.380000000     1.433252418     0.311013815     0.153901555
     7.390000000     1.473506233     0.277550427     0.150380156
     7.400000000     1.514726829     0.242413159     0.146844716
     7.410000000     1.557679562     0.203046496     0.143387914
     7.420000000     1.602306905     0.158681620     0.140109342
     7.430000000     1.647408864     0.111225873     0.137103216
     7.440000000     1.690459534     0.062626954     0.134447720
     7.450000000     1.727636874     0.011180162     0.132197515
     7.460000000     1.754122950    -0.049110299     0.130380361
     7.470000000     1.764681387    -0.125553862     0.128998196
     7.480000000     1.754444791    -0.221871437     0.128032311
     7.490000000     1.719769890    -0.334051380     0.127451598
     7.500000000     1.658972356    -0.450106417     0.127222195
     7.510000000     1.572760352    -0.554662739     0.127316445
     7.520000000     1.464251071    -0.635905856     0.127719000
     7.530000000     1.338559575    -0.690091504     0.128428381
     7.540000000     1.202059070    -0.720664871     0.129453238
     7.550000000     1.061489146    -0.733883090     0.130803818
     7.560000000     0.923109781    -0.734878993     0.132480384
     7.570000000     0.792062260    -0.726501378     0.134461243
     7.580000000     0.672022862    -0.710435978     0.136693284
     7.590000000     0.565150669    -0.688337522     0.139087510
     7.600000000     0.472264528    -0.661894445     0.141521004
     7.610000000     0.393151288    -0.632531329     0.143845422
     7.620000000     0.326908579    -0.601334053     0.145900721
     7.630000000     0.272250295    -0.569091034     0.147531771
     7.640000000     0.227736922    -0.536378031     0.148604970
     7.650000000     0.191923661    -0.503699297     0.149022059
     7.660000000     0.163439811    -0.471555239     0.148729070
     7.670000000     0.141021828    -0.440397306     0.147719456
     7.680000000     0.123522265    -0.410572960     0.146031719
     7.690000000     0.109911143    -0.382320693     0.143742877
     7.700000000     0.099278859    -0.355783941     0.140959606
     7.710000000     0.090842927    -0.330999231     0.137808790
     7.720000000     0.083956118    -0.307850928     0.134428540
     7.730000000     0.078111407    -0.286047678     0.130960002
     7.740000000     0.072939439    -0.265206086     0.127539622
     7.750000000     0.068196248    -0.245020327     0.124291460
     7.760000000     0.063741876    -0.225371876     0.121319436
     7.770000000     0.059513116    -0.206276087     0.118699968
     7.780000000     0.055495146    -0.187755232     0.116475956
     7.790000000     0.051696834    -0.169806862     0.114653210
     7.800000000     0.048133121    -0.152455774     0.113200164
     7.810000000     0.044815716    -0.135744878     0.112051234
     7.820000000     0.041751112    -0.119647785     0.111113636
     7.830000000     0.038943372    -0.104039518     0.110277085
     7.840000000     0.036398546    -0.088789063     0.109425503
     7.850000000     0.034128034    -0.073846630     0.108449701
     7.860000000     0.032149304    -0.059219498     0.107259725
     7.870000000     0.030483613    -0.044910875     0.105795291
     7.880000000     0.029151466    -0.030916629     0.104032581
     7.890000000     0.028167057    -0.017256856     0.101985849
     7.900000000     0.027532985    -0.003972648     0.099702971
     7.910000000     0.027236223     0.008912705     0.097255191
     7.920000000     0.027245835     0.021401371     0.094722681
     7.930000000     0.027512530     0.033480377     0.092178712
     7.940000000     0.027969903     0.045103938     0.089675763
     7.950000000     0.028537182     0.056240377     0.087236652
     7.960000000     0.029123394     0.066922212     0.084852564
     7.970000000     0.029632935     0.077214388     0.082488234
     7.980000000     0.029972540     0.087140530     0.080092695
     7.990000000     0.030059370     0.096685265     0.077612759
     8.000000000     0.029829530     0.105858276     0.075005872
     8.010000000     0.029245848     0.114725261     0.072249471
     8.020000000     0.028303403     0.123398950     0.069345118
     8.030000000     0.027031375     0.132022478     0.066317209
     8.040000000     0.025490273     0.140742062     0.063207372
     8.050000000     0.023764564     0.149661650     0.060066518
     8.060000000     0.021951767     0.158808138     0.056946676
     8.070000000     0.020149952     0.168135978     0.053894356
     8.080000000     0.018445951     0.177558034     0.050946446
     8.090000000     0.016906335     0.186981326     0.048128841
     8.100000000     0.015572421     0.196344913     0.045457325
     8.110000000     0.014459581     0.205640333     0.042939827
     8.120000000     0.013560184     0.214883821     0.040579052
     8.130000000     0.012848897     0.224072655     0.038374621
     8.140000000     0.012288968     0.233183628     0.036324223
     8.150000000     0.011838297     0.242203589     0.034423663
     8.160000000     0.011454552     0.251146429     0.032666117
     8.170000000     0.011099053     0.260042508     0.031041183
     8.180000000     0.010739427     0.268920854     0.029534363
     8.190000000     0.010351274     0.277798719     0.028127452
     8.200000000     0.009919012     0.286685396     0.026799997
     8.210000000     0.009436054     0.295598809     0.025531559
     8.220000000     0.008904344     0.304573899     0.024304221
     8.230000000     0.008333245     0.313654690     0.023104645
     8.240000000     0.007737806     0.322879770     0.021925082
     8.250000000     0.007136508     0.332270862     0.020763065
     8.260000000     0.006548727     0.341834456     0.019619866
     8.270000000     0.005992205     0.351573585     0.018498219
     8.280000000     0.005480873     0.361496683     0.017399962
     8.290000000     0.005023322     0.371617550     0.016324275
     8.300000000     0.004622083     0.381949404     0.015267003
     8.310000000     0.004273790     0.392503762     0.014221215
     8.320000000     0.003970123     0.403298546     0.013178821
     8.330000000     0.003699379     0.414364493     0.012132813
     8.340000000     0.003448430     0.425741438     0.011079548
     8.350000000     0.003204833     0.437471856     0.010020518
     8.360000000     0.002958895     0.449600758     0.008963159
     8.370000000     0.002705655     0.462180640     0.007920490
     8.380000000     0.002446983     0.475278690     0.006909612
     8.390000000     0.002194570     0.488980048     0.005949341
     8.400000000     0.001975428     0.503377416     0.005057455
     8.410000000     0.001842777     0.518557315     0.004248138
     8.420000000     0.001896904     0.534600880     0.003530144
     8.430000000     0.002322331     0.551595390     0.002906074
     8.440000000     0.003448840     0.569644063     0.002372814
     8.450000000     0.005843233     0.588869923     0.001922948
     8.460000000     0.010434184     0.609413934     0.001546690
     8.470000000     0.018662138     0.631428417     0.001233822
     8.480000000     0.032628708     0.655067472     0.000975181
     8.490000000     0.055196814     0.680472816     0.000763474
     8.500000000     0.089969678     0.707747594     0.000593388
     8.510000000     0.141064510     0.736906187     0.000461164
     8.520000000     0.212609329     0.767781110     0.000363906
     8.530000000     0.307940758     0.799854252     0.000298843
     8.540000000     0.428568844     0.831956159     0.000262740
     8.550000000     0.573086643     0.861743825     0.000251517
     8.560000000     0.736302772     0.884840129     0.000260119
     8.570000000     0.908917855     0.893571615     0.000282611
     8.580000000     1.078010182     0.875614830     0.000312491
     8.590000000     1.228429330     0.814046879     0.000343188
     8.600000000     1.344949977     0.692406183     0.000368667
     8.610000000     1.414785214     0.508149888     0.000384077
     8.620000000     1.429891929     0.287270282     0.000386283
     8.630000000     1.388494578     0.078311460     0.000374173
     8.640000000     1.295428379    -0.078003886     0.000348658
     8.650000000     1.161210246    -0.170121097     0.000312337
     8.660000000     1.000084137    -0.209251733     0.000268913
     8.670000000     0.827542757    -0.213213496     0.000222483
     8.680000000     0.657919210    -0.196987804     0.000176865
     8.690000000     0.502554208    -0.170581634     0.000135094
     8.700000000     0.368825961    -0.139944524     0.000099144
     8.710000000     0.260068810    -0.108367286     0.000069908
     8.720000000     0.176190822    -0.077559579     0.000047361
     8.730000000     0.114684972    -0.048337026     0.000030828
     8.740000000     0.071722920    -0.021025978     0.000019279
     8.750000000     0.043096067     0.004306740     0.000011584
     8.760000000     0.024879722     0.027725952     0.000006688
     8.770000000     0.013800081     0.049357917     0.000003710
     8.780000000     0.007354378     0.069352369     0.000001977
     8.790000000     0.003765638     0.087862501     0.000001012
     8.800000000     0.001852505     0.105034897     0.000000498
     8.810000000     0.000875605     0.121004931     0.000000235
     8.820000000     0.000397636     0.135895127     0.000000107
     8.830000000     0.000173497     0.149815085     0.000000047
     8.840000000     0.000072732     0.162862184     0.000000020
     8.850000000     0.000029295     0.175122631     0.000000008
     8.860000000     0.000011336     0.186672625     0.000000003
     8.870000000     0.000004215     0.197579499     0.000000001
     8.880000000     0.000001506     0.207902789     0.000000000
     8.890000000     0.000000517     0.217695210     0.000000000
     8.900000000     0.000000170     0.227003507     0.000000000
     8.910000000     0.000000054     0.235869221     0.000000000
     8.920000000     0.000000016     0.244329341     0.000000000
     8.930000000     0.000000005     0.252416878     0.000000000
     8.940000000     0.000000001     0.260161363     0.000000000
     8.950000000     0.000000000     0.267589274     0.000000000
     8.960000000     0.000000000     0.274724404     0.000000000
     8.970000000     0.000000000     0.281588186     0.000000000
     8.980000000     0.000000000     0.288199971     0.000000000
     8.990000000     0.000000000     0.294577266     0.000000000
     9.000000000     0.000000000     0.300735948     0.000000000
     9.010000000     0.000000000     0.306690442     0.000000000
     9.020000000     0.000000000     0.312453885     0.000000000
     9.030000000     0.000000000     0.318038263     0.000000000
     9.040000000     0.000000000     0.323454534     0.000000000
     9.050000000     0.000000000     0.328712733     0.000000000
     9.060000000     0.000000000     0.333822070     0.000000000
     9.070000000     0.000000000     0.338791011     0.000000000
     9.080000000     0.000000000     0.343627351     0.000000000
     9.090000000     0.000000000     0.348338281     0.000000000
     9.100000000     0.000000000     0.352930444     0.000000000
     9.110000000     0.000000000     0.357409988     0.000000000
     9.120000000     0.000000000     0.361782607     0.000000000
     9.130000000     0.000000000     0.366053592     0.000000000
     9.140000000     0.000000000     0.370227855     0.000000000
     9.150000000     0.000000000     0.374309971     0.000000000
     9.160000000     0.000000000     0.378304203     0.000000000
     9.170000000     0.000000000     0.382214529     0.000000000
     9.180000000     0.000000000     0.386044667     0.000000000
     9.190000000     0.000000000     0.389798096     0.000000000
     9.200000000     0.000000000     0.393478073     0.000000000
     9.210000000     0.000000000     0.397087653     0.000000000
     9.220000000     0.000000000     0.400629706     0.000000000
     9.230000000     0.000000000     0.404106927     0.000000000
     9.240000000     0.000000000     0.407521854     0.000000000
     9.250000000     0.000000000     0.410876876     0.000000000
     9.260000000     0.000000000     0.414174246     0.000000000
     9.270000000     0.000000000     0.417416090     0.000000000
     9.280000000     0.000000000     0.420604418     0.000000000
     9.290000000     0.000000000     0.423741129     0.000000000
     9.300000000     0.000000000     0.426828021     0.000000000
     9.310000000     0.000000000     0.429866796     0.000000000
     9.320000000     0.000000000     0.432859071     0.000000000
     9.330000000     0.000000000     0.435806377     0.000000000
     9.340000000     0.000000000     0.438710170     0.000000000
     9.350000000     0.000000000     0.441571834     0.000000000
     9.360000000     0.000000000     0.444392684     0.000000000
     9.370000000     0.000000000     0.447173973     0.000000000
     9.380000000     0.000000000     0.449916895     0.000000000
     9.390000000     0.000000000     0.452622589     0.000000000
     9.400000000     0.000000000     0.455292139     0.000000000
     9.410000000     0.000000000     0.457926584     0.000000000
     9.420000000     0.000000000     0.460526915     0.000000000
     9.430000000     0.000000000     0.463094078     0.000000000
     9.440000000     0.000000000     0.465628980     0.000000000
     9.450000000     0.000000000     0.468132490     0.000000000
     9.460000000     0.000000000     0.470605439     0.000000000
     9.470000000     0.000000000     0.473048626     0.000000000
     9.480000000     0.000000000     0.475462814     0.000000001
     9.490000000     0.000000001     0.477848740     0.000000002
     9.500000000     0.000000001     0.480207110     0.000000006
     9.510000000     0.000000004     0.482538602     0.000000014
     9.520000000     0.000000009     0.484843869     0.000000035
     9.530000000     0.000000021     0.487123542     0.000000081
     9.540000000     0.000000047     0.489378225     0.000000181
     9.550000000     0.000000101     0.491608504     0.000000387
     9.560000000     0.000000207     0.493814943     0.000000798
     9.570000000     0.000000410     0.495998087     0.000001580
     9.580000000     0.000000780     0.498158462     0.000003006
     9.590000000     0.000001426     0.500296576     0.000005493
     9.600000000     0.000002503     0.502412922     0.000009646
     9.610000000     0.000004223     0.504507972     0.000016274
     9.620000000     0.000006846     0.506582181     0.000026380
     9.630000000     0.000010662     0.508635981     0.000041086
     9.640000000     0.000015955     0.510669776     0.000061479
     9.650000000     0.000022938     0.512683927     0.000088388
     9.660000000     0.000031685     0.514678732     0.000122092
     9.670000000     0.000042051     0.516654385     0.000162035
     9.680000000     0.000053620     0.518610911     0.000206613
     9.690000000     0.000065691     0.520548075     0.000253126
     9.700000000     0.000077324     0.522465294     0.000297950
     9.710000000     0.000087447     0.524361685     0.000336960
     9.720000000     0.000095019     0.526236516     0.000366136
     9.730000000     0.000099198     0.528090244     0.000382238
     9.740000000     0.000099500     0.529925384     0.000383401
     9.750000000     0.000095889     0.531745697     0.000369489
     9.760000000     0.000088786     0.533553980     0.000342119
     9.770000000     0.000078986     0.535350936     0.000304356
     9.780000000     0.000067512     0.537135885     0.000260144
     9.790000000     0.000055443     0.538907856     0.000213636
     9.800000000     0.000043745     0.540666122     0.000168564
     9.810000000     0.000033163     0.542410296     0.000127785
     9.820000000     0.000024154     0.544140247     0.000093074
     9.830000000     0.000016903     0.545856006     0.000065133
     9.840000000     0.000011365     0.547557699     0.000043793
     9.850000000     0.000007342     0.549245501     0.000028290
     9.860000000     0.000004557     0.550919609     0.000017559
     9.870000000     0.000002717     0.552580234     0.000010471
     9.880000000     0.000001557     0.554227587     0.000005999
     9.890000000     0.000000857     0.555861879     0.000003302
     9.900000000     0.000000453     0.557483316     0.000001747
     9.910000000     0.000000230     0.559092101     0.000000888
     9.920000000     0.000000112     0.560688430     0.000000433
     9.930000000     0.000000053     0.562272495     0.000000203
     9.940000000     0.000000024     0.563844481     0.000000092
     9.950000000     0.000000010     0.565404570     0.000000040
     9.960000000     0.000000004     0.566952936     0.000000017
     9.970000000     0.000000002     0.568489753     0.000000007
     9.980000000     0.000000001     0.570015186     0.000000003
     9.990000000     0.000000000     0.571529398     0.000000001
    10.000000000     0.000000000     0.573032547     0.000000000
    10.010000000     0.000000000     0.574524787     0.000000000
    10.020000000     0.000000000     0.576006270     0.000000000
    10.030000000     0.000000000     0.577477142     0.000000000
    10.040000000     0.000000000     0.578937547     0.000000000
    10.050000000     0.000000000     0.580387625     0.000000000
    10.060000000     0.000000000     0.581827512     0.000000000
    10.070000000     0.000000000     0.583257344     0.000000000
    10.080000000     0.000000000     0.584677251     0.000000000
    10.090000000     0.000000000     0.586087360     0.000000000
    10.100000000     0.000000000     0.587487798     0.000000000
    10.110000000     0.000000000     0.588878687     0.000000000
    10.120000000     0.000000000     0.590260147     0.000000000
    10.130000000     0.000000000     0.591632296     0.000000000
    10.140000000     0.000000000     0.592995249     0.000000000
    10.150000000     0.000000000     0.594349118     0.000000000
    10.160000000     0.000000000     0.595694014     0.000000000
    10.170000000     0.000000000     0.597030045     0.000000000
    10.180000000     0.000000000     0.598357318     0.000000000
    10.190000000     0.000000000     0.599675937     0.000000000
    10.200000000     0.000000000     0.600986003     0.000000000
    10.210000000     0.000000000     0.602287618     0.000000000
    10.220000000     0.000000000     0.603580878     0.000000000
    10.230000000     0.000000000     0.604865881     0.000000000
    10.240000000     0.000000000     0.606142720     0.000000000
    10.250000000     0.000000000     0.607411489     0.000000000
    10.260000000     0.000000000     0.608672280     0.000000000
    10.270000000     0.000000000     0.609925180     0.000000000
    10.280000000     0.000000000     0.611170278     0.000000000
    10.290000000     0.000000000     0.612407661     0.000000000
    10.300000000     0.000000000     0.613637412     0.000000000
    10.310000000     0.000000000     0.614859616     0.000000000
    10.320000000     0.000000000     0.616074353     0.000000000
    10.330000000     0.000000000     0.617281705     0.000000000
    10.340000000     0.000000000     0.618481750     0.000000000
    10.350000000     0.000000000     0.619674566     0.000000000
    10.360000000     0.000000000     0.620860229     0.000000000
    10.370000000     0.000000000     0.622038814     0.000000000
    10.380000000     0.000000000     0.623210394     0.000000000
    10.390000000     0.000000000     0.624375044     0.000000000
    10.400000000     0.000000000     0.625532832     0.000000000
    10.410000000     0.000000000     0.626683831     0.000000000
    10.420000000     0.000000000     0.627828109     0.000000000
    10.430000000     0.000000000     0.628965733     0.000000000
    10.440000000     0.000000000     0.630096771     0.000000000
    10.450000000     0.000000000     0.631221288     0.000000000
    10.460000000     0.000000000     0.632339350     0.000000000
    10.470000000     0.000000000     0.633451019     0.000000000
    10.480000000     0.000000000     0.634556359     0.000000000
    10.490000000     0.000000000     0.635655431     0.000000000
    10.500000000     0.000000000     0.636748296     0.000000000
    10.510000000     0.000000000     0.637835014     0.000000000
    10.520000000     0.000000000     0.638915644     0.000000000
    10.530000000     0.000000000     0.639990244     0.000000000
    10.540000000     0.000000000     0.641058872     0.000000000
    10.550000000     0.000000000     0.642121582     0.000000000
    10.560000000     0.000000000     0.643178433     0.000000000
    10.570000000     0.000000000     0.644229476     0.000000000
    10.580000000     0.000000000     0.645274768     0.000000000
    10.590000000     0.000000000     0.646314361     0.000000000
    10.600000000     0.000000000     0.647348306     0.000000000
    10.610000000     0.000000000     0.648376657     0.000000000
    10.620000000     0.000000000     0.649399464     0.000000000
    10.630000000     0.000000000     0.650416776     0.000000000
    10.640000000     0.000000000     0.651428644     0.000000000
    10.650000000     0.000000000     0.652435116     0.000000000
    10.660000000     0.000000000     0.653436241     0.000000000
    10.670000000     0.000000000     0.654432065     0.000000000
    10.680000000     0.000000000     0.655422636     0.000000000
    10.690000000     0.000000000     0.656407999     0.000000000
    10.700000000     0.000000000     0.657388201     0.000000000
    10.710000000     0.000000000     0.658363286     0.000000000
    10.720000000     0.000000000     0.659333298     0.000000000
    10.730000000     0.000000000     0.660298281     0.000000000
    10.740000000     0.000000000     0.661258279     0.000000000
    10.750000000     0.000000000     0.662213333     0.000000000
    10.760000000     0.000000000     0.663163486     0.000000000
    10.770000000     0.000000000     0.664108780     0.000000000
    10.780000000     0.000000000     0.665049255     0.000000000
    10.790000000     0.000000000     0.665984951     0.000000000
    10.800000000     0.000000000     0.666915909     0.000000000
    10.810000000     0.000000000     0.667842168     0.000000000
    10.820000000     0.000000000     0.668763767     0.000000000
    10.830000000     0.000000000     0.669680744     0.000000000
    10.840000000     0.000000000     0.670593136     0.000000000
    10.850000000     0.000000000     0.671500983     0.000000000
    10.860000000     0.000000000     0.672404320     0.000000000
    10.870000000     0.000000000     0.673303183     0.000000000
    10.880000000     0.000000000     0.674197610     0.000000000
    10.890000000     0.000000000     0.675087635     0.000000000
    10.900000000     0.000000000     0.675973294     0.000000000
    10.910000000     0.000000000     0.676854622     0.000000000
    10.920000000     0.000000000     0.677731653     0.000000000
    10.930000000     0.000000000     0.678604420     0.000000000
    10.940000000     0.000000000     0.679472958     0.000000000
    10.950000000     0.000000000     0.680337299     0.000000000
    10.960000000     0.000000000     0.681197477     0.000000000
    10.970000000     0.000000000     0.682053523     0.000000000
    10.980000000     0.000000000     0.682905469     0.000000000
    10.990000000     0.000000000     0.683753348     0.000000000
    11.000000000     0.000000000     0.684597190     0.000000000
