 # Column 1: omega
 # Column 2: eps2(omega)
 # Column 3: eps1(omega)
 # Column 4: JDOS(omega)
     0.000000000     0.000000000     2.138005851     0.000000000
     0.010000000     0.000000000     2.138015353     0.000000000
     0.020000000     0.000000000     2.138043862     0.000000000
     0.030000000     0.000000000     2.138091384     0.000000000
     0.040000000     0.000000000     2.138157929     0.000000000
     0.050000000     0.000000000     2.138243513     0.000000000
     0.060000000     0.000000000     2.138348153     0.000000000
     0.070000000     0.000000000     2.138471874     0.000000000
     0.080000000     0.000000000     2.138614701     0.000000000
     0.090000000     0.000000000     2.138776668     0.000000000
     0.100000000     0.000000000     2.138957809     0.000000000
     0.110000000     0.000000000     2.139158165     0.000000000
     0.120000000     0.000000000     2.139377781     0.000000000
     0.130000000     0.000000000     2.139616705     0.000000000
     0.140000000     0.000000000     2.139874991     0.000000000
     0.150000000     0.000000000     2.140152696     0.000000000
     0.160000000     0.000000000     2.140449883     0.000000000
     0.170000000     0.000000000     2.140766617     0.000000000
     0.180000000     0.000000000     2.141102972     0.000000000
     0.190000000     0.000000000     2.141459023     0.000000000
     0.200000000     0.000000000     2.141834850     0.000000000
     0.210000000     0.000000000     2.142230539     0.000000000
     0.220000000     0.000000000     2.142646180     0.000000000
     0.230000000     0.000000000     2.143081869     0.000000000
     0.240000000     0.000000000     2.143537706     0.000000000
     0.250000000     0.000000000     2.144013796     0.000000000
     0.260000000     0.000000000     2.144510250     0.000000000
     0.270000000     0.000000000     2.145027183     0.000000000
     0.280000000     0.000000000     2.145564716     0.000000000
     0.290000000     0.000000000     2.146122977     0.000000000
     0.300000000     0.000000000     2.146702097     0.000000000
     0.310000000     0.000000000     2.147302213     0.000000000
     0.320000000     0.000000000     2.147923469     0.000000000
     0.330000000     0.000000000     2.148566015     0.000000000
     0.340000000     0.000000000     2.149230006     0.000000000
     0.350000000     0.000000000     2.149915603     0.000000000
     0.360000000     0.000000000     2.150622974     0.000000000
     0.370000000     0.000000000     2.151352293     0.000000000
     0.380000000     0.000000000     2.152103741     0.000000000
     0.390000000     0.000000000     2.152877506     0.000000000
     0.400000000     0.000000000     2.153673782     0.000000000
     0.410000000     0.000000000     2.154492770     0.000000000
     0.420000000     0.000000000     2.155334680     0.000000000
     0.430000000     0.000000000     2.156199728     0.000000000
     0.440000000     0.000000000     2.157088137     0.000000000
     0.450000000     0.000000000     2.158000140     0.000000000
     0.460000000     0.000000000     2.158935976     0.000000000
     0.470000000     0.000000000     2.159895894     0.000000000
     0.480000000     0.000000000     2.160880149     0.000000000
     0.490000000     0.000000000     2.161889009     0.000000000
     0.500000000     0.000000000     2.162922748     0.000000000
     0.510000000     0.000000000     2.163981649     0.000000000
     0.520000000     0.000000000     2.165066007     0.000000000
     0.530000000     0.000000000     2.166176124     0.000000000
     0.540000000     0.000000000     2.167312316     0.000000000
     0.550000000     0.000000000     2.168474905     0.000000000
     0.560000000     0.000000000     2.169664229     0.000000000
     0.570000000     0.000000000     2.170880632     0.000000000
     0.580000000     0.000000000     2.172124475     0.000000000
     0.590000000     0.000000000     2.173396126     0.000000000
     0.600000000     0.000000000     2.174695970     0.000000000
     0.610000000     0.000000000     2.176024401     0.000000000
     0.620000000     0.000000000     2.177381830     0.000000000
     0.630000000     0.000000000     2.178768679     0.000000000
     0.640000000     0.000000000     2.180185385     0.000000000
     0.650000000     0.000000000     2.181632400     0.000000000
     0.660000000     0.000000000     2.183110194     0.000000000
     0.670000000     0.000000000     2.184619248     0.000000000
     0.680000000     0.000000000     2.186160064     0.000000000
     0.690000000     0.000000000     2.187733159     0.000000000
     0.700000000     0.000000000     2.189339068     0.000000000
     0.710000000     0.000000000     2.190978346     0.000000000
     0.720000000     0.000000000     2.192651565     0.000000000
     0.730000000     0.000000000     2.194359321     0.000000000
     0.740000000     0.000000000     2.196102227     0.000000000
     0.750000000     0.000000000     2.197880919     0.000000000
     0.760000000     0.000000000     2.199696058     0.000000000
     0.770000000     0.000000000     2.201548324     0.000000000
     0.780000000     0.000000000     2.203438427     0.000000000
     0.790000000     0.000000000     2.205367100     0.000000000
     0.800000000     0.000000000     2.207335102     0.000000000
     0.810000000     0.000000000     2.209343222     0.000000000
     0.820000000     0.000000000     2.211392278     0.000000000
     0.830000000     0.000000000     2.213483117     0.000000000
     0.840000000     0.000000000     2.215616620     0.000000000
     0.850000000     0.000000000     2.217793701     0.000000000
     0.860000000     0.000000000     2.220015308     0.000000000
     0.870000000     0.000000000     2.222282428     0.000000000
     0.880000000     0.000000000     2.224596083     0.000000000
     0.890000000     0.000000000     2.226957338     0.000000000
     0.900000000     0.000000000     2.229367300     0.000000000
     0.910000000     0.000000000     2.231827119     0.000000000
     0.920000000     0.000000000     2.234337994     0.000000000
     0.930000000     0.000000000     2.236901171     0.000000000
     0.940000000     0.000000000     2.239517946     0.000000000
     0.950000000     0.000000000     2.242189673     0.000000000
     0.960000000     0.000000000     2.244917760     0.000000000
     0.970000000     0.000000000     2.247703675     0.000000000
     0.980000000     0.000000000     2.250548951     0.000000000
     0.990000000     0.000000000     2.253455185     0.000000000
     1.000000000     0.000000000     2.256424047     0.000000000
     1.010000000     0.000000000     2.259457277     0.000000000
     1.020000000     0.000000000     2.262556698     0.000000000
     1.030000000     0.000000000     2.265724212     0.000000000
     1.040000000     0.000000000     2.268961810     0.000000000
     1.050000000     0.000000000     2.272271574     0.000000000
     1.060000000     0.000000000     2.275655687     0.000000000
     1.070000000     0.000000000     2.279116432     0.000000000
     1.080000000     0.000000000     2.282656204     0.000000000
     1.090000000     0.000000000     2.286277516     0.000000000
     1.100000000     0.000000000     2.289983003     0.000000000
     1.110000000     0.000000000     2.293775432     0.000000000
     1.120000000     0.000000000     2.297657711     0.000000000
     1.130000000     0.000000000     2.301632898     0.000000000
     1.140000000     0.000000000     2.305704208     0.000000000
     1.150000000     0.000000000     2.309875029     0.000000000
     1.160000000     0.000000000     2.314148927     0.000000000
     1.170000000     0.000000000     2.318529663     0.000000000
     1.180000000     0.000000000     2.323021205     0.000000000
     1.190000000     0.000000000     2.327627743     0.000000000
     1.200000000     0.000000000     2.332353703     0.000000000
     1.210000000     0.000000000     2.337203767     0.000000000
     1.220000000     0.000000000     2.342182890     0.000000000
     1.230000000     0.000000000     2.347296321     0.000000000
     1.240000000     0.000000000     2.352549625     0.000000000
     1.250000000     0.000000000     2.357948707     0.000000000
     1.260000000     0.000000000     2.363499839     0.000000000
     1.270000000     0.000000000     2.369209691     0.000000000
     1.280000000     0.000000000     2.375085361     0.000000000
     1.290000000     0.000000000     2.381134409     0.000000000
     1.300000000     0.000000000     2.387364899     0.000000000
     1.310000000     0.000000000     2.393785441     0.000000000
     1.320000000     0.000000000     2.400405235     0.000000000
     1.330000000     0.000000000     2.407234129     0.000000000
     1.340000000     0.000000000     2.414282670     0.000000000
     1.350000000     0.000000000     2.421562173     0.000000000
     1.360000000     0.000000000     2.429084792     0.000000000
     1.370000000     0.000000000     2.436863596     0.000000000
     1.380000000     0.000000000     2.444912658     0.000000000
     1.390000000     0.000000000     2.453247159     0.000000000
     1.400000000     0.000000000     2.461883491     0.000000000
     1.410000000     0.000000001     2.470839385     0.000000000
     1.420000000     0.000000002     2.480134051     0.000000001
     1.430000000     0.000000006     2.489788330     0.000000002
     1.440000000     0.000000016     2.499824877     0.000000006
     1.450000000     0.000000041     2.510268355     0.000000015
     1.460000000     0.000000098     2.521145666     0.000000037
     1.470000000     0.000000229     2.532486203     0.000000087
     1.480000000     0.000000513     2.544322148     0.000000194
     1.490000000     0.000001104     2.556688799     0.000000420
     1.500000000     0.000002285     2.569624952     0.000000871
     1.510000000     0.000004545     2.583173337     0.000001739
     1.520000000     0.000008695     2.597381111     0.000003341
     1.530000000     0.000016000     2.612300431     0.000006175
     1.540000000     0.000028321     2.627989104     0.000010983
     1.550000000     0.000048240     2.644511332     0.000018806
     1.560000000     0.000079107     2.661938564     0.000031000
     1.570000000     0.000124987     2.680350462     0.000049208
     1.580000000     0.000190526     2.699835976     0.000075238
     1.590000000     0.000280896     2.720494544     0.000110829
     1.600000000     0.000402298     2.742437362     0.000157326
     1.610000000     0.000564065     2.765788688     0.000215275
     1.620000000     0.000784394     2.790687084     0.000284015
     1.630000000     0.001103297     2.817286562     0.000361375
     1.640000000     0.001608684     2.845757928     0.000443564
     1.650000000     0.002484471     2.876291544     0.000525354
     1.660000000     0.004092772     2.909104214     0.000600582
     1.670000000     0.007104092     2.944451477     0.000662930
     1.680000000     0.012687366     2.982637157     0.000706882
     1.690000000     0.022761946     3.024004536     0.000728680
     1.700000000     0.040292250     3.068912576     0.000727107
     1.710000000     0.069571137     3.117717709     0.000703931
     1.720000000     0.116393770     3.170752424     0.000663935
     1.730000000     0.187982119     3.228267588     0.000614516
     1.740000000     0.292502776     3.290318820     0.000564930
     1.750000000     0.438053710     3.356570159     0.000525321
     1.760000000     0.631098894     3.425942936     0.000505657
     1.770000000     0.874502612     3.495984470     0.000514754
     1.780000000     1.165522868     3.561772238     0.000559470
     1.790000000     1.494296444     3.614132089     0.000644193
     1.800000000     1.843400259     3.637115316     0.000770665
     1.810000000     2.188936540     3.605590203     0.000938192
     1.820000000     2.503252975     3.486422405     0.001144239
     1.830000000     2.758946389     3.250608219     0.001385339
     1.840000000     2.933355505     2.900646475     0.001658234
     1.850000000     3.012494137     2.493274715     0.001961072
     1.860000000     2.993431893     2.117598100     0.002294491
     1.870000000     2.884507155     1.837776785     0.002662447
     1.880000000     2.703342947     1.665287702     0.003072643
     1.890000000     2.473230646     1.576508344     0.003536493
     1.900000000     2.218845707     1.537859128     0.004068570
     1.910000000     1.962339930     1.520195211     0.004685512
     1.920000000     1.720619037     1.506152743     0.005404391
     1.930000000     1.504179497     1.492166070     0.006240633
     1.940000000     1.317416199     1.483369247     0.007205644
     1.950000000     1.159973376     1.483870612     0.008304452
     1.960000000     1.028571212     1.491450763     0.009533703
     1.970000000     0.918789151     1.500941874     0.010880395
     1.980000000     0.826453031     1.509883598     0.012321571
     1.990000000     0.748469943     1.520148722     0.013825100
     2.000000000     0.683116441     1.535500160     0.015351468
     2.010000000     0.629885086     1.558230276     0.016856469
     2.020000000     0.589036200     1.587912738     0.018294645
     2.030000000     0.561007007     1.622459697     0.019623365
     2.040000000     0.545818441     1.659214918     0.020807361
     2.050000000     0.542600450     1.695023822     0.021823398
     2.060000000     0.549329619     1.726223274     0.022664426
     2.070000000     0.562834622     1.749211044     0.023342327
     2.080000000     0.579074702     1.761220358     0.023888234
     2.090000000     0.593639909     1.760621292     0.024349671
     2.100000000     0.602371348     1.747130295     0.024784363
     2.110000000     0.601969539     1.723336960     0.025251449
     2.120000000     0.590460096     1.696015025     0.025801695
     2.130000000     0.567420457     1.673669887     0.026468819
     2.140000000     0.533930826     1.661915765     0.027264031
     2.150000000     0.492279462     1.661647550     0.028175184
     2.160000000     0.445507005     1.670634865     0.029170879
     2.170000000     0.396901017     1.685804896     0.030208578
     2.180000000     0.349545417     1.704727944     0.031244846
     2.190000000     0.305996453     1.726238762     0.032245378
     2.200000000     0.268111881     1.750234746     0.033192672
     2.210000000     0.237019370     1.776844716     0.034089891
     2.220000000     0.213185008     1.805686106     0.034960471
     2.230000000     0.196536352     1.835722082     0.035843952
     2.240000000     0.186602358     1.865564121     0.036789268
     2.250000000     0.182646924     1.893949580     0.037847053
     2.260000000     0.183786091     1.920196795     0.039062483
     2.270000000     0.189087401     1.944381166     0.040469811
     2.280000000     0.197653099     1.967069483     0.042089217
     2.290000000     0.208688998     1.988753436     0.043926037
     2.300000000     0.221560248     2.009411029     0.045971896
     2.310000000     0.235835384     2.028607895     0.048207018
     2.320000000     0.251320801     2.046106030     0.050602864
     2.330000000     0.268088301     2.062360931     0.053124429
     2.340000000     0.286497145     2.078273712     0.055731796
     2.350000000     0.307208407     2.094457734     0.058380965
     2.360000000     0.331183191     2.110790913     0.061024249
     2.370000000     0.359649045     2.126567153     0.063610728
     2.380000000     0.394013876     2.141038577     0.066087190
     2.390000000     0.435707946     2.153969096     0.068399802
     2.400000000     0.485946009     2.165807627     0.070496419
     2.410000000     0.545423840     2.177088925     0.072329226
     2.420000000     0.613992295     2.187238343     0.073857302
     2.430000000     0.690378153     2.193898789     0.075048819
     2.440000000     0.772032732     2.193298158     0.075882787
     2.450000000     0.855177180     2.180928699     0.076350508
     2.460000000     0.935075757     2.152384291     0.076456928
     2.470000000     1.006513668     2.104860570     0.076221924
     2.480000000     1.064401109     2.039086979     0.075681289
     2.490000000     1.104389180     1.960601646     0.074886853
     2.500000000     1.123379518     1.878517720     0.073905085
     2.510000000     1.119839391     1.801157339     0.072813670
     2.520000000     1.093886060     1.732143053     0.071695983
     2.530000000     1.047159258     1.670868039     0.070633896
     2.540000000     0.982540242     1.615961433     0.069699877
     2.550000000     0.903790081     1.567878951     0.068949567
     2.560000000     0.815170379     1.529009916     0.068416035
     2.570000000     0.721087384     1.502039200     0.068106574
     2.580000000     0.625778556     1.488230682     0.068002461
     2.590000000     0.533048255     1.486818208     0.068061540
     2.600000000     0.446057606     1.495541479     0.068223099
     2.610000000     0.367177792     1.511591700     0.068414228
     2.620000000     0.297918679     1.532317621     0.068556822
     2.630000000     0.238940786     1.555570206     0.068574477
     2.640000000     0.190147882     1.579807861     0.068398701
     2.650000000     0.150843784     1.604049520     0.067973993
     2.660000000     0.119925660     1.627743443     0.067261416
     2.670000000     0.096081652     1.650623000     0.066240327
     2.680000000     0.077963952     1.672594925     0.064908037
     2.690000000     0.064318038     1.693671087     0.063277367
     2.700000000     0.054060915     1.713934256     0.061372459
     2.710000000     0.046312338     1.733489394     0.059223577
     2.720000000     0.040390512     1.752381440     0.056862014
     2.730000000     0.035786759     1.770558586     0.054316253
     2.740000000     0.032132457     1.787926368     0.051610298
     2.750000000     0.029167767     1.804441743     0.048764506
     2.760000000     0.026716750     1.820175261     0.045798570
     2.770000000     0.024669124     1.835283143     0.042735626
     2.780000000     0.022966033     1.849914891     0.039606159
     2.790000000     0.021586356     1.864171902     0.036450389
     2.800000000     0.020530976     1.878135219     0.033318277
     2.810000000     0.019804629     1.891864839     0.030266976
     2.820000000     0.019397330     1.905361999     0.027356246
     2.830000000     0.019269224     1.918561009     0.024642882
     2.840000000     0.019343087     1.931345920     0.022175408
     2.850000000     0.019507511     1.943560392     0.019990094
     2.860000000     0.019631162     1.955033414     0.018108917
     2.870000000     0.019585342     1.965669123     0.016539526
     2.880000000     0.019269391     1.975587884     0.015276791
     2.890000000     0.018632293     1.985174484     0.014305236
     2.900000000     0.017684690     1.994895763     0.013601683
     2.910000000     0.016498104     2.005031011     0.013137575
     2.920000000     0.015191718     2.015588600     0.012880772
     2.930000000     0.013910296     2.026418424     0.012796846
     2.940000000     0.012798723     2.037344452     0.012850064
     2.950000000     0.011978743     2.048229346     0.013004282
     2.960000000     0.011531997     2.058986896     0.013223883
     2.970000000     0.011491217     2.069575031     0.013474824
     2.980000000     0.011839284     2.079982794     0.013725725
     2.990000000     0.012514556     2.090208031     0.013948927
     3.000000000     0.013420540     2.100230033     0.014121404
     3.010000000     0.014438360     2.110000608     0.014225430
     3.020000000     0.015441094     2.119466032     0.014248967
     3.030000000     0.016309384     2.128602175     0.014185719
     3.040000000     0.016947654     2.137437674     0.014034881
     3.050000000     0.017299764     2.146064527     0.013800659
     3.060000000     0.017362420     2.154642792     0.013491647
     3.070000000     0.017194179     2.163358292     0.013120216
     3.080000000     0.016917869     2.172343013     0.012701974
     3.090000000     0.016714480     2.181649790     0.012255304
     3.100000000     0.016807229     2.191296731     0.011800862
     3.110000000     0.017435483     2.201295458     0.011360870
     3.120000000     0.018819729     2.211623004     0.010958070
     3.130000000     0.021120821     2.222194072     0.010614308
     3.140000000     0.024399128     2.232863191     0.010348923
     3.150000000     0.028581448     2.243429209     0.010177200
     3.160000000     0.033444623     2.253625925     0.010109217
     3.170000000     0.038623718     2.263110923     0.010149331
     3.180000000     0.043648805     2.271472987     0.010296411
     3.190000000     0.048008151     2.278289868     0.010544769
     3.200000000     0.051228425     2.283322480     0.010885699
     3.210000000     0.052956645     2.286894512     0.011309446
     3.220000000     0.053026288     2.290098027     0.011807434
     3.230000000     0.051492448     2.294294610     0.012374502
     3.240000000     0.048627854     2.300307938     0.013010760
     3.250000000     0.044880861     2.308204719     0.013722608
     3.260000000     0.040805225     2.317640880     0.014522435
     3.270000000     0.036977065     2.328203545     0.015426706
     3.280000000     0.033915391     2.339533894     0.016452539
     3.290000000     0.032019460     2.351337307     0.017613326
     3.300000000     0.031530620     2.363376570     0.018914353
     3.310000000     0.032520352     2.375452238     0.020349526
     3.320000000     0.034901578     2.387358610     0.021900135
     3.330000000     0.038457684     2.398843742     0.023536116
     3.340000000     0.042882828     2.409627539     0.025219687
     3.350000000     0.047827274     2.419506949     0.026910638
     3.360000000     0.052942158     2.428500383     0.028572276
     3.370000000     0.057918846     2.436863227     0.030176943
     3.380000000     0.062519026     2.444890564     0.031710262
     3.390000000     0.066592958     2.452775624     0.033173585
     3.400000000     0.070084885     2.460703205     0.034584457
     3.410000000     0.073026282     2.468871965     0.035975145
     3.420000000     0.075519037     2.477333392     0.037389435
     3.430000000     0.077711627     2.485995408     0.038878012
     3.440000000     0.079771843     2.494838607     0.040492864
     3.450000000     0.081859645     2.503997427     0.042281276
     3.460000000     0.084103580     2.513590349     0.044280134
     3.470000000     0.086583671     2.523538193     0.046511269
     3.480000000     0.089322927     2.533563256     0.048978477
     3.490000000     0.092288348     2.543336959     0.051666578
     3.500000000     0.095400832     2.552658752     0.054542555
     3.510000000     0.098551891     2.561580004     0.057558545
     3.520000000     0.101624027     2.570366294     0.060656287
     3.530000000     0.104511311     2.579278239     0.063772594
     3.540000000     0.107137017     2.588383592     0.066845499
     3.550000000     0.109465984     2.597586405     0.069820668
     3.560000000     0.111510274     2.606804268     0.072657621
     3.570000000     0.113327547     2.616092728     0.075335023
     3.580000000     0.115012419     2.625642433     0.077854124
     3.590000000     0.116682109     2.635703459     0.080239361
     3.600000000     0.118458874     2.646442539     0.082535417
     3.610000000     0.120452839     2.657805699     0.084800685
     3.620000000     0.122749360     2.669535590     0.087097988
     3.630000000     0.125404391     2.681317307     0.089484317
     3.640000000     0.128449502     2.692928571     0.092001906
     3.650000000     0.131905440     2.704324577     0.094672921
     3.660000000     0.135800434     2.715627012     0.097499270
     3.670000000     0.140187657     2.727053731     0.100467737
     3.680000000     0.145156053     2.738817045     0.103559115
     3.690000000     0.150830167     2.750992094     0.106758817
     3.700000000     0.157357211     2.763471847     0.110065913
     3.710000000     0.164882597     2.776078071     0.113497938
     3.720000000     0.173517876     2.788685519     0.117089966
     3.730000000     0.183306778     2.801214268     0.120888086
     3.740000000     0.194195777     2.813513592     0.124938921
     3.750000000     0.206015095     2.825286643     0.129277872
     3.760000000     0.218474617     2.836167753     0.133918980
     3.770000000     0.231177063     2.845854637     0.138848707
     3.780000000     0.243648372     2.854151369     0.144024807
     3.790000000     0.255383218     2.860997041     0.149380126
     3.800000000     0.265901936     2.866603275     0.154830011
     3.810000000     0.274813993     2.871513398     0.160281401
     3.820000000     0.281881808     2.876314409     0.165641544
     3.830000000     0.287076784     2.881261118     0.170824683
     3.840000000     0.290616884     2.886308165     0.175755798
     3.850000000     0.292972994     2.891518182     0.180371252
     3.860000000     0.294831796     2.897379883     0.184616992
     3.870000000     0.297007955     2.904774027     0.188445482
     3.880000000     0.300309156     2.914611378     0.191812858
     3.890000000     0.305372110     2.927240383     0.194677729
     3.900000000     0.312501918     2.942000787     0.197002608
     3.910000000     0.321555054     2.957293493     0.198758226
     3.920000000     0.331902745     2.971013191     0.199930007
     3.930000000     0.342495139     2.981067037     0.200525131
     3.940000000     0.352020990     2.986002734     0.200578098
     3.950000000     0.359130635     2.985751314     0.200152773
     3.960000000     0.362671409     2.982108148     0.199339594
     3.970000000     0.361881431     2.978358559     0.198247833
     3.980000000     0.356501328     2.977865481     0.196994027
     3.990000000     0.346788629     2.982385434     0.195688774
     4.000000000     0.333446762     2.991445753     0.194424448
     4.010000000     0.317499855     3.003265711     0.193266166
     4.020000000     0.300150151     3.016366155     0.192247454
     4.030000000     0.282647327     3.030688723     0.191370984
     4.040000000     0.266184047     3.047427964     0.190613690
     4.050000000     0.251817665     3.067724094     0.189934889
     4.060000000     0.240410156     3.091589535     0.189285818
     4.070000000     0.232578724     3.118047467     0.188619148
     4.080000000     0.228655676     3.145852471     0.187897461
     4.090000000     0.228663187     3.173898160     0.187100084
     4.100000000     0.232312224     3.201288994     0.186227959
     4.110000000     0.239033303     3.227372735     0.185306349
     4.120000000     0.248040886     3.251797101     0.184385190
     4.130000000     0.258425553     3.274534146     0.183536926
     4.140000000     0.269261622     3.295797745     0.182851820
     4.150000000     0.279714245     3.315851258     0.182431037
     4.160000000     0.289129870     3.334903434     0.182378180
     4.170000000     0.297096904     3.353297999     0.182790319
     4.180000000     0.303468493     3.371789278     0.183749717
     4.190000000     0.308345800     3.391378071     0.185317389
     4.200000000     0.312026786     3.412739966     0.187529227
     4.210000000     0.314931192     3.435962006     0.190394871
     4.220000000     0.317516005     3.460762312     0.193898857
     4.230000000     0.320196180     3.486722709     0.198003091
     4.240000000     0.323282815     3.513405227     0.202649406
     4.250000000     0.326946062     3.540461486     0.207761137
     4.260000000     0.331204469     3.567718394     0.213243067
     4.270000000     0.335937794     3.595205249     0.218979777
     4.280000000     0.340917695     3.623103684     0.224833111
     4.290000000     0.345850052     3.651620746     0.230639928
     4.300000000     0.350423264     3.680799749     0.236211462
     4.310000000     0.354357618     3.710402648     0.241335440
     4.320000000     0.357451091     3.740138439     0.245781689
     4.330000000     0.359616911     3.770200595     0.249311496
     4.340000000     0.360908624     3.801503471     0.251690549
     4.350000000     0.361529804     3.835152974     0.252704902
     4.360000000     0.361828031     3.871663743     0.252179016
     4.370000000     0.362275457     3.910806031     0.249994448
     4.380000000     0.363440134     3.952093970     0.246107238
     4.390000000     0.365952376     3.995234799     0.240561499
     4.400000000     0.370468927     4.040254829     0.233496537
     4.410000000     0.377635434     4.087433799     0.225145106
     4.420000000     0.388045926     4.137040102     0.215821409
     4.430000000     0.402197676     4.189023986     0.205899015
     4.440000000     0.420441231     4.242926689     0.195780713
     4.450000000     0.442928422     4.297901113     0.185864023
     4.460000000     0.469565193     4.352932905     0.176507072
     4.470000000     0.499980445     4.407424454     0.167999665
     4.480000000     0.533525412     4.461557976     0.160543480
     4.490000000     0.569318550     4.515757880     0.154243727
     4.500000000     0.606346035     4.569750421     0.149112688
     4.510000000     0.643616311     4.622418299     0.145083712
     4.520000000     0.680349502     4.672598552     0.142032805
     4.530000000     0.716163555     4.720079305     0.139803977
     4.540000000     0.751206210     4.766337027     0.138234217
     4.550000000     0.786183468     4.814636518     0.137174208
     4.560000000     0.822255484     4.868823434     0.136501800
     4.570000000     0.860807270     4.931158203     0.136126778
     4.580000000     0.903144004     5.001191858     0.135987388
     4.590000000     0.950193716     5.076395314     0.136040946
     4.600000000     1.002309460     5.153101151     0.136252320
     4.610000000     1.059241482     5.227336041     0.136584328
     4.620000000     1.120301653     5.296170303     0.136993275
     4.630000000     1.184682540     5.358959347     0.137430874
     4.640000000     1.251842853     5.417568613     0.137851521
     4.650000000     1.321848480     5.476123946     0.138222030
     4.660000000     1.395573145     5.540127571     0.138530213
     4.670000000     1.474710639     5.613724290     0.138789298
     4.680000000     1.561614487     5.696835485     0.139036822
     4.690000000     1.659037357     5.785739100     0.139328666
     4.700000000     1.769869461     5.876724981     0.139730418
     4.710000000     1.896960966     5.968164036     0.140308823
     4.720000000     2.043061387     6.058589436     0.141125537
     4.730000000     2.210838076     6.144323571     0.142234106
     4.740000000     2.402875288     6.221211415     0.143679650
     4.750000000     2.621533882     6.288988370     0.145499717
     4.760000000     2.868586923     6.352417050     0.147724629
     4.770000000     3.144633869     6.416905612     0.150376184
     4.780000000     3.448407901     6.482385644     0.153464705
     4.790000000     3.776183356     6.540676895     0.156985425
     4.800000000     4.121520074     6.577051293     0.160915740
     4.810000000     4.475525759     6.574320365     0.165214697
     4.820000000     4.827686172     6.520302745     0.169825285
     4.830000000     5.167148345     6.415662838     0.174679104
     4.840000000     5.484202231     6.274118647     0.179702154
     4.850000000     5.771641452     6.114994647     0.184820268
     4.860000000     6.025714863     5.955239706     0.189963118
     4.870000000     6.246491416     5.803805615     0.195066543
     4.880000000     6.437608283     5.660615199     0.200073768
     4.890000000     6.605506876     5.522133792     0.204936516
     4.900000000     6.758348562     5.387833191     0.209616757
     4.910000000     6.904831618     5.261407360     0.214089178
     4.920000000     7.053114315     5.146436170     0.218343554
     4.930000000     7.210004759     5.041272763     0.222385694
     4.940000000     7.380519569     4.938927182     0.226235701
     4.950000000     7.567843864     4.830769095     0.229923048
     4.960000000     7.773643375     4.709541065     0.233479082
     4.970000000     7.998591382     4.569982483     0.236928630
     4.980000000     8.242898586     4.408523420     0.240282951
     4.990000000     8.506604294     4.225075608     0.243536132
     5.000000000     8.789431371     4.026362823     0.246666202
     5.010000000     9.090133674     3.823643490     0.249641015
     5.020000000     9.405448108     3.622843218     0.252427665
     5.030000000     9.728947623     3.416080944     0.255003238
     5.040000000    10.050206410     3.183062077     0.257364294
     5.050000000    10.354678687     2.901142687     0.259532721
     5.060000000    10.624542059     2.555145210     0.261556403
     5.070000000    10.840501234     2.141860106     0.263504368
     5.080000000    10.984265329     1.671166130     0.265457313
     5.090000000    11.041194520     1.163165396     0.267495421
     5.100000000    11.002532954     0.642691368     0.269685817
     5.110000000    10.866731807     0.136703137     0.272071870
     5.120000000    10.639590874    -0.328196586     0.274665854
     5.130000000    10.333236461    -0.733362576     0.277445635
     5.140000000     9.964218031    -1.074688516     0.280355239
     5.150000000     9.551171619    -1.360411687     0.283308727
     5.160000000     9.112529553    -1.603182688     0.286196718
     5.170000000     8.664665509    -1.812654690     0.288894939
     5.180000000     8.220699662    -1.991851053     0.291274255
     5.190000000     7.790011997    -2.139409942     0.293211491
     5.200000000     7.378372332    -2.255570560     0.294600056
     5.210000000     6.988516623    -2.346085975     0.295359203
     5.220000000     6.620976316    -2.420120321     0.295440747
     5.230000000     6.274981146    -2.484575037     0.294832397
     5.240000000     5.949285325    -2.540889396     0.293557432
     5.250000000     5.642802376    -2.586343437     0.291671006
     5.260000000     5.354975303    -2.616979911     0.289253783
     5.270000000     5.085860168    -2.629516522     0.286403773
     5.280000000     4.835960444    -2.622676231     0.283227247
     5.290000000     4.605904661    -2.598472420     0.279829638
     5.300000000     4.396092554    -2.562480993     0.276307363
     5.310000000     4.206430319    -2.522355416     0.272741576
     5.320000000     4.036231710    -2.484860521     0.269194760
     5.330000000     3.884293223    -2.452976088     0.265710675
     5.340000000     3.749085059    -2.425401133     0.262317542
     5.350000000     3.628961442    -2.398506914     0.259033515
     5.360000000     3.522299240    -2.368478320     0.255872901
     5.370000000     3.427518290    -2.332965897     0.252851329
     5.380000000     3.342999176    -2.292811175     0.249988407
     5.390000000     3.266965781    -2.252661522     0.247307142
     5.400000000     3.197417888    -2.219055121     0.244830428
     5.410000000     3.132176457    -2.196901422     0.242575769
     5.420000000     3.069052192    -2.186511034     0.240549998
     5.430000000     3.006090113    -2.183330579     0.238745764
     5.440000000     2.941803789    -2.181099403     0.237141152
     5.450000000     2.875308430    -2.175809819     0.235702876
     5.460000000     2.806293107    -2.167226271     0.234392551
     5.470000000     2.734827077    -2.157141207     0.233174575
     5.480000000     2.661053938    -2.146413440     0.232023676
     5.490000000     2.584870791    -2.134061055     0.230930199
     5.500000000     2.505703873    -2.119123852     0.229901803
     5.510000000     2.422472002    -2.102959698     0.228961289
     5.520000000     2.333778615    -2.089641966     0.228141397
     5.530000000     2.238304998    -2.083613225     0.227478292
     5.540000000     2.135310350    -2.085297417     0.227005802
     5.550000000     2.025099693    -2.088548919     0.226752107
     5.560000000     1.909314845    -2.083917180     0.226739748
     5.570000000     1.790942310    -2.064149248     0.226988616
     5.580000000     1.674006120    -2.026237807     0.227520610
     5.590000000     1.563001217    -1.970998545     0.228364014
     5.600000000     1.462196126    -1.902554588     0.229555669
     5.610000000     1.374968778    -1.827120688     0.231139597
     5.620000000     1.303325936    -1.750933245     0.233161621
     5.630000000     1.247700755    -1.678731367     0.235660506
     5.640000000     1.207044388    -1.613521259     0.238656831
     5.650000000     1.179151968    -1.556686224     0.242141215
     5.660000000     1.161113219    -1.507700455     0.246063458
     5.670000000     1.149765540    -1.464642792     0.250324016
     5.680000000     1.142051898    -1.425755348     0.254768960
     5.690000000     1.135235080    -1.389957116     0.259189462
     5.700000000     1.126975258    -1.356265964     0.263326798
     5.710000000     1.115320875    -1.324055778     0.266883725
     5.720000000     1.098680704    -1.293916997     0.269542681
     5.730000000     1.075834018    -1.267618666     0.270990376
     5.740000000     1.046002976    -1.246717161     0.270947060
     5.750000000     1.008970540    -1.230504624     0.269197306
     5.760000000     0.965195105    -1.215139159     0.265617957
     5.770000000     0.915861776    -1.195306712     0.260198491
     5.780000000     0.862824001    -1.167049540     0.253049729
     5.790000000     0.808421814    -1.129236926     0.244398559
     5.800000000     0.755201550    -1.083295832     0.234568844
     5.810000000     0.705592061    -1.032080084     0.223951298
     5.820000000     0.661604447    -0.978357484     0.212967186
     5.830000000     0.624613909    -0.923747422     0.202031654
     5.840000000     0.595258902    -0.868914314     0.191522152
     5.850000000     0.573463563    -0.814506693     0.181755893
     5.860000000     0.558563549    -0.761521768     0.172978102
     5.870000000     0.549498520    -0.710939249     0.165360555
     5.880000000     0.545028422    -0.663520507     0.159008195
     5.890000000     0.543933925    -0.619654617     0.153970758
     5.900000000     0.545171448    -0.578676873     0.150256361
     5.910000000     0.547967076    -0.538761877     0.147844680
     5.920000000     0.551848467    -0.498272413     0.146698239
     5.930000000     0.556626184    -0.456926243     0.146771077
     5.940000000     0.562342957    -0.415558092     0.148014550
     5.950000000     0.569209387    -0.375317729     0.150380199
     5.960000000     0.577538437    -0.336992687     0.153819734
     5.970000000     0.587682341    -0.300562788     0.158282381
     5.980000000     0.599969091    -0.265125389     0.163710167
     5.990000000     0.614635467    -0.229377771     0.170032174
     6.000000000     0.631760165    -0.192588838     0.177159068
     6.010000000     0.651210552    -0.155288779     0.184979252
     6.020000000     0.672624048    -0.119140813     0.193357708
     6.030000000     0.695444682    -0.086234596     0.202137989
     6.040000000     0.719024970    -0.058088181     0.211147286
     6.050000000     0.742785657    -0.034700752     0.220203942
     6.060000000     0.766407201    -0.014402223     0.229126574
     6.070000000     0.790013974     0.005114328     0.237743896
     6.080000000     0.814309304     0.025518915     0.245904418
     6.090000000     0.840626661     0.047527209     0.253485210
     6.100000000     0.870875996     0.071307455     0.260398919
     6.110000000     0.907379324     0.096744818     0.266598086
     6.120000000     0.952602472     0.123385526     0.272075809
     6.130000000     1.008799807     0.150304464     0.276862010
     6.140000000     1.077598090     0.176088457     0.281015089
     6.150000000     1.159557619     0.198794097     0.284609636
     6.160000000     1.253765259     0.215811117     0.287721858
     6.170000000     1.357532084     0.224067609     0.290415175
     6.180000000     1.466280952     0.220449107     0.292728775
     6.190000000     1.573706002     0.201769506     0.294671546
     6.200000000     1.672257600     0.164707570     0.296222781
     6.210000000     1.753949971     0.106640417     0.297339655
     6.220000000     1.811412330     0.027004039     0.297970009
     6.230000000     1.839026585    -0.071483994     0.298067864
     6.240000000     1.833940752    -0.181355513     0.297608564
     6.250000000     1.796740080    -0.289753886     0.296600541
     6.260000000     1.731607960    -0.381322549     0.295091379
     6.270000000     1.645908073    -0.444151759     0.293166956
     6.280000000     1.549241844    -0.474367792     0.290943769
     6.290000000     1.452146058    -0.476069804     0.288555866
     6.300000000     1.364663250    -0.457629740     0.286138927
     6.310000000     1.295026727    -0.427799472     0.283814711
     6.320000000     1.248657745    -0.393782870     0.281679067
     6.330000000     1.227595738    -0.361090310     0.279795999
     6.340000000     1.230400082    -0.334054141     0.278198885
     6.350000000     1.252494004    -0.316362942     0.276898219
     6.360000000     1.286875390    -0.311673951     0.275893583
     6.370000000     1.325091036    -0.323906399     0.275186455
     6.380000000     1.358351794    -0.356207496     0.274790213
     6.390000000     1.378651223    -0.408651228     0.274734439
     6.400000000     1.379743216    -0.476289548     0.275062148
     6.410000000     1.357844089    -0.549336760     0.275820450
     6.420000000     1.311960067    -0.616184765     0.277046889
     6.430000000     1.243802080    -0.667911195     0.278754867
     6.440000000     1.157324800    -0.701083220     0.280921824
     6.450000000     1.057996282    -0.716748775     0.283483300
     6.460000000     0.951948640    -0.717448748     0.286334711
     6.470000000     0.845166797    -0.705593225     0.289341104
     6.480000000     0.742842448    -0.683575231     0.292353521
     6.490000000     0.648966119    -0.653894050     0.295229286
     6.500000000     0.566169653    -0.618854765     0.297852628
     6.510000000     0.495781520    -0.580370220     0.300151742
     6.520000000     0.438027920    -0.539993437     0.302108705
     6.530000000     0.392305820    -0.499014428     0.303759663
     6.540000000     0.357464808    -0.458432573     0.305184476
     6.550000000     0.332055179    -0.418838948     0.306487221
     6.560000000     0.314521922    -0.380429702     0.307771295
     6.570000000     0.303342535    -0.343234982     0.309114672
     6.580000000     0.297117842    -0.307414928     0.310551365
     6.590000000     0.294628729    -0.273393455     0.312064041
     6.600000000     0.294869703    -0.241684806     0.313589972
     6.610000000     0.297065013    -0.212469045     0.315038889
     6.620000000     0.300668303    -0.185257935     0.316317853
     6.630000000     0.305344669    -0.159064360     0.317356276
     6.640000000     0.310935834    -0.132996643     0.318124335
     6.650000000     0.317413758    -0.106719545     0.318640234
     6.660000000     0.324832736    -0.080528965     0.318965326
     6.670000000     0.333291960    -0.055221468     0.319189611
     6.680000000     0.342917445    -0.031708804     0.319412454
     6.690000000     0.353864464    -0.010347848     0.319723838
     6.700000000     0.366331498     0.009337156     0.320190130
     6.710000000     0.380568174     0.028093771     0.320846073
     6.720000000     0.396856595     0.046302100     0.321692455
     6.730000000     0.415450411     0.063958659     0.322697633
     6.740000000     0.436468964     0.080923945     0.323800944
     6.750000000     0.459762063     0.096957355     0.324916921
     6.760000000     0.484779255     0.111643441     0.325940286
     6.770000000     0.510489230     0.124349560     0.326752400
     6.780000000     0.535394162     0.134038044     0.327229678
     6.790000000     0.557667100     0.139013243     0.327253703
     6.800000000     0.575409765     0.137200332     0.326721639
     6.810000000     0.586990589     0.127434459     0.325554914
     6.820000000     0.591390499     0.111270924     0.323704189
     6.830000000     0.588468735     0.093581330     0.321149624
     6.840000000     0.579071006     0.080532752     0.317896818
     6.850000000     0.564937041     0.076329908     0.313970173
     6.860000000     0.548414890     0.081704336     0.309406078
     6.870000000     0.532040105     0.094778308     0.304248064
     6.880000000     0.518073568     0.112630493     0.298545098
     6.890000000     0.508101961     0.132298835     0.292352759
     6.900000000     0.502787882     0.151160729     0.285735993
     6.910000000     0.501818714     0.167180708     0.278771633
     6.920000000     0.504055979     0.179203747     0.271549259
     6.930000000     0.507842372     0.186913509     0.264169831
     6.940000000     0.511391777     0.190285142     0.256742565
     6.950000000     0.513174069     0.189547203     0.249381115
     6.960000000     0.512212866     0.186347981     0.242200148
     6.970000000     0.508238129     0.184249423     0.235312865
     6.980000000     0.501671132     0.186848752     0.228829206
     6.990000000     0.493458658     0.195571610     0.222853926
     7.000000000     0.484807082     0.209533489     0.217483673
     7.010000000     0.476887221     0.226706007     0.212802709
     7.020000000     0.470582505     0.244851522     0.208877755
     7.030000000     0.466336598     0.262082896     0.205753115
     7.040000000     0.464127458     0.277410331     0.203447452
     7.050000000     0.463561641     0.290811849     0.201953072
     7.060000000     0.464054443     0.302582632     0.201237635
     7.070000000     0.465044791     0.313076142     0.201247205
     7.080000000     0.466190887     0.323181525     0.201909025
     7.090000000     0.467502141     0.334246031     0.203132634
     7.100000000     0.469380602     0.347234279     0.204808934
     7.110000000     0.472566111     0.362449172     0.206808134
     7.120000000     0.477999378     0.379992652     0.208978632
     7.130000000     0.486633084     0.399905916     0.211149258
     7.140000000     0.499230892     0.421740360     0.213136654
     7.150000000     0.516196802     0.444286925     0.214758108
     7.160000000     0.537472283     0.465828364     0.215848244
     7.170000000     0.562526348     0.484649957     0.216276469
     7.180000000     0.590446035     0.499511453     0.215961386
     7.190000000     0.620114283     0.509897611     0.214878907
     7.200000000     0.650442989     0.515983273     0.213062330
     7.210000000     0.680614932     0.518539460     0.210594633
     7.220000000     0.710282769     0.518980224     0.207595050
     7.230000000     0.739678245     0.519147341     0.204202985
     7.240000000     0.769599973     0.520552464     0.200562299
     7.250000000     0.801271620     0.523858903     0.196808105
     7.260000000     0.836090095     0.529142564     0.193056927
     7.270000000     0.875309965     0.536144356     0.189399988
     7.280000000     0.919729750     0.543949837     0.185898921
     7.290000000     0.969452196     0.550640976     0.182583361
     7.300000000     1.023780284     0.553396825     0.179450495
     7.310000000     1.081283745     0.548921147     0.176467197
     7.320000000     1.140032081     0.534342368     0.173575528
     7.330000000     1.197948971     0.508821099     0.170701878
     7.340000000     1.253211009     0.474513677     0.167769098
     7.350000000     1.304600471     0.435352464     0.164709951
     7.360000000     1.351731373     0.394932250     0.161479546
     7.370000000     1.395096955     0.355722302     0.158064382
     7.380000000     1.435925458     0.319212849     0.154486303
     7.390000000     1.475868231     0.285434655     0.150800755
     7.400000000     1.516571584     0.252299725     0.147089918
     7.410000000     1.559199212     0.216363681     0.143452181
     7.420000000     1.603978815     0.175121349     0.139989930
     7.430000000     1.649849277     0.128759670     0.136797644
     7.440000000     1.694284059     0.078996217     0.133952029
     7.450000000     1.733357001     0.025614358     0.131505522
     7.460000000     1.762089672    -0.035802188     0.129484002
     7.470000000     1.775069732    -0.112310175     0.127888980
     7.480000000     1.767263081    -0.208501335     0.126703882
     7.490000000     1.734877192    -0.321132490     0.125903241
     7.500000000     1.676094523    -0.438149885     0.125462907
     7.510000000     1.591504272    -0.543938675     0.125368860
     7.520000000     1.484123117    -0.626955144     0.125622267
     7.530000000     1.358995012    -0.683709034     0.126239074
     7.540000000     1.222464813    -0.717214018     0.127243621
     7.550000000     1.081295673    -0.732896677     0.128657321
     7.560000000     0.941822751    -0.735451526     0.130484750
     7.570000000     0.809302985    -0.727918491     0.132700365
     7.580000000     0.687549589    -0.712354486     0.135239051
     7.590000000     0.578858199    -0.690625896     0.137992963
     7.600000000     0.484165536    -0.664517979     0.140815793
     7.610000000     0.403346631    -0.635477638     0.143534033
     7.620000000     0.335554920    -0.604521983     0.145963427
     7.630000000     0.279531736    -0.572364517     0.147927844
     7.640000000     0.233844375    -0.539581628     0.149277486
     7.650000000     0.197042631    -0.506733470     0.149903610
     7.660000000     0.167745199    -0.474372038     0.149747806
     7.670000000     0.144677477    -0.442974289     0.148805015
     7.680000000     0.126682966    -0.412906956     0.147120694
     7.690000000     0.112725256    -0.384428181     0.144783461
     7.700000000     0.101890105    -0.357682398     0.141915034
     7.710000000     0.093390225    -0.332679669     0.138659158
     7.720000000     0.086570734    -0.309270414     0.135170691
     7.730000000     0.080911236    -0.287157716     0.131605337
     7.740000000     0.076021094    -0.266001125     0.128110047
     7.750000000     0.071626531    -0.245573625     0.124813964
     7.760000000     0.067550842    -0.225837348     0.121820118
     7.770000000     0.063690994    -0.206844620     0.119198455
     7.780000000     0.059994736    -0.188580487     0.116981133
     7.790000000     0.056441703    -0.170958199     0.115160999
     7.800000000     0.053030441    -0.153933929     0.113693755
     7.810000000     0.049771301    -0.137518095     0.112503753
     7.820000000     0.046683544    -0.121664135     0.111492819
     7.830000000     0.043794294    -0.106228321     0.110551115
     7.840000000     0.041137114    -0.091069988     0.109568953
     7.850000000     0.038748979    -0.076145651     0.108448435
     7.860000000     0.036665566    -0.061491485     0.107113798
     7.870000000     0.034915753    -0.047160127     0.105519290
     7.880000000     0.033516627    -0.033198114     0.103653373
     7.890000000     0.032470111    -0.019657527     0.101538245
     7.900000000     0.031761691    -0.006582765     0.099224245
     7.910000000     0.031361032     0.006035124     0.096779548
     7.920000000     0.031223810     0.018260959     0.094276714
     7.930000000     0.031293973     0.030141105     0.091778564
     7.940000000     0.031505965     0.041645966     0.089326308
     7.950000000     0.031786877     0.052714959     0.086932610
     7.960000000     0.032058931     0.063341099     0.084581183
     7.970000000     0.032242869     0.073573214     0.082232973
     7.980000000     0.032262652     0.083452137     0.079837313
     7.990000000     0.032051461     0.092995552     0.077345198
     8.000000000     0.031558400     0.102231110     0.074721367
     8.010000000     0.030754794     0.111211338     0.071952376
     8.020000000     0.029638707     0.120016738     0.069049091
     8.030000000     0.028236440     0.128761037     0.066043600
     8.040000000     0.026600242     0.137572283     0.062981983
     8.050000000     0.024802299     0.146544623     0.059915248
     8.060000000     0.022925915     0.155701706     0.056890841
     8.070000000     0.021055450     0.165002748     0.053946614
     8.080000000     0.019266863     0.174378317     0.051108178
     8.090000000     0.017620442     0.183764314     0.048389536
     8.100000000     0.016156724     0.193122911     0.045796099
     8.110000000     0.014895763     0.202447067     0.043328717
     8.120000000     0.013839168     0.211738874     0.040987393
     8.130000000     0.012973903     0.220986380     0.038773605
     8.140000000     0.012276679     0.230171682     0.036690777
     8.150000000     0.011718057     0.239292696     0.034742991
     8.160000000     0.011265721     0.248365630     0.032932607
     8.170000000     0.010886871     0.257409015     0.031257712
     8.180000000     0.010549953     0.266433812     0.029710350
     8.190000000     0.010226110     0.275441004     0.028276213
     8.200000000     0.009890609     0.284422572     0.026935974
     8.210000000     0.009524324     0.293379356     0.025667934
     8.220000000     0.009115098     0.302343218     0.024451232
     8.230000000     0.008658624     0.311373110     0.023268725
     8.240000000     0.008158508     0.320527502     0.022108761
     8.250000000     0.007625294     0.329841922     0.020965427
     8.260000000     0.007074501     0.339329815     0.019837341
     8.270000000     0.006523971     0.348997714     0.018725471
     8.280000000     0.005991017     0.358856155     0.017630721
     8.290000000     0.005489901     0.368919769     0.016552028
     8.300000000     0.005030063     0.379201030     0.015485516
     8.310000000     0.004615357     0.389709615     0.014424920
     8.320000000     0.004244294     0.400461751     0.013363100
     8.330000000     0.003911148     0.411487168     0.012294215
     8.340000000     0.003607628     0.422824701     0.011215951
     8.350000000     0.003324799     0.434515179     0.010131201
     8.360000000     0.003054995     0.446600400     0.009048767
     8.370000000     0.002793605     0.459128085     0.007982848
     8.380000000     0.002540944     0.472161159     0.006951394
     8.390000000     0.002304910     0.485781261     0.005973632
     8.400000000     0.002105940     0.500076634     0.005067308
     8.410000000     0.001986960     0.515128228     0.004246215
     8.420000000     0.002032563     0.531011515     0.003518542
     8.430000000     0.002403393     0.547809507     0.002886344
     8.440000000     0.003393020     0.565625309     0.002346159
     8.450000000     0.005514369     0.584587870     0.001890492
     8.460000000     0.009619107     0.604846803     0.001509712
     8.470000000     0.017044257     0.626559674     0.001193865
     8.480000000     0.029764184     0.649881152     0.000934005
     8.490000000     0.050503690     0.674953299     0.000722876
     8.500000000     0.082744248     0.701885447     0.000554961
     8.510000000     0.130540197     0.730710640     0.000426085
     8.520000000     0.198068738     0.761302219     0.000332822
     8.530000000     0.288879797     0.793221767     0.000271884
     8.540000000     0.404893437     0.825447522     0.000239642
     8.550000000     0.545301965     0.855900205     0.000231817
     8.560000000     0.705639539     0.880651940     0.000243354
     8.570000000     0.877338618     0.892731944     0.000268469
     8.580000000     1.048056736     0.880729109     0.000300883
     8.590000000     1.202909619     0.828389931     0.000334221
     8.600000000     1.326510270     0.718434466     0.000362553
     8.610000000     1.405455322     0.544538514     0.000381003
     8.620000000     1.430711218     0.327108005     0.000386283
     8.630000000     1.399314340     0.112445229     0.000377052
     8.640000000     1.314942852    -0.054994545     0.000353967
     8.650000000     1.187207765    -0.158201826     0.000319427
     8.660000000     1.029851999    -0.205524736     0.000277022
     8.670000000     0.858323758    -0.214550452     0.000230855
     8.680000000     0.687314769    -0.201073969     0.000184849
     8.690000000     0.528796341    -0.175964640     0.000142213
     8.700000000     0.390885381    -0.145791514     0.000105122
     8.710000000     0.277612257    -0.114229833     0.000074658
     8.720000000     0.189433187    -0.083211746     0.000050944
     8.730000000     0.124194315    -0.053676690     0.000033399
     8.740000000     0.078230406    -0.026017918     0.000021038
     8.750000000     0.047345388    -0.000337184     0.000012733
     8.760000000     0.027530113     0.023413089     0.000007404
     8.770000000     0.015380361     0.045351570     0.000004136
     8.780000000     0.008255688     0.065625574     0.000002220
     8.790000000     0.004257633     0.084388567     0.000001145
     8.800000000     0.002109655     0.101788715     0.000000567
     8.810000000     0.001004345     0.117963531     0.000000270
     8.820000000     0.000459391     0.133037837     0.000000124
     8.830000000     0.000201888     0.147123471     0.000000054
     8.840000000     0.000085245     0.160319896     0.000000023
     8.850000000     0.000034582     0.172715209     0.000000009
     8.860000000     0.000013479     0.184387288     0.000000004
     8.870000000     0.000005048     0.195404950     0.000000001
     8.880000000     0.000001816     0.205829036     0.000000000
     8.890000000     0.000000628     0.215713397     0.000000000
     8.900000000     0.000000209     0.225105776     0.000000000
     8.910000000     0.000000067     0.234048579     0.000000000
     8.920000000     0.000000020     0.242579556     0.000000000
     8.930000000     0.000000006     0.250732382     0.000000000
     8.940000000     0.000000002     0.258537169     0.000000000
     8.950000000     0.000000000     0.266020903     0.000000000
     8.960000000     0.000000000     0.273207829     0.000000000
     8.970000000     0.000000000     0.280119774     0.000000000
     8.980000000     0.000000000     0.286776436     0.000000000
     8.990000000     0.000000000     0.293195634     0.000000000
     9.000000000     0.000000000     0.299393516     0.000000000
     9.010000000     0.000000000     0.305384752     0.000000000
     9.020000000     0.000000000     0.311182695     0.000000000
     9.030000000     0.000000000     0.316799526     0.000000000
     9.040000000     0.000000000     0.322246375     0.000000000
     9.050000000     0.000000000     0.327533433     0.000000000
     9.060000000     0.000000000     0.332670049     0.000000000
     9.070000000     0.000000000     0.337664815     0.000000000
     9.080000000     0.000000000     0.342525641     0.000000000
     9.090000000     0.000000000     0.347259818     0.000000000
     9.100000000     0.000000000     0.351874082     0.000000000
     9.110000000     0.000000000     0.356374666     0.000000000
     9.120000000     0.000000000     0.360767343     0.000000000
     9.130000000     0.000000000     0.365057469     0.000000000
     9.140000000     0.000000000     0.369250024     0.000000000
     9.150000000     0.000000000     0.373349638     0.000000000
     9.160000000     0.000000000     0.377360629     0.000000000
     9.170000000     0.000000000     0.381287023     0.000000000
     9.180000000     0.000000000     0.385132584     0.000000000
     9.190000000     0.000000000     0.388900830     0.000000000
     9.200000000     0.000000000     0.392595058     0.000000000
     9.210000000     0.000000000     0.396218358     0.000000000
     9.220000000     0.000000000     0.399773631     0.000000000
     9.230000000     0.000000000     0.403263604     0.000000000
     9.240000000     0.000000000     0.406690840     0.000000000
     9.250000000     0.000000000     0.410057757     0.000000000
     9.260000000     0.000000000     0.413366629     0.000000000
     9.270000000     0.000000000     0.416619607     0.000000000
     9.280000000     0.000000000     0.419818721     0.000000000
     9.290000000     0.000000000     0.422965889     0.000000000
     9.300000000     0.000000000     0.426062927     0.000000000
     9.310000000     0.000000000     0.429111557     0.000000000
     9.320000000     0.000000000     0.432113409     0.000000000
     9.330000000     0.000000000     0.435070031     0.000000000
     9.340000000     0.000000000     0.437982892     0.000000000
     9.350000000     0.000000000     0.440853391     0.000000000
     9.360000000     0.000000000     0.443682856     0.000000000
     9.370000000     0.000000000     0.446472552     0.000000000
     9.380000000     0.000000000     0.449223685     0.000000000
     9.390000000     0.000000000     0.451937405     0.000000000
     9.400000000     0.000000000     0.454614809     0.000000000
     9.410000000     0.000000000     0.457256944     0.000000000
     9.420000000     0.000000000     0.459864812     0.000000000
     9.430000000     0.000000000     0.462439370     0.000000000
     9.440000000     0.000000000     0.464981535     0.000000000
     9.450000000     0.000000000     0.467492185     0.000000000
     9.460000000     0.000000000     0.469972163     0.000000000
     9.470000000     0.000000000     0.472422275     0.000000000
     9.480000000     0.000000000     0.474843298     0.000000000
     9.490000000     0.000000001     0.477235977     0.000000001
     9.500000000     0.000000002     0.479601028     0.000000003
     9.510000000     0.000000006     0.481939142     0.000000008
     9.520000000     0.000000014     0.484250985     0.000000020
     9.530000000     0.000000033     0.486537197     0.000000049
     9.540000000     0.000000076     0.488798399     0.000000111
     9.550000000     0.000000166     0.491035189     0.000000245
     9.560000000     0.000000350     0.493248148     0.000000516
     9.570000000     0.000000711     0.495437837     0.000001048
     9.580000000     0.000001386     0.497604801     0.000002042
     9.590000000     0.000002595     0.499749569     0.000003824
     9.600000000     0.000004669     0.501872650     0.000006881
     9.610000000     0.000008072     0.503974541     0.000011895
     9.620000000     0.000013407     0.506055714     0.000019757
     9.630000000     0.000021394     0.508116616     0.000031528
     9.640000000     0.000032802     0.510157653     0.000048339
     9.650000000     0.000048322     0.512179171     0.000071209
     9.660000000     0.000068392     0.514181409     0.000100786
     9.670000000     0.000093003     0.516164424     0.000137053
     9.680000000     0.000121511     0.518127965     0.000179064
     9.690000000     0.000152533     0.520071276     0.000224780
     9.700000000     0.000183967     0.521992832     0.000271102
     9.710000000     0.000213179     0.523890194     0.000314150
     9.720000000     0.000237343     0.525760441     0.000349760
     9.730000000     0.000253885     0.527601980     0.000374137
     9.740000000     0.000260931     0.529417497     0.000384521
     9.750000000     0.000257658     0.531214924     0.000379697
     9.760000000     0.000244449     0.533003310     0.000360232
     9.770000000     0.000222824     0.534787394     0.000328364
     9.780000000     0.000195148     0.536566783     0.000287579
     9.790000000     0.000164208     0.538338688     0.000241985
     9.800000000     0.000132756     0.540100310     0.000195635
     9.810000000     0.000103119     0.541849699     0.000151961
     9.820000000     0.000076958     0.543585733     0.000113409
     9.830000000     0.000055182     0.545307874     0.000081319
     9.840000000     0.000038016     0.547015940     0.000056022
     9.850000000     0.000025163     0.548709948     0.000037082
     9.860000000     0.000016003     0.550390027     0.000023582
     9.870000000     0.000009778     0.552056361     0.000014409
     9.880000000     0.000005740     0.553709162     0.000008459
     9.890000000     0.000003238     0.555348650     0.000004771
     9.900000000     0.000001755     0.556975049     0.000002586
     9.910000000     0.000000914     0.558588580     0.000001346
     9.920000000     0.000000457     0.560189456     0.000000674
     9.930000000     0.000000220     0.561777887     0.000000324
     9.940000000     0.000000101     0.563354073     0.000000149
     9.950000000     0.000000045     0.564918211     0.000000066
     9.960000000     0.000000019     0.566470489     0.000000028
     9.970000000     0.000000008     0.568011090     0.000000012
     9.980000000     0.000000003     0.569540190     0.000000005
     9.990000000     0.000000001     0.571057961     0.000000002
    10.000000000     0.000000000     0.572564569     0.000000001
    10.010000000     0.000000000     0.574060176     0.000000000
    10.020000000     0.000000000     0.575544939     0.000000000
    10.030000000     0.000000000     0.577019011     0.000000000
    10.040000000     0.000000000     0.578482539     0.000000000
    10.050000000     0.000000000     0.579935670     0.000000000
    10.060000000     0.000000000     0.581378544     0.000000000
    10.070000000     0.000000000     0.582811299     0.000000000
    10.080000000     0.000000000     0.584234070     0.000000000
    10.090000000     0.000000000     0.585646987     0.000000000
    10.100000000     0.000000000     0.587050178     0.000000000
    10.110000000     0.000000000     0.588443770     0.000000000
    10.120000000     0.000000000     0.589827884     0.000000000
    10.130000000     0.000000000     0.591202640     0.000000000
    10.140000000     0.000000000     0.592568155     0.000000000
    10.150000000     0.000000000     0.593924545     0.000000000
    10.160000000     0.000000000     0.595271920     0.000000000
    10.170000000     0.000000000     0.596610392     0.000000000
    10.180000000     0.000000000     0.597940068     0.000000000
    10.190000000     0.000000000     0.599261052     0.000000000
    10.200000000     0.000000000     0.600573450     0.000000000
    10.210000000     0.000000000     0.601877361     0.000000000
    10.220000000     0.000000000     0.603172885     0.000000000
    10.230000000     0.000000000     0.604460120     0.000000000
    10.240000000     0.000000000     0.605739162     0.000000000
    10.250000000     0.000000000     0.607010103     0.000000000
    10.260000000     0.000000000     0.608273036     0.000000000
    10.270000000     0.000000000     0.609528052     0.000000000
    10.280000000     0.000000000     0.610775238     0.000000000
    10.290000000     0.000000000     0.612014682     0.000000000
    10.300000000     0.000000000     0.613246470     0.000000000
    10.310000000     0.000000000     0.614470684     0.000000000
    10.320000000     0.000000000     0.615687408     0.000000000
    10.330000000     0.000000000     0.616896723     0.000000000
    10.340000000     0.000000000     0.618098707     0.000000000
    10.350000000     0.000000000     0.619293440     0.000000000
    10.360000000     0.000000000     0.620480998     0.000000000
    10.370000000     0.000000000     0.621661456     0.000000000
    10.380000000     0.000000000     0.622834889     0.000000000
    10.390000000     0.000000000     0.624001370     0.000000000
    10.400000000     0.000000000     0.625160971     0.000000000
    10.410000000     0.000000000     0.626313762     0.000000000
    10.420000000     0.000000000     0.627459812     0.000000000
    10.430000000     0.000000000     0.628599190     0.000000000
    10.440000000     0.000000000     0.629731964     0.000000000
    10.450000000     0.000000000     0.630858198     0.000000000
    10.460000000     0.000000000     0.631977960     0.000000000
    10.470000000     0.000000000     0.633091311     0.000000000
    10.480000000     0.000000000     0.634198316     0.000000000
    10.490000000     0.000000000     0.635299037     0.000000000
    10.500000000     0.000000000     0.636393535     0.000000000
    10.510000000     0.000000000     0.637481869     0.000000000
    10.520000000     0.000000000     0.638564100     0.000000000
    10.530000000     0.000000000     0.639640285     0.000000000
    10.540000000     0.000000000     0.640710482     0.000000000
    10.550000000     0.000000000     0.641774748     0.000000000
    10.560000000     0.000000000     0.642833139     0.000000000
    10.570000000     0.000000000     0.643885708     0.000000000
    10.580000000     0.000000000     0.644932512     0.000000000
    10.590000000     0.000000000     0.645973602     0.000000000
    10.600000000     0.000000000     0.647009032     0.000000000
    10.610000000     0.000000000     0.648038854     0.000000000
    10.620000000     0.000000000     0.649063118     0.000000000
    10.630000000     0.000000000     0.650081875     0.000000000
    10.640000000     0.000000000     0.651095174     0.000000000
    10.650000000     0.000000000     0.652103065     0.000000000
    10.660000000     0.000000000     0.653105597     0.000000000
    10.670000000     0.000000000     0.654102815     0.000000000
    10.680000000     0.000000000     0.655094768     0.000000000
    10.690000000     0.000000000     0.656081502     0.000000000
    10.700000000     0.000000000     0.657063063     0.000000000
    10.710000000     0.000000000     0.658039495     0.000000000
    10.720000000     0.000000000     0.659010843     0.000000000
    10.730000000     0.000000000     0.659977151     0.000000000
    10.740000000     0.000000000     0.660938463     0.000000000
    10.750000000     0.000000000     0.661894820     0.000000000
    10.760000000     0.000000000     0.662846266     0.000000000
    10.770000000     0.000000000     0.663792841     0.000000000
    10.780000000     0.000000000     0.664734588     0.000000000
    10.790000000     0.000000000     0.665671545     0.000000000
    10.800000000     0.000000000     0.666603755     0.000000000
    10.810000000     0.000000000     0.667531255     0.000000000
    10.820000000     0.000000000     0.668454085     0.000000000
    10.830000000     0.000000000     0.669372283     0.000000000
    10.840000000     0.000000000     0.670285888     0.000000000
    10.850000000     0.000000000     0.671194937     0.000000000
    10.860000000     0.000000000     0.672099467     0.000000000
    10.870000000     0.000000000     0.672999515     0.000000000
    10.880000000     0.000000000     0.673895117     0.000000000
    10.890000000     0.000000000     0.674786309     0.000000000
    10.900000000     0.000000000     0.675673125     0.000000000
    10.910000000     0.000000000     0.676555602     0.000000000
    10.920000000     0.000000000     0.677433773     0.000000000
    10.930000000     0.000000000     0.678307672     0.000000000
    10.940000000     0.000000000     0.679177333     0.000000000
    10.950000000     0.000000000     0.680042789     0.000000000
    10.960000000     0.000000000     0.680904073     0.000000000
    10.970000000     0.000000000     0.681761218     0.000000000
    10.980000000     0.000000000     0.682614255     0.000000000
    10.990000000     0.000000000     0.683463216     0.000000000
    11.000000000     0.000000000     0.684308133     0.000000000
