 # Column 1: omega
 # Column 2: eps2(omega)
 # Column 3: eps1(omega)
 # Column 4: JDOS(omega)
     0.000000000     0.000000000     2.136062034     0.000000000
     0.010000000     0.000000000     2.136071489     0.000000000
     0.020000000     0.000000000     2.136099856     0.000000000
     0.030000000     0.000000000     2.136147141     0.000000000
     0.040000000     0.000000000     2.136213355     0.000000000
     0.050000000     0.000000000     2.136298512     0.000000000
     0.060000000     0.000000000     2.136402631     0.000000000
     0.070000000     0.000000000     2.136525735     0.000000000
     0.080000000     0.000000000     2.136667851     0.000000000
     0.090000000     0.000000000     2.136829010     0.000000000
     0.100000000     0.000000000     2.137009248     0.000000000
     0.110000000     0.000000000     2.137208605     0.000000000
     0.120000000     0.000000000     2.137427124     0.000000000
     0.130000000     0.000000000     2.137664856     0.000000000
     0.140000000     0.000000000     2.137921851     0.000000000
     0.150000000     0.000000000     2.138198169     0.000000000
     0.160000000     0.000000000     2.138493870     0.000000000
     0.170000000     0.000000000     2.138809021     0.000000000
     0.180000000     0.000000000     2.139143692     0.000000000
     0.190000000     0.000000000     2.139497960     0.000000000
     0.200000000     0.000000000     2.139871904     0.000000000
     0.210000000     0.000000000     2.140265610     0.000000000
     0.220000000     0.000000000     2.140679166     0.000000000
     0.230000000     0.000000000     2.141112668     0.000000000
     0.240000000     0.000000000     2.141566215     0.000000000
     0.250000000     0.000000000     2.142039912     0.000000000
     0.260000000     0.000000000     2.142533868     0.000000000
     0.270000000     0.000000000     2.143048199     0.000000000
     0.280000000     0.000000000     2.143583024     0.000000000
     0.290000000     0.000000000     2.144138469     0.000000000
     0.300000000     0.000000000     2.144714665     0.000000000
     0.310000000     0.000000000     2.145311749     0.000000000
     0.320000000     0.000000000     2.145929863     0.000000000
     0.330000000     0.000000000     2.146569156     0.000000000
     0.340000000     0.000000000     2.147229781     0.000000000
     0.350000000     0.000000000     2.147911900     0.000000000
     0.360000000     0.000000000     2.148615678     0.000000000
     0.370000000     0.000000000     2.149341289     0.000000000
     0.380000000     0.000000000     2.150088912     0.000000000
     0.390000000     0.000000000     2.150858734     0.000000000
     0.400000000     0.000000000     2.151650946     0.000000000
     0.410000000     0.000000000     2.152465751     0.000000000
     0.420000000     0.000000000     2.153303354     0.000000000
     0.430000000     0.000000000     2.154163970     0.000000000
     0.440000000     0.000000000     2.155047823     0.000000000
     0.450000000     0.000000000     2.155955141     0.000000000
     0.460000000     0.000000000     2.156886164     0.000000000
     0.470000000     0.000000000     2.157841137     0.000000000
     0.480000000     0.000000000     2.158820316     0.000000000
     0.490000000     0.000000000     2.159823964     0.000000000
     0.500000000     0.000000000     2.160852355     0.000000000
     0.510000000     0.000000000     2.161905769     0.000000000
     0.520000000     0.000000000     2.162984498     0.000000000
     0.530000000     0.000000000     2.164088845     0.000000000
     0.540000000     0.000000000     2.165219120     0.000000000
     0.550000000     0.000000000     2.166375646     0.000000000
     0.560000000     0.000000000     2.167558755     0.000000000
     0.570000000     0.000000000     2.168768792     0.000000000
     0.580000000     0.000000000     2.170006113     0.000000000
     0.590000000     0.000000000     2.171271085     0.000000000
     0.600000000     0.000000000     2.172564089     0.000000000
     0.610000000     0.000000000     2.173885517     0.000000000
     0.620000000     0.000000000     2.175235775     0.000000000
     0.630000000     0.000000000     2.176615285     0.000000000
     0.640000000     0.000000000     2.178024479     0.000000000
     0.650000000     0.000000000     2.179463806     0.000000000
     0.660000000     0.000000000     2.180933732     0.000000000
     0.670000000     0.000000000     2.182434737     0.000000000
     0.680000000     0.000000000     2.183967316     0.000000000
     0.690000000     0.000000000     2.185531984     0.000000000
     0.700000000     0.000000000     2.187129272     0.000000000
     0.710000000     0.000000000     2.188759731     0.000000000
     0.720000000     0.000000000     2.190423929     0.000000000
     0.730000000     0.000000000     2.192122457     0.000000000
     0.740000000     0.000000000     2.193855924     0.000000000
     0.750000000     0.000000000     2.195624961     0.000000000
     0.760000000     0.000000000     2.197430224     0.000000000
     0.770000000     0.000000000     2.199272390     0.000000000
     0.780000000     0.000000000     2.201152162     0.000000000
     0.790000000     0.000000000     2.203070267     0.000000000
     0.800000000     0.000000000     2.205027460     0.000000000
     0.810000000     0.000000000     2.207024524     0.000000000
     0.820000000     0.000000000     2.209062270     0.000000000
     0.830000000     0.000000000     2.211141540     0.000000000
     0.840000000     0.000000000     2.213263208     0.000000000
     0.850000000     0.000000000     2.215428182     0.000000000
     0.860000000     0.000000000     2.217637402     0.000000000
     0.870000000     0.000000000     2.219891848     0.000000000
     0.880000000     0.000000000     2.222192535     0.000000000
     0.890000000     0.000000000     2.224540521     0.000000000
     0.900000000     0.000000000     2.226936903     0.000000000
     0.910000000     0.000000000     2.229382825     0.000000000
     0.920000000     0.000000000     2.231879475     0.000000000
     0.930000000     0.000000000     2.234428090     0.000000000
     0.940000000     0.000000000     2.237029959     0.000000000
     0.950000000     0.000000000     2.239686423     0.000000000
     0.960000000     0.000000000     2.242398881     0.000000000
     0.970000000     0.000000000     2.245168792     0.000000000
     0.980000000     0.000000000     2.247997675     0.000000000
     0.990000000     0.000000000     2.250887117     0.000000000
     1.000000000     0.000000000     2.253838775     0.000000000
     1.010000000     0.000000000     2.256854377     0.000000000
     1.020000000     0.000000000     2.259935732     0.000000000
     1.030000000     0.000000000     2.263084729     0.000000000
     1.040000000     0.000000000     2.266303344     0.000000000
     1.050000000     0.000000000     2.269593645     0.000000000
     1.060000000     0.000000000     2.272957796     0.000000000
     1.070000000     0.000000000     2.276398066     0.000000000
     1.080000000     0.000000000     2.279916833     0.000000000
     1.090000000     0.000000000     2.283516590     0.000000000
     1.100000000     0.000000000     2.287199953     0.000000000
     1.110000000     0.000000000     2.290969670     0.000000000
     1.120000000     0.000000000     2.294828628     0.000000000
     1.130000000     0.000000000     2.298779862     0.000000000
     1.140000000     0.000000000     2.302826564     0.000000000
     1.150000000     0.000000000     2.306972096     0.000000000
     1.160000000     0.000000000     2.311220001     0.000000000
     1.170000000     0.000000000     2.315574011     0.000000000
     1.180000000     0.000000000     2.320038066     0.000000000
     1.190000000     0.000000000     2.324616325     0.000000000
     1.200000000     0.000000000     2.329313183     0.000000000
     1.210000000     0.000000000     2.334133289     0.000000000
     1.220000000     0.000000000     2.339081560     0.000000000
     1.230000000     0.000000000     2.344163209     0.000000000
     1.240000000     0.000000000     2.349383760     0.000000000
     1.250000000     0.000000000     2.354749077     0.000000000
     1.260000000     0.000000000     2.360265387     0.000000000
     1.270000000     0.000000000     2.365939311     0.000000000
     1.280000000     0.000000000     2.371777897     0.000000000
     1.290000000     0.000000000     2.377788651     0.000000000
     1.300000000     0.000000000     2.383979579     0.000000000
     1.310000000     0.000000000     2.390359230     0.000000000
     1.320000000     0.000000000     2.396936740     0.000000000
     1.330000000     0.000000000     2.403721884     0.000000000
     1.340000000     0.000000000     2.410725136     0.000000000
     1.350000000     0.000000000     2.417957732     0.000000000
     1.360000000     0.000000000     2.425431736     0.000000000
     1.370000000     0.000000000     2.433160126     0.000000000
     1.380000000     0.000000000     2.441156878     0.000000000
     1.390000000     0.000000000     2.449437062     0.000000000
     1.400000000     0.000000000     2.458016955     0.000000000
     1.410000000     0.000000000     2.466914163     0.000000000
     1.420000000     0.000000000     2.476147758     0.000000001
     1.430000000     0.000000001     2.485738437     0.000000002
     1.440000000     0.000000001     2.495708692     0.000000005
     1.450000000     0.000000004     2.506083012     0.000000012
     1.460000000     0.000000009     2.516888108     0.000000029
     1.470000000     0.000000022     2.528153167     0.000000069
     1.480000000     0.000000051     2.539910142     0.000000156
     1.490000000     0.000000116     2.552194083     0.000000341
     1.500000000     0.000000252     2.565043515     0.000000716
     1.510000000     0.000000528     2.578500871     0.000001445
     1.520000000     0.000001068     2.592612987     0.000002806
     1.530000000     0.000002088     2.607431671     0.000005243
     1.540000000     0.000003943     2.623014361     0.000009425
     1.550000000     0.000007204     2.639424877     0.000016310
     1.560000000     0.000012749     2.656734290     0.000027172
     1.570000000     0.000021914     2.675021921     0.000043586
     1.580000000     0.000036750     2.694376491     0.000067339
     1.590000000     0.000060561     2.714897440     0.000100223
     1.600000000     0.000099145     2.736696417     0.000143735
     1.610000000     0.000163637     2.759898972     0.000198681
     1.620000000     0.000276808     2.784646424     0.000264766
     1.630000000     0.000486209     2.811097882     0.000340244
     1.640000000     0.000889946     2.839432382     0.000421749
     1.650000000     0.001684013     2.869851087     0.000504392
     1.660000000     0.003243406     2.902579561     0.000582180
     1.670000000     0.006251257     2.937870027     0.000648739
     1.680000000     0.011888157     2.976002896     0.000698245
     1.690000000     0.022083842     3.017286123     0.000726410
     1.700000000     0.039811698     3.062051846     0.000731332
     1.710000000     0.069371356     3.110648381     0.000714043
     1.720000000     0.116560019     3.163414130     0.000678650
     1.730000000     0.188591551     3.220610819     0.000632022
     1.740000000     0.293605647     3.282301090     0.000583098
     1.750000000     0.439643687     3.348146633     0.000541917
     1.760000000     0.633073244     3.417055309     0.000518545
     1.770000000     0.876617859     3.486547891     0.000522030
     1.780000000     1.167357179     3.551656776     0.000559555
     1.790000000     1.495234420     3.603135050     0.000635859
     1.800000000     1.842656428     3.624925732     0.000753035
     1.810000000     2.185628529     3.591766423     0.000910714
     1.820000000     2.496523469     3.470453590     0.001106637
     1.830000000     2.748116763     3.232192888     0.001337551
     1.840000000     2.918078176     2.880238999     0.001600309
     1.850000000     2.992861578     2.472527383     0.001893020
     1.860000000     2.970003548     2.099030868     0.002216099
     1.870000000     2.858233153     1.823695717     0.002573046
     1.880000000     2.675392216     1.656915474     0.002970896
     1.890000000     2.444762104     1.574015838     0.003420245
     1.900000000     2.190783243     1.540531788     0.003934834
     1.910000000     1.935215301     1.525729318     0.004530650
     1.920000000     1.694528160     1.510463925     0.005224519
     1.930000000     1.478862053     1.491751820     0.006032213
     1.940000000     1.292428473     1.478229429     0.006966208
     1.950000000     1.134894848     1.477399750     0.008033319
     1.960000000     1.003177832     1.487908177     0.009232597
     1.970000000     0.893142942     1.503038898     0.010553828
     1.980000000     0.800891359     1.517697221     0.011976968
     1.990000000     0.723514413     1.531638157     0.013472614
     2.000000000     0.659346662     1.548182885     0.015003503
     2.010000000     0.607827781     1.570667640     0.016526898
     2.020000000     0.569105480     1.599890976     0.017997720
     2.030000000     0.543505089     1.634333203     0.019372310
     2.040000000     0.530979465     1.671398335     0.020612734
     2.050000000     0.530643663     1.707849076     0.021691381
     2.060000000     0.540487312     1.739951002     0.022595348
     2.070000000     0.557333600     1.764081252     0.023329790
     2.080000000     0.577071455     1.777429536     0.023919210
     2.090000000     0.595130452     1.778061868     0.024405777
     2.100000000     0.607109197     1.764891021     0.024844282
     2.110000000     0.609425274     1.739426739     0.025294151
     2.120000000     0.599843662     1.708142234     0.025809873
     2.130000000     0.577767504     1.680804122     0.026431840
     2.140000000     0.544234123     1.664900890     0.027179762
     2.150000000     0.501632816     1.662326011     0.028050308
     2.160000000     0.453226498     1.670702540     0.029019633
     2.170000000     0.402596895     1.686258899     0.030050200
     2.180000000     0.353133668     1.705883296     0.031100259
     2.190000000     0.307655959     1.728000999     0.032133751
     2.200000000     0.268205391     1.752372580     0.033128448
     2.210000000     0.236001356     1.779186516     0.034080712
     2.220000000     0.211516910     1.808202411     0.035006230
     2.230000000     0.194622599     1.838483781     0.035936975
     2.240000000     0.184752388     1.868649914     0.036915504
     2.250000000     0.181061964     1.897347828     0.037988015
     2.260000000     0.182565744     1.923723972     0.039197677
     2.270000000     0.188249625     1.947708465     0.040579350
     2.280000000     0.197160880     1.969894688     0.042156339
     2.290000000     0.208477142     1.990977557     0.043939215
     2.300000000     0.221556262     2.011177423     0.045926260
     2.310000000     0.235969927     2.030213787     0.048104862
     2.320000000     0.251526282     2.047856377     0.050453115
     2.330000000     0.268288467     2.064413219     0.052941138
     2.340000000     0.286594868     2.080553482     0.055531931
     2.350000000     0.307081223     2.096691176     0.058181949
     2.360000000     0.330694898     2.112609527     0.060841770
     2.370000000     0.358680201     2.127636479     0.063457260
     2.380000000     0.392505681     2.141193333     0.065971468
     2.390000000     0.433705686     2.153328310     0.068327175
     2.400000000     0.483623703     2.164847897     0.070469753
     2.410000000     0.543073840     2.176679278     0.072349876
     2.420000000     0.611972968     2.188450636     0.073925702
     2.430000000     0.689027031     2.197396847     0.075164398
     2.440000000     0.771566722     2.198706206     0.076043245
     2.450000000     0.855609909     2.186867554     0.076550709
     2.460000000     0.936180707     2.157138369     0.076687876
     2.470000000     1.007849935     2.107036924     0.076470331
     2.480000000     1.065399771     2.038063982     0.075930104
     2.490000000     1.104478981     1.956900681     0.075116923
     2.500000000     1.122117751     1.873731560     0.074097804
     2.510000000     1.117012117     1.797084728     0.072954218
     2.520000000     1.089551579     1.729879439     0.071776508
     2.530000000     1.041626345     1.670690046     0.070655971
     2.540000000     0.976291677     1.617730948     0.069675582
     2.550000000     0.897376052     1.571250018     0.068900835
     2.560000000     0.809101536     1.533344189     0.068372224
     2.570000000     0.715753045     1.506493852     0.068100638
     2.580000000     0.621404686     1.492206903     0.068066423
     2.590000000     0.529696813     1.490269560     0.068222172
     2.600000000     0.443658039     1.498720295     0.068498674
     2.610000000     0.365575649     1.514648278     0.068812953
     2.620000000     0.296925990     1.535233450     0.069077120
     2.630000000     0.238376759     1.558313805     0.069206798
     2.640000000     0.189864246     1.582411453     0.069128158
     2.650000000     0.150734540     1.606562563     0.068782941
     2.660000000     0.119924735     1.630186808     0.068131232
     2.670000000     0.096153428     1.652989911     0.067152020
     2.680000000     0.078091410     1.674864966     0.065841801
     2.690000000     0.064491945     1.695820605     0.064211636
     2.700000000     0.054271969     1.715948831     0.062283198
     2.710000000     0.046546902     1.735372593     0.060084495
     2.720000000     0.040629741     1.754144721     0.057645998
     2.730000000     0.036008454     1.772198910     0.054997851
     2.740000000     0.032314762     1.789421725     0.052168675
     2.750000000     0.029293664     1.805779817     0.049186078
     2.760000000     0.026778218     1.821381614     0.046078632
     2.770000000     0.024669811     1.836407805     0.042878602
     2.780000000     0.022921502     1.851004424     0.039624554
     2.790000000     0.021521378     1.865266697     0.036362851
     2.800000000     0.020474095     1.879266464     0.033147362
     2.810000000     0.019780983     1.893035681     0.030037069
     2.820000000     0.019421416     1.906542480     0.027091880
     2.830000000     0.019339560     1.919698964     0.024367404
     2.840000000     0.019440433     1.932371721     0.021909806
     2.850000000     0.019597437     1.944389446     0.019751819
     2.860000000     0.019670521     1.955590757     0.017910718
     2.870000000     0.019531010     1.965944111     0.016388491
     2.880000000     0.019086869     1.975677156     0.015173912
     2.890000000     0.018301770     1.985242918     0.014245733
     2.900000000     0.017202924     1.995070387     0.013576141
     2.910000000     0.015875805     2.005338485     0.013133705
     2.920000000     0.014447511     2.015980594     0.012885406
     2.930000000     0.013063341     2.026826251     0.012797758
     2.940000000     0.011862349     2.037713613     0.012837276
     2.950000000     0.010956970     2.048529467     0.012970703
     2.960000000     0.010419773     2.059208408     0.013165329
     2.970000000     0.010277958     2.069723312     0.013389602
     2.980000000     0.010514369     2.080075767     0.013614021
     2.990000000     0.011072942     2.090279216     0.013812198
     3.000000000     0.011866827     2.100333299     0.013961911
     3.010000000     0.012788257     2.110204003     0.014045959
     3.020000000     0.013720069     2.119819427     0.014052708
     3.030000000     0.014549075     2.129094510     0.013976232
     3.040000000     0.015181031     2.138003033     0.013816094
     3.050000000     0.015556178     2.146648940     0.013576807
     3.060000000     0.015663348     2.155240803     0.013267140
     3.070000000     0.015550159     2.163978236     0.012899408
     3.080000000     0.015326761     2.172975368     0.012488865
     3.090000000     0.015161074     2.182278074     0.012053222
     3.100000000     0.015264319     2.191913016     0.011612191
     3.110000000     0.015866695     2.201892622     0.011186895
     3.120000000     0.017184404     2.212183583     0.010798977
     3.130000000     0.019380984     2.222695409     0.010469359
     3.140000000     0.022527928     2.233291034     0.010216747
     3.150000000     0.026571627     2.243789850     0.010056131
     3.160000000     0.031314884     2.253957069     0.009997572
     3.170000000     0.036420726     2.263492762     0.010045529
     3.180000000     0.041443195     2.272033656     0.010198885
     3.190000000     0.045884318     2.279182029     0.010451685
     3.200000000     0.049269660     2.284635917     0.010794548
     3.210000000     0.051228745     2.288534043     0.011216635
     3.220000000     0.051563505     2.291781026     0.011707999
     3.230000000     0.050289226     2.295738984     0.012262045
     3.240000000     0.047638343     2.301397633     0.012877677
     3.250000000     0.044026158     2.308971072     0.013560596
     3.260000000     0.039986418     2.318163796     0.014323221
     3.270000000     0.036090949     2.328555069     0.015182911
     3.280000000     0.032869537     2.339770501     0.016158564
     3.290000000     0.030743938     2.351502993     0.017266144
     3.300000000     0.029984762     2.363504847     0.018514083
     3.310000000     0.030694109     2.375575359     0.019899698
     3.320000000     0.032811941     2.387523903     0.021407553
     3.330000000     0.036141273     2.399119805     0.023010301
     3.340000000     0.040386163     2.410084416     0.024671916
     3.350000000     0.045196514     2.420176094     0.026352696
     3.360000000     0.050214196     2.429346428     0.028015064
     3.370000000     0.055115542     2.437804280     0.029629148
     3.380000000     0.059645890     2.445850771     0.031177264
     3.390000000     0.063642726     2.453707310     0.032656761
     3.400000000     0.067045328     2.461584036     0.034080968
     3.410000000     0.069890432     2.469727316     0.035478233
     3.420000000     0.072295217     2.478249042     0.036889177
     3.430000000     0.074430434     2.487074852     0.038362430
     3.440000000     0.076487718     2.496150071     0.039949227
     3.450000000     0.078645864     2.505569066     0.041697457
     3.460000000     0.081041090     2.515440371     0.043645875
     3.470000000     0.083745884     2.525681024     0.045819306
     3.480000000     0.086759862     2.535970472     0.048225497
     3.490000000     0.090014040     2.545895112     0.050854050
     3.500000000     0.093387442     2.555174406     0.053677451
     3.510000000     0.096732519     2.563845546     0.056653900
     3.520000000     0.099904183     2.572258781     0.059731457
     3.530000000     0.102786848     2.580817705     0.062853011
     3.540000000     0.105314738     2.589706235     0.065961667
     3.550000000     0.107482490     2.598871959     0.069006267
     3.560000000     0.109345128     2.608208762     0.071946720
     3.570000000     0.111008230     2.617710460     0.074758669
     3.580000000     0.112610461     2.627507901     0.077436785
     3.590000000     0.114301617     2.637818914     0.079995874
     3.600000000     0.116219979     2.648801606     0.082469102
     3.610000000     0.118473224     2.660391924     0.084903111
     3.620000000     0.121126827     2.672294880     0.087350585
     3.630000000     0.124202724     2.684140328     0.089861582
     3.640000000     0.127688769     2.695670649     0.092475591
     3.650000000     0.131556858     2.706843853     0.095216303
     3.660000000     0.135785133     2.717825170     0.098090577
     3.670000000     0.140378467     2.728903727     0.101091965
     3.680000000     0.145381819     2.740347221     0.104207881
     3.690000000     0.150882890     2.752238889     0.107428336
     3.700000000     0.157003131     2.764435872     0.110753663
     3.710000000     0.163878723     2.776707947     0.114198893
     3.720000000     0.171634899     2.788919098     0.117793400
     3.730000000     0.180357851     2.801062176     0.121575824
     3.740000000     0.190068429     2.813114655     0.125585582
     3.750000000     0.200701340     2.824912353     0.129853152
     3.760000000     0.212092895     2.836200400     0.134391502
     3.770000000     0.223979621     2.846724776     0.139190530
     3.780000000     0.236009452     2.856222087     0.144215510
     3.790000000     0.247766671     2.864447087     0.149409453
     3.800000000     0.258811117     2.871388709     0.154698511
     3.810000000     0.268731000     2.877458418     0.159999010
     3.820000000     0.277206252     2.883241487     0.165224643
     3.830000000     0.284075431     2.888958215     0.170292552
     3.840000000     0.289393975     2.894326672     0.175127460
     3.850000000     0.293466967     2.899095942     0.179663536
     3.860000000     0.296838210     2.903750673     0.183844209
     3.870000000     0.300222315     2.909621044     0.187620657
     3.880000000     0.304378720     2.918158771     0.190950059
     3.890000000     0.309944393     2.929979646     0.193794795
     3.900000000     0.317259768     2.944403767     0.196123579
     3.910000000     0.326233323     2.959644041     0.197914861
     3.920000000     0.336287665     2.973305127     0.199161995
     3.930000000     0.346412533     2.983003788     0.199878794
     3.940000000     0.355321599     2.987199033     0.200103575
     3.950000000     0.361679883     2.986058175     0.199899823
     3.960000000     0.364347583     2.981745150     0.199352356
     3.970000000     0.362582276     2.977699462     0.198559082
     3.980000000     0.356155956     2.977183791     0.197619721
     3.990000000     0.345370377     2.981827706     0.196623847
     4.000000000     0.330983123     2.991105114     0.195640837
     4.010000000     0.314077070     3.003215092     0.194713765
     4.020000000     0.295911698     3.016675145     0.193858206
     4.030000000     0.277786613     3.031453568     0.193065592
     4.040000000     0.260932168     3.048775697     0.192309808
     4.050000000     0.246427339     3.069771438     0.191555254
     4.060000000     0.235137198     3.094396782     0.190764776
     4.070000000     0.227662895     3.121590364     0.189906505
     4.080000000     0.224303193     3.150012167     0.188959279
     4.090000000     0.225033260     3.178475158     0.187916835
     4.100000000     0.229509452     3.206036251     0.186791040
     4.110000000     0.237106627     3.232056943     0.185614195
     4.120000000     0.246988283     3.256289676     0.184440093
     4.130000000     0.258202486     3.278843481     0.183343247
     4.140000000     0.269790628     3.299975240     0.182415772
     4.150000000     0.280893412     3.319871966     0.181761740
     4.160000000     0.290838953     3.338660672     0.181489425
     4.170000000     0.299201150     3.356696812     0.181702397
     4.180000000     0.305821315     3.374794388     0.182490800
     4.190000000     0.310791899     3.393955878     0.183924160
     4.200000000     0.314406998     3.414822174     0.186046708
     4.210000000     0.317089540     3.437506895     0.188875593
     4.220000000     0.319308366     3.461817151     0.192401619
     4.230000000     0.321499239     3.487402856     0.196591527
     4.240000000     0.324001681     3.513830130     0.201390495
     4.250000000     0.327019249     3.540735769     0.206723611
     4.260000000     0.330605644     3.567951663     0.212495570
     4.270000000     0.334674408     3.595502401     0.218588582
     4.280000000     0.339027077     3.623522283     0.224859262
     4.290000000     0.343393498     3.652148308     0.231135833
     4.300000000     0.347478321     3.681394520     0.237217129
     4.310000000     0.351008344     3.711073738     0.242874655
     4.320000000     0.353776141     3.740985438     0.247858504
     4.330000000     0.355675974     3.771365764     0.251907338
     4.340000000     0.356728921     3.803067725     0.254762208
     4.350000000     0.357095500     3.837057210     0.256183617
     4.360000000     0.357075819     3.873709072     0.255970851
     4.370000000     0.357098648     3.912745975     0.253982208
     4.380000000     0.357701392     3.953758761     0.250154138
     4.390000000     0.359502476     3.996591874     0.244516746
     4.400000000     0.363166759     4.041436235     0.237202802
     4.410000000     0.369364030     4.088771454     0.228447587
     4.420000000     0.378721058     4.139012073     0.218577864
     4.430000000     0.391768874     4.192054717     0.207989857
     4.440000000     0.408888588     4.247142087     0.197118085
     4.450000000     0.430260521     4.303031810     0.186398741
     4.460000000     0.455822919     4.358515588     0.176232510
     4.470000000     0.485248492     4.413222752     0.166951972
     4.480000000     0.517949358     4.467847607     0.158797991
     4.490000000     0.553122298     4.523200406     0.151907912
     4.500000000     0.589843649     4.579049106     0.146316484
     4.510000000     0.627213798     4.634022950     0.141968442
     4.520000000     0.664534820     4.686513502     0.138740079
     4.530000000     0.701485247     4.735864940     0.136465934
     4.540000000     0.738241490     4.783353217     0.134966171
     4.550000000     0.775495652     4.832410598     0.134070277
     4.560000000     0.814340050     4.887362428     0.133633536
     4.570000000     0.856027621     4.950915033     0.133544276
     4.580000000     0.901663084     5.022544910     0.133721996
     4.590000000     0.951914797     5.099045045     0.134108633
     4.600000000     1.006845366     5.175930816     0.134656828
     4.610000000     1.065932230     5.248805003     0.135319627
     4.620000000     1.128293268     5.314926551     0.136045136
     4.630000000     1.193064909     5.374369067     0.136777748
     4.640000000     1.259825862     5.429914546     0.137465080
     4.650000000     1.328939593     5.486393896     0.138067807
     4.660000000     1.401712543     5.549726610     0.138568658
     4.670000000     1.480325815     5.624411788     0.138977399
     4.680000000     1.567574307     5.710564735     0.139330224
     4.690000000     1.666510599     5.803834455     0.139684025
     4.700000000     1.780116654     5.898799742     0.140107625
     4.710000000     1.911102731     5.992101837     0.140672774
     4.720000000     2.061866972     6.081775975     0.141447232
     4.730000000     2.234565242     6.164787753     0.142491056
     4.740000000     2.431173717     6.237968632     0.143855745
     4.750000000     2.653408213     6.301849695     0.145584800
     4.760000000     2.902410439     6.361498681     0.147714006
     4.770000000     3.178212183     6.422309627     0.150270211
     4.780000000     3.479108426     6.484273301     0.153268483
     4.790000000     3.801158940     6.539283290     0.156708526
     4.800000000     4.138050535     6.572392526     0.160571878
     4.810000000     4.481471400     6.565443261     0.164821240
     4.820000000     4.821996570     6.505044573     0.169402569
     4.830000000     5.150315043     6.393482942     0.174249492
     4.840000000     5.458511062     6.250654990     0.179288807
     4.850000000     5.741092483     6.101625079     0.184445597
     4.860000000     5.995544303     5.962488431     0.189646901
     4.870000000     6.222337429     5.835716284     0.194823759
     4.880000000     6.424478126     5.713773851     0.199912306
     4.890000000     6.606784068     5.586860391     0.204854982
     4.900000000     6.775092164     5.450435488     0.209602755
     4.910000000     6.935554534     5.308950727     0.214118478
     4.920000000     7.094102449     5.172611728     0.218380625
     4.930000000     7.256094908     5.048121851     0.222386045
     4.940000000     7.426138693     4.932581198     0.226150297
     4.950000000     7.608061778     4.816771289     0.229704759
     4.960000000     7.805015862     4.692868503     0.233090644
     4.970000000     8.019654886     4.556711088     0.236351092
     4.980000000     8.254285284     4.404188548     0.239523139
     4.990000000     8.510837690     4.231566983     0.242631524
     5.000000000     8.790509266     4.041552097     0.245685826
     5.010000000     9.093000991     3.843617981     0.248681617
     5.020000000     9.415422945     3.644459482     0.251605288
     5.030000000     9.751120432     3.438640303     0.254441285
     5.040000000    10.088813841     3.209061742     0.257179891
     5.050000000    10.412473923     2.935112109     0.259823484
     5.060000000    10.702232638     2.599097434     0.262389570
     5.070000000    10.936373976     2.189509605     0.264909670
     5.080000000    11.094131655     1.707025850     0.267424187
     5.090000000    11.158747173     1.169975110     0.269974384
     5.100000000    11.120111676     0.612146057     0.272593259
     5.110000000    10.976381637     0.074478825     0.275297239
     5.120000000    10.734205377    -0.407327265     0.278080241
     5.130000000    10.407544971    -0.815444436     0.280910905
     5.140000000    10.015413208    -1.152617544     0.283733117
     5.150000000     9.579066405    -1.432766475     0.286469414
     5.160000000     9.119247748    -1.669686106     0.289026646
     5.170000000     8.653971980    -1.871559770     0.291303304
     5.180000000     8.197140175    -2.040717930     0.293197913
     5.190000000     7.758051054    -2.177000230     0.294617796
     5.200000000     7.341696060    -2.282934118     0.295487383
     5.210000000     6.949618517    -2.366486241     0.295755034
     5.220000000     6.581078450    -2.438249149     0.295397514
     5.230000000     6.234272747    -2.505239360     0.294421531
     5.240000000     5.907394951    -2.566827140     0.292862337
     5.250000000     5.599371741    -2.616160170     0.290779846
     5.260000000     5.310184283    -2.645380314     0.288252978
     5.270000000     5.040771009    -2.649970989     0.285372983
     5.280000000     4.792601769    -2.630354264     0.282236279
     5.290000000     4.567087839    -2.591736849     0.278937254
     5.300000000     4.365022120    -2.543223030     0.275561489
     5.310000000     4.186214912    -2.495620562     0.272180052
     5.320000000     4.029410693    -2.456838939     0.268845668
     5.330000000     3.892469233    -2.427933027     0.265591541
     5.340000000     3.772708822    -2.404515697     0.262433208
     5.350000000     3.667271746    -2.381560202     0.259373158
     5.360000000     3.573392881    -2.355743592     0.256407200
     5.370000000     3.488516783    -2.325666403     0.253531059
     5.380000000     3.410285166    -2.293156394     0.250745570
     5.390000000     3.336471166    -2.263824889     0.248059232
     5.400000000     3.264948202    -2.243993588     0.245487672
     5.410000000     3.193749445    -2.235829864     0.243050469
     5.420000000     3.121217469    -2.235556803     0.240766584
     5.430000000     3.046189739    -2.236779097     0.238650010
     5.440000000     2.968137301    -2.235063650     0.236707182
     5.450000000     2.887181581    -2.229270634     0.234937041
     5.460000000     2.803952848    -2.220061652     0.233333781
     5.470000000     2.719308205    -2.208066491     0.231891316
     5.480000000     2.633978067    -2.193101124     0.230607877
     5.490000000     2.548241612    -2.174766728     0.229488980
     5.500000000     2.461734115    -2.153692504     0.228547534
     5.510000000     2.373460201    -2.132272326     0.227800818
     5.520000000     2.282033171    -2.114501862     0.227265220
     5.530000000     2.186094790    -2.104188500     0.226950588
     5.540000000     2.084810921    -2.101110462     0.226856381
     5.550000000     1.978305584    -2.098755010     0.226971421
     5.560000000     1.867902919    -2.087883197     0.227277997
     5.570000000     1.756094841    -2.062171276     0.227759644
     5.580000000     1.646228713    -2.019883082     0.228410656
     5.590000000     1.541989857    -1.962785880     0.229244555
     5.600000000     1.446810754    -1.895329876     0.230298769
     5.610000000     1.363353496    -1.823676029     0.231633528
     5.620000000     1.293180671    -1.753788295     0.233324285
     5.630000000     1.236665798    -1.689344282     0.235448489
     5.640000000     1.193121804    -1.630771350     0.238068699
     5.650000000     1.161069857    -1.576281794     0.241214766
     5.660000000     1.138547741    -1.524083633     0.244867803
     5.670000000     1.123369853    -1.473782704     0.248948267
     5.680000000     1.113290028    -1.426378745     0.253309760
     5.690000000     1.106066701    -1.383277176     0.257739488
     5.700000000     1.099469890    -1.344934776     0.261965841
     5.710000000     1.091288826    -1.310604876     0.265673164
     5.720000000     1.079393514    -1.279800974     0.268523385
     5.730000000     1.061877062    -1.253553498     0.270183482
     5.740000000     1.037268144    -1.233424638     0.270356753
     5.750000000     1.004767569    -1.218962146     0.268814679
     5.760000000     0.964441702    -1.206277641     0.265425182
     5.770000000     0.917306243    -1.189521549     0.260172723
     5.780000000     0.865257246    -1.163985344     0.253166352
     5.790000000     0.810845120    -1.127995820     0.244633548
     5.800000000     0.756929279    -1.082799969     0.234900077
     5.810000000     0.706282648    -1.031377392     0.224358768
     5.820000000     0.661226845    -0.976805521     0.213432134
     5.830000000     0.623368283    -0.921035630     0.202534791
     5.840000000     0.593477617    -0.865023938     0.192041286
     5.850000000     0.571519472    -0.809762797     0.182263428
     5.860000000     0.556806610    -0.756649431     0.173438994
     5.870000000     0.548230313    -0.706819811     0.165731349
     5.880000000     0.544510450    -0.660629088     0.159237668
     5.890000000     0.544414289    -0.617652201     0.154002503
     5.900000000     0.546909255    -0.576604017     0.150033284
     5.910000000     0.551236694    -0.535705274     0.147315005
     5.920000000     0.556915166    -0.493937880     0.145822193
     5.930000000     0.563697160    -0.451757672     0.145527181
     5.940000000     0.571508319    -0.410500525     0.146404363
     5.950000000     0.580392479    -0.371464352     0.148430566
     5.960000000     0.590472249    -0.335252739     0.151582002
     5.970000000     0.601920102    -0.301401201     0.155828592
     5.980000000     0.614925941    -0.268530572     0.161126797
     5.990000000     0.629648638    -0.235066135     0.167412393
     6.000000000     0.646150619    -0.200186515     0.174594683
     6.010000000     0.664330731    -0.164410672     0.182553465
     6.020000000     0.683883223    -0.129433149     0.191139525
     6.030000000     0.704312637    -0.097385755     0.200178814
     6.040000000     0.725023177    -0.069843828     0.209479831
     6.050000000     0.745480007    -0.046970884     0.218843327
     6.060000000     0.765416486    -0.027356696     0.228073286
     6.070000000     0.785043889    -0.008709053     0.236988163
     6.080000000     0.805214196     0.011112236     0.245431433
     6.090000000     0.827492716     0.033423014     0.253280493
     6.100000000     0.854111783     0.058618381     0.260452951
     6.110000000     0.887793970     0.086395719     0.266909248
     6.120000000     0.931448945     0.115971013     0.272650776
     6.130000000     0.987761355     0.146222126     0.277713080
     6.140000000     1.058700427     0.175779985     0.282154601
     6.150000000     1.144998809     0.202769225     0.286042410
     6.160000000     1.245669535     0.224293046     0.289437322
     6.170000000     1.357652041     0.236494478     0.292381225
     6.180000000     1.475691135     0.235276191     0.294889258
     6.190000000     1.592544586     0.216697155     0.296948513
     6.200000000     1.699575505     0.176966488     0.298523496
     6.210000000     1.787714142     0.113054955     0.299567054
     6.220000000     1.848681995     0.024132481     0.300034310
     6.230000000     1.876283675    -0.086400651     0.299896660
     6.240000000     1.867518621    -0.208633871     0.299153112
     6.250000000     1.823269819    -0.326365543     0.297837027
     6.260000000     1.748397901    -0.422211009     0.296017368
     6.270000000     1.651191377    -0.484700149     0.293794579
     6.280000000     1.542263490    -0.511933779     0.291292017
     6.290000000     1.433101866    -0.509828722     0.288644414
     6.300000000     1.334536318    -0.487563873     0.285985203
     6.310000000     1.255380862    -0.453907379     0.283434664
     6.320000000     1.201440740    -0.415859370     0.281090785
     6.330000000     1.174982914    -0.378804301     0.279024392
     6.340000000     1.174680979    -0.346962956     0.277279368
     6.350000000     1.195983738    -0.323809561     0.275877825
     6.360000000     1.231824519    -0.312779963     0.274828916
     6.370000000     1.273575285    -0.317918702     0.274139041
     6.380000000     1.312140662    -0.343157491     0.273820657
     6.390000000     1.339073802    -0.389878962     0.273897105
     6.400000000     1.347581717    -0.454405986     0.274401773
     6.410000000     1.333285394    -0.527436266     0.275371345
     6.420000000     1.294623139    -0.596593439     0.276834524
     6.430000000     1.232839324    -0.651427086     0.278798923
     6.440000000     1.151576103    -0.687276554     0.281239496
     6.450000000     1.056162490    -0.704821287     0.284091763
     6.460000000     0.952750132    -0.706866641     0.287252081
     6.470000000     0.847461877    -0.696184694     0.290585726
     6.480000000     0.745694974    -0.675343303     0.293941814
     6.490000000     0.651666420    -0.646840231     0.297172511
     6.500000000     0.568222664    -0.612897065     0.300152891
     6.510000000     0.496879013    -0.575349017     0.302797409
     6.520000000     0.438018575    -0.535717429     0.305069363
     6.530000000     0.391170241    -0.495288641     0.306981027
     6.540000000     0.355295766    -0.455038072     0.308584049
     6.550000000     0.329038828    -0.415499914     0.309952068
     6.560000000     0.310914645    -0.376824532     0.311159601
     6.570000000     0.299440158    -0.339060614     0.312262546
     6.580000000     0.293217719    -0.302511154     0.313285532
     6.590000000     0.290989045    -0.267879843     0.314219686
     6.600000000     0.291672582    -0.235961039     0.315031440
     6.610000000     0.294390070    -0.207026883     0.315679646
     6.620000000     0.298481137    -0.180450738     0.316135681
     6.630000000     0.303501553    -0.154991444     0.316400230
     6.640000000     0.309202612    -0.129549466     0.316511576
     6.650000000     0.315494837    -0.103740012     0.316543029
     6.660000000     0.322405479    -0.077940549     0.316590576
     6.670000000     0.330042521    -0.053036862     0.316754720
     6.680000000     0.338575478    -0.029931610     0.317121757
     6.690000000     0.348235419    -0.008844158     0.317749133
     6.700000000     0.359325794     0.010873734     0.318657495
     6.710000000     0.372226166     0.030039703     0.319829561
     6.720000000     0.387367076     0.048986781     0.321213995
     6.730000000     0.405158764     0.067626160     0.322731764
     6.740000000     0.425869638     0.085742434     0.324282913
     6.750000000     0.449469721     0.103033721     0.325752959
     6.760000000     0.475474631     0.119049147     0.327019226
     6.770000000     0.502840039     0.133171275     0.327957959
     6.780000000     0.529958157     0.144393722     0.328452621
     6.790000000     0.554792098     0.150896901     0.328402778
     6.800000000     0.575151588     0.150138839     0.327731944
     6.810000000     0.589071578     0.140227388     0.326392346
     6.820000000     0.595216381     0.122202366     0.324365079
     6.830000000     0.593210185     0.101211884     0.321655464
     6.840000000     0.583800611     0.084545081     0.318285038
     6.850000000     0.568796809     0.077610701     0.314282802
     6.860000000     0.550778894     0.081672379     0.309678600
     6.870000000     0.532634878     0.094748617     0.304500683
     6.880000000     0.517026710     0.113615466     0.298777927
     6.890000000     0.505905474     0.135061627     0.292545463
     6.900000000     0.500183002     0.156249056     0.285851379
     6.910000000     0.499628285     0.174809642     0.278761988
     6.920000000     0.503003704     0.189030139     0.271363969
     6.930000000     0.508401867     0.197932516     0.263762989
     6.940000000     0.513700869     0.201023535     0.256079661
     6.950000000     0.517032733     0.198418081     0.248444328
     6.960000000     0.517160774     0.192090732     0.240992041
     6.970000000     0.513686297     0.186570555     0.233858325
     6.980000000     0.507047901     0.186807990     0.227175495
     6.990000000     0.498327887     0.195027320     0.221068662
     7.000000000     0.488926883     0.210075328     0.215650695
     7.010000000     0.480197571     0.229034950     0.211015978
     7.020000000     0.473133056     0.248804051     0.207233766
     7.030000000     0.468184456     0.266935105     0.204342554
     7.040000000     0.465242683     0.282195313     0.202347017
     7.050000000     0.463773741     0.294605970     0.201218390
     7.060000000     0.463058433     0.304768370     0.200898117
     7.070000000     0.462465981     0.313576461     0.201303437
     7.080000000     0.461690182     0.322604967     0.202333019
     7.090000000     0.460893338     0.333762188     0.203870942
     7.100000000     0.460730250     0.348145282     0.205788299
     7.110000000     0.462253669     0.365715513     0.207943057
     7.120000000     0.466727054     0.386014288     0.210179991
     7.130000000     0.475386537     0.408654015     0.212332931
     7.140000000     0.489200617     0.433059215     0.214231075
     7.150000000     0.508674171     0.458071803     0.215709735
     7.160000000     0.533734427     0.481961948     0.216624252
     7.170000000     0.563722118     0.502817219     0.216864346
     7.180000000     0.597492755     0.519086360     0.216365682
     7.190000000     0.633612906     0.529963096     0.215115860
     7.200000000     0.670617465     0.535387494     0.213153458
     7.210000000     0.707279664     0.535990998     0.210560522
     7.220000000     0.742839647     0.533296220     0.207450411
     7.230000000     0.777142181     0.529493885     0.203953719
     7.240000000     0.810649975     0.526423165     0.200204864
     7.250000000     0.844323996     0.524953017     0.196331049
     7.260000000     0.879391356     0.525373813     0.192444156
     7.270000000     0.917048431     0.527654181     0.188635133
     7.280000000     0.958164850     0.530952990     0.184970086
     7.290000000     1.003057264     0.533314581     0.181487515
     7.300000000     1.051387909     0.532078733     0.178196789
     7.310000000     1.102214065     0.524377245     0.175078612
     7.320000000     1.154177579     0.507852534     0.172088475
     7.330000000     1.205788809     0.482192145     0.169163738
     7.340000000     1.255736835     0.449966559     0.166234106
     7.350000000     1.303153957     0.414982276     0.163234188
     7.360000000     1.347777016     0.379780983     0.160115993
     7.370000000     1.389974454     0.345186622     0.156858942
     7.380000000     1.430636051     0.311304414     0.153475385
     7.390000000     1.470943652     0.277488980     0.150010600
     7.400000000     1.512053110     0.241778842     0.146537408
     7.410000000     1.554724114     0.201848385     0.143146627
     7.420000000     1.598942609     0.157210857     0.139935238
     7.430000000     1.643594358     0.109918295     0.136994371
     7.440000000     1.686264219     0.061848402     0.134398999
     7.450000000     1.723241970     0.011158713     0.132200811
     7.460000000     1.749797419    -0.048220393     0.130425173
     7.470000000     1.760737483    -0.123644406     0.129072459
     7.480000000     1.751182817    -0.218946493     0.128123391
     7.490000000     1.717424351    -0.330337786     0.127547352
     7.500000000     1.657671215    -0.446112579     0.127311993
     7.510000000     1.572505764    -0.551048464     0.127392047
     7.520000000     1.464924645    -0.633163369     0.127775217
     7.530000000     1.339949348    -0.688317250     0.128463445
     7.540000000     1.203900617    -0.719646443     0.129468866
     7.550000000     1.063510840    -0.733354749     0.130804972
     7.560000000     0.925072542    -0.734661237     0.132474779
     7.570000000     0.793786886    -0.726470455     0.134458662
     7.580000000     0.673401981    -0.710476438     0.136704768
     7.590000000     0.566146327    -0.688358427     0.139124476
     7.600000000     0.472895253    -0.661852182     0.141594335
     7.610000000     0.393473728    -0.632418376     0.143964555
     7.620000000     0.326998521    -0.601156032     0.146072788
     7.630000000     0.272186545    -0.568857441     0.147760842
     7.640000000     0.227589858    -0.536105152     0.148891487
     7.650000000     0.191748730    -0.503408736     0.149362550
     7.660000000     0.163275211    -0.471263428     0.149116219
     7.670000000     0.140889164    -0.440109929     0.148142570
     7.680000000     0.123428937    -0.410291765     0.146477582
     7.690000000     0.109853510    -0.382052915     0.144196915
     7.700000000     0.099245564    -0.355543869     0.141407246
     7.710000000     0.090818057    -0.330801620     0.138236821
     7.720000000     0.083922056    -0.307702232     0.134826301
     7.730000000     0.078051285    -0.285941815     0.131320202
     7.740000000     0.072839107    -0.265127880     0.127858678
     7.750000000     0.068045664    -0.244953007     0.124569283
     7.760000000     0.063535837    -0.225301597     0.121558722
     7.770000000     0.059251327    -0.206190557     0.118905132
     7.780000000     0.055181719    -0.187643590     0.116651918
     7.790000000     0.051339387    -0.169665289     0.114804260
     7.800000000     0.047741695    -0.152288462     0.113329119
     7.810000000     0.044401705    -0.135555246     0.112159046
     7.820000000     0.041326365    -0.119432001     0.111199507
     7.830000000     0.038519514    -0.103791807     0.110339063
     7.840000000     0.035986519    -0.088509883     0.109461450
     7.850000000     0.033737790    -0.073541733     0.108458422
     7.860000000     0.031789564    -0.058893915     0.107242005
     7.870000000     0.030161620    -0.044567372     0.105754569
     7.880000000     0.028872692    -0.030558637     0.103975046
     7.890000000     0.027934846    -0.016889778     0.101919830
     7.900000000     0.027348186    -0.003601503     0.099637660
     7.910000000     0.027096864     0.009284418     0.097198916
     7.920000000     0.027146944     0.021767477     0.094681096
     7.930000000     0.027446169     0.033828368     0.092153316
     7.940000000     0.027925494     0.045420328     0.089663153
     7.950000000     0.028502141     0.056521160     0.087228720
     7.960000000     0.029084047     0.067174682     0.084837676
     7.970000000     0.029575672     0.077446671     0.082453128
     7.980000000     0.029885093     0.087354309     0.080024712
     7.990000000     0.029932084     0.096880376     0.077501913
     8.000000000     0.029656481     0.106038937     0.074846343
     8.010000000     0.029025626     0.114901714     0.072040269
     8.020000000     0.028039425     0.123586847     0.069089881
     8.030000000     0.026731621     0.132239449     0.066023312
     8.040000000     0.025166451     0.141001566     0.062884641
     8.050000000     0.023430799     0.149968589     0.059725874
     8.060000000     0.021623014     0.159159052     0.056598974
     8.070000000     0.019840391     0.168521900     0.053549568
     8.080000000     0.018167602     0.177967137     0.050613209
     8.090000000     0.016668067     0.187401546     0.047814298
     8.100000000     0.015379418     0.196767838     0.045167156
     8.110000000     0.014313249     0.206062909     0.042678338
     8.120000000     0.013458380     0.215305090     0.040349246
     8.130000000     0.012786393     0.224489947     0.038178211
     8.140000000     0.012258057     0.233591708     0.036161579
     8.150000000     0.011829507     0.242595872     0.034293737
     8.160000000     0.011457466     0.251517177     0.032566415
     8.170000000     0.011103209     0.260389511     0.030967829
     8.180000000     0.010735274     0.269246193     0.029482309
     8.190000000     0.010331065     0.278107120     0.028090847
     8.200000000     0.009877521     0.286984122     0.026772665
     8.210000000     0.009370979     0.295898287     0.025507519
     8.220000000     0.008816301     0.304885405     0.024278152
     8.230000000     0.008225360     0.313986559     0.023072200
     8.240000000     0.007614968     0.323234938     0.021883014
     8.250000000     0.007004451     0.332647224     0.020709149
     8.260000000     0.006413108     0.342227720     0.019552693
     8.270000000     0.005857849     0.351980201     0.018416928
     8.280000000     0.005351297     0.361914942     0.017304007
     8.290000000     0.004900559     0.372046587     0.016213310
     8.300000000     0.004506780     0.382388130     0.015140903
     8.310000000     0.004165480     0.392951799     0.014080225
     8.320000000     0.003867590     0.403757667     0.013023787
     8.330000000     0.003601011     0.414837948     0.011965410
     8.340000000     0.003352523     0.426231709     0.010902423
     8.350000000     0.003109821     0.437979490     0.009837284
     8.360000000     0.002863522     0.450125347     0.008778192
     8.370000000     0.002609102     0.462723088     0.007738544
     8.380000000     0.002349002     0.475843015     0.006735293
     8.390000000     0.002095664     0.489572312     0.005786547
     8.400000000     0.001877136     0.504002572     0.004908907
     8.410000000     0.001748194     0.519218066     0.004115111
     8.420000000     0.001811579     0.535299351     0.003412479
     8.430000000     0.002255791     0.552335047     0.002802456
     8.440000000     0.003416983     0.570430218     0.002281257
     8.450000000     0.005871791     0.589708691     0.001841344
     8.460000000     0.010563224     0.610310613     0.001473278
     8.470000000     0.018951124     0.632386868     0.001167469
     8.480000000     0.033160965     0.656090732     0.000915438
     8.490000000     0.056081407     0.681563547     0.000710421
     8.500000000     0.091338055     0.708907310     0.000547360
     8.510000000     0.143059139     0.738132944     0.000422466
     8.520000000     0.215362504     0.769065192     0.000332585
     8.530000000     0.311543993     0.801170590     0.000274584
     8.540000000     0.433036680     0.833251126     0.000244866
     8.550000000     0.578322421     0.862912849     0.000239079
     8.560000000     0.742076576     0.885692241     0.000252023
     8.570000000     0.914866873     0.893782139     0.000277748
     8.580000000     1.083668180     0.874689982     0.000309844
     8.590000000     1.233284939     0.811381973     0.000341889
     8.600000000     1.348524905     0.687584447     0.000368039
     8.610000000     1.416716128     0.501492086     0.000383636
     8.620000000     1.429996497     0.280096971     0.000385724
     8.630000000     1.386804855     0.072247223     0.000373348
     8.640000000     1.292182828    -0.082076912     0.000347538
     8.650000000     1.156806721    -0.172272181     0.000310978
     8.660000000     0.995006378    -0.210007440     0.000267418
     8.670000000     0.822278904    -0.213113901     0.000220970
     8.680000000     0.652890957    -0.196424701     0.000175440
     8.690000000     0.498069994    -0.169798598     0.000133834
     8.700000000     0.365063427    -0.139080669     0.000098093
     8.710000000     0.257083671    -0.107497436     0.000069078
     8.720000000     0.173943771    -0.076721489     0.000046738
     8.730000000     0.113076274    -0.047547847     0.000030383
     8.740000000     0.070625628    -0.020291733     0.000018977
     8.750000000     0.042381993     0.004985845     0.000011388
     8.760000000     0.024435917     0.028352590     0.000006566
     8.770000000     0.013536430     0.049936033     0.000003637
     8.780000000     0.007204566     0.069886320     0.000001936
     8.790000000     0.003684171     0.088356607     0.000000990
     8.800000000     0.001810089     0.105493225     0.000000486
     8.810000000     0.000854453     0.121431199     0.000000230
     8.820000000     0.000387530     0.136292676     0.000000104
     8.830000000     0.000168869     0.150186892     0.000000045
     8.840000000     0.000070701     0.163210883     0.000000019
     8.850000000     0.000028440     0.175450550     0.000000008
     8.860000000     0.000010991     0.186981815     0.000000003
     8.870000000     0.000004081     0.197871769     0.000000001
     8.880000000     0.000001456     0.208179737     0.000000000
     8.890000000     0.000000499     0.217958247     0.000000000
     8.900000000     0.000000164     0.227253883     0.000000000
     8.910000000     0.000000052     0.236108044     0.000000000
     8.920000000     0.000000016     0.244557597     0.000000000
     8.930000000     0.000000005     0.252635446     0.000000000
     8.940000000     0.000000001     0.260371027     0.000000000
     8.950000000     0.000000000     0.267790735     0.000000000
     8.960000000     0.000000000     0.274918292     0.000000000
     8.970000000     0.000000000     0.281775067     0.000000000
     8.980000000     0.000000000     0.288380356     0.000000000
     8.990000000     0.000000000     0.294751616     0.000000000
     9.000000000     0.000000000     0.300904679     0.000000000
     9.010000000     0.000000000     0.306853933     0.000000000
     9.020000000     0.000000000     0.312612479     0.000000000
     9.030000000     0.000000000     0.318192274     0.000000000
     9.040000000     0.000000000     0.323604247     0.000000000
     9.050000000     0.000000000     0.328858410     0.000000000
     9.060000000     0.000000000     0.333963950     0.000000000
     9.070000000     0.000000000     0.338929313     0.000000000
     9.080000000     0.000000000     0.343762278     0.000000000
     9.090000000     0.000000000     0.348470017     0.000000000
     9.100000000     0.000000000     0.353059160     0.000000000
     9.110000000     0.000000000     0.357535842     0.000000000
     9.120000000     0.000000000     0.361905747     0.000000000
     9.130000000     0.000000000     0.366174151     0.000000000
     9.140000000     0.000000000     0.370345960     0.000000000
     9.150000000     0.000000000     0.374425738     0.000000000
     9.160000000     0.000000000     0.378417740     0.000000000
     9.170000000     0.000000000     0.382325938     0.000000000
     9.180000000     0.000000000     0.386154042     0.000000000
     9.190000000     0.000000000     0.389905524     0.000000000
     9.200000000     0.000000000     0.393583637     0.000000000
     9.210000000     0.000000000     0.397191430     0.000000000
     9.220000000     0.000000000     0.400731767     0.000000000
     9.230000000     0.000000000     0.404207341     0.000000000
     9.240000000     0.000000000     0.407620683     0.000000000
     9.250000000     0.000000000     0.410974179     0.000000000
     9.260000000     0.000000000     0.414270080     0.000000000
     9.270000000     0.000000000     0.417510508     0.000000000
     9.280000000     0.000000000     0.420697469     0.000000000
     9.290000000     0.000000000     0.423832859     0.000000000
     9.300000000     0.000000000     0.426918474     0.000000000
     9.310000000     0.000000000     0.429956015     0.000000000
     9.320000000     0.000000000     0.432947095     0.000000000
     9.330000000     0.000000000     0.435893242     0.000000000
     9.340000000     0.000000000     0.438795912     0.000000000
     9.350000000     0.000000000     0.441656486     0.000000000
     9.360000000     0.000000000     0.444476277     0.000000000
     9.370000000     0.000000000     0.447256537     0.000000000
     9.380000000     0.000000000     0.449998458     0.000000000
     9.390000000     0.000000000     0.452703177     0.000000000
     9.400000000     0.000000000     0.455371778     0.000000000
     9.410000000     0.000000000     0.458005298     0.000000000
     9.420000000     0.000000000     0.460604725     0.000000000
     9.430000000     0.000000000     0.463171006     0.000000000
     9.440000000     0.000000000     0.465705046     0.000000000
     9.450000000     0.000000000     0.468207712     0.000000000
     9.460000000     0.000000000     0.470679835     0.000000000
     9.470000000     0.000000000     0.473122212     0.000000000
     9.480000000     0.000000000     0.475535607     0.000000001
     9.490000000     0.000000001     0.477920753     0.000000002
     9.500000000     0.000000001     0.480278355     0.000000006
     9.510000000     0.000000004     0.482609092     0.000000015
     9.520000000     0.000000009     0.484913616     0.000000037
     9.530000000     0.000000020     0.487192554     0.000000085
     9.540000000     0.000000044     0.489446511     0.000000189
     9.550000000     0.000000094     0.491676071     0.000000405
     9.560000000     0.000000193     0.493881797     0.000000832
     9.570000000     0.000000382     0.496064232     0.000001643
     9.580000000     0.000000724     0.498223901     0.000003118
     9.590000000     0.000001321     0.500361311     0.000005685
     9.600000000     0.000002314     0.502476952     0.000009959
     9.610000000     0.000003895     0.504571295     0.000016763
     9.620000000     0.000006299     0.506644795     0.000027108
     9.630000000     0.000009787     0.508697882     0.000042120
     9.640000000     0.000014610     0.510730960     0.000062878
     9.650000000     0.000020955     0.512744393     0.000090186
     9.660000000     0.000028877     0.514738484     0.000124283
     9.670000000     0.000038235     0.516713440     0.000164554
     9.680000000     0.000048639     0.518669311     0.000209332
     9.690000000     0.000059448     0.520605907     0.000255853
     9.700000000     0.000069811     0.522522724     0.000300451
     9.710000000     0.000078765     0.524418998     0.000338989
     9.720000000     0.000085383     0.526294141     0.000367473
     9.730000000     0.000088928     0.528148689     0.000382730
     9.740000000     0.000088989     0.529985033     0.000382992
     9.750000000     0.000085558     0.531806578     0.000368225
     9.760000000     0.000079034     0.533615754     0.000340147
     9.770000000     0.000070145     0.535413121     0.000301889
     9.780000000     0.000059814     0.537198060     0.000257428
     9.790000000     0.000049005     0.538969732     0.000210908
     9.800000000     0.000038575     0.540727533     0.000166019
     9.810000000     0.000029174     0.542471158     0.000125560
     9.820000000     0.000021199     0.544200527     0.000091238
     9.830000000     0.000014800     0.545915699     0.000063698
     9.840000000     0.000009928     0.547616813     0.000042727
     9.850000000     0.000006398     0.549304051     0.000027537
     9.860000000     0.000003962     0.550977614     0.000017051
     9.870000000     0.000002357     0.552637714     0.000010144
     9.880000000     0.000001347     0.554284562     0.000005798
     9.890000000     0.000000740     0.555918366     0.000003184
     9.900000000     0.000000390     0.557539333     0.000001680
     9.910000000     0.000000198     0.559147663     0.000000852
     9.920000000     0.000000096     0.560743552     0.000000415
     9.930000000     0.000000045     0.562327189     0.000000194
     9.940000000     0.000000020     0.563898760     0.000000087
     9.950000000     0.000000009     0.565458445     0.000000038
     9.960000000     0.000000004     0.567006420     0.000000016
     9.970000000     0.000000001     0.568542853     0.000000006
     9.980000000     0.000000001     0.570067912     0.000000002
     9.990000000     0.000000000     0.571581759     0.000000001
    10.000000000     0.000000000     0.573084551     0.000000000
    10.010000000     0.000000000     0.574576441     0.000000000
    10.020000000     0.000000000     0.576057582     0.000000000
    10.030000000     0.000000000     0.577528118     0.000000000
    10.040000000     0.000000000     0.578988193     0.000000000
    10.050000000     0.000000000     0.580437947     0.000000000
    10.060000000     0.000000000     0.581877517     0.000000000
    10.070000000     0.000000000     0.583307037     0.000000000
    10.080000000     0.000000000     0.584726637     0.000000000
    10.090000000     0.000000000     0.586136445     0.000000000
    10.100000000     0.000000000     0.587536585     0.000000000
    10.110000000     0.000000000     0.588927182     0.000000000
    10.120000000     0.000000000     0.590308354     0.000000000
    10.130000000     0.000000000     0.591680219     0.000000000
    10.140000000     0.000000000     0.593042892     0.000000000
    10.150000000     0.000000000     0.594396486     0.000000000
    10.160000000     0.000000000     0.595741110     0.000000000
    10.170000000     0.000000000     0.597076874     0.000000000
    10.180000000     0.000000000     0.598403883     0.000000000
    10.190000000     0.000000000     0.599722241     0.000000000
    10.200000000     0.000000000     0.601032050     0.000000000
    10.210000000     0.000000000     0.602333410     0.000000000
    10.220000000     0.000000000     0.603626420     0.000000000
    10.230000000     0.000000000     0.604911175     0.000000000
    10.240000000     0.000000000     0.606187770     0.000000000
    10.250000000     0.000000000     0.607456297     0.000000000
    10.260000000     0.000000000     0.608716849     0.000000000
    10.270000000     0.000000000     0.609969513     0.000000000
    10.280000000     0.000000000     0.611214378     0.000000000
    10.290000000     0.000000000     0.612451530     0.000000000
    10.300000000     0.000000000     0.613681054     0.000000000
    10.310000000     0.000000000     0.614903032     0.000000000
    10.320000000     0.000000000     0.616117547     0.000000000
    10.330000000     0.000000000     0.617324678     0.000000000
    10.340000000     0.000000000     0.618524505     0.000000000
    10.350000000     0.000000000     0.619717106     0.000000000
    10.360000000     0.000000000     0.620902555     0.000000000
    10.370000000     0.000000000     0.622080929     0.000000000
    10.380000000     0.000000000     0.623252301     0.000000000
    10.390000000     0.000000000     0.624416743     0.000000000
    10.400000000     0.000000000     0.625574328     0.000000000
    10.410000000     0.000000000     0.626725124     0.000000000
    10.420000000     0.000000000     0.627869201     0.000000000
    10.430000000     0.000000000     0.629006627     0.000000000
    10.440000000     0.000000000     0.630137468     0.000000000
    10.450000000     0.000000000     0.631261791     0.000000000
    10.460000000     0.000000000     0.632379660     0.000000000
    10.470000000     0.000000000     0.633491138     0.000000000
    10.480000000     0.000000000     0.634596289     0.000000000
    10.490000000     0.000000000     0.635695174     0.000000000
    10.500000000     0.000000000     0.636787854     0.000000000
    10.510000000     0.000000000     0.637874388     0.000000000
    10.520000000     0.000000000     0.638954836     0.000000000
    10.530000000     0.000000000     0.640029256     0.000000000
    10.540000000     0.000000000     0.641097705     0.000000000
    10.550000000     0.000000000     0.642160239     0.000000000
    10.560000000     0.000000000     0.643216913     0.000000000
    10.570000000     0.000000000     0.644267783     0.000000000
    10.580000000     0.000000000     0.645312903     0.000000000
    10.590000000     0.000000000     0.646352325     0.000000000
    10.600000000     0.000000000     0.647386101     0.000000000
    10.610000000     0.000000000     0.648414284     0.000000000
    10.620000000     0.000000000     0.649436924     0.000000000
    10.630000000     0.000000000     0.650454072     0.000000000
    10.640000000     0.000000000     0.651465776     0.000000000
    10.650000000     0.000000000     0.652472086     0.000000000
    10.660000000     0.000000000     0.653473050     0.000000000
    10.670000000     0.000000000     0.654468715     0.000000000
    10.680000000     0.000000000     0.655459127     0.000000000
    10.690000000     0.000000000     0.656444334     0.000000000
    10.700000000     0.000000000     0.657424380     0.000000000
    10.710000000     0.000000000     0.658399311     0.000000000
    10.720000000     0.000000000     0.659369170     0.000000000
    10.730000000     0.000000000     0.660334002     0.000000000
    10.740000000     0.000000000     0.661293849     0.000000000
    10.750000000     0.000000000     0.662248754     0.000000000
    10.760000000     0.000000000     0.663198759     0.000000000
    10.770000000     0.000000000     0.664143906     0.000000000
    10.780000000     0.000000000     0.665084235     0.000000000
    10.790000000     0.000000000     0.666019787     0.000000000
    10.800000000     0.000000000     0.666950601     0.000000000
    10.810000000     0.000000000     0.667876718     0.000000000
    10.820000000     0.000000000     0.668798175     0.000000000
    10.830000000     0.000000000     0.669715012     0.000000000
    10.840000000     0.000000000     0.670627265     0.000000000
    10.850000000     0.000000000     0.671534974     0.000000000
    10.860000000     0.000000000     0.672438173     0.000000000
    10.870000000     0.000000000     0.673336901     0.000000000
    10.880000000     0.000000000     0.674231193     0.000000000
    10.890000000     0.000000000     0.675121084     0.000000000
    10.900000000     0.000000000     0.676006610     0.000000000
    10.910000000     0.000000000     0.676887806     0.000000000
    10.920000000     0.000000000     0.677764706     0.000000000
    10.930000000     0.000000000     0.678637343     0.000000000
    10.940000000     0.000000000     0.679505752     0.000000000
    10.950000000     0.000000000     0.680369965     0.000000000
    10.960000000     0.000000000     0.681230015     0.000000000
    10.970000000     0.000000000     0.682085935     0.000000000
    10.980000000     0.000000000     0.682937756     0.000000000
    10.990000000     0.000000000     0.683785510     0.000000000
    11.000000000     0.000000000     0.684629228     0.000000000
