 # Column 1: omega
 # Column 2: eps2(omega)
 # Column 3: eps1(omega)
 # Column 4: JDOS(omega)
     0.000000000     0.000000000     2.400238597     0.000000000
     0.010000000     0.000000000     2.400255415     0.000000000
     0.020000000     0.000000000     2.400305872     0.000000000
     0.030000000     0.000000000     2.400389984     0.000000000
     0.040000000     0.000000000     2.400507772     0.000000000
     0.050000000     0.000000000     2.400659272     0.000000000
     0.060000000     0.000000000     2.400844523     0.000000000
     0.070000000     0.000000000     2.401063580     0.000000000
     0.080000000     0.000000000     2.401316503     0.000000000
     0.090000000     0.000000000     2.401603363     0.000000000
     0.100000000     0.000000000     2.401924240     0.000000000
     0.110000000     0.000000000     2.402279226     0.000000000
     0.120000000     0.000000000     2.402668420     0.000000000
     0.130000000     0.000000000     2.403091933     0.000000000
     0.140000000     0.000000000     2.403549884     0.000000000
     0.150000000     0.000000000     2.404042404     0.000000000
     0.160000000     0.000000000     2.404569632     0.000000000
     0.170000000     0.000000000     2.405131720     0.000000000
     0.180000000     0.000000000     2.405728828     0.000000000
     0.190000000     0.000000000     2.406361129     0.000000000
     0.200000000     0.000000000     2.407028804     0.000000000
     0.210000000     0.000000000     2.407732046     0.000000000
     0.220000000     0.000000000     2.408471061     0.000000000
     0.230000000     0.000000000     2.409246062     0.000000000
     0.240000000     0.000000000     2.410057279     0.000000000
     0.250000000     0.000000000     2.410904948     0.000000000
     0.260000000     0.000000000     2.411789320     0.000000000
     0.270000000     0.000000000     2.412710658     0.000000000
     0.280000000     0.000000000     2.413669236     0.000000000
     0.290000000     0.000000000     2.414665343     0.000000000
     0.300000000     0.000000000     2.415699277     0.000000000
     0.310000000     0.000000000     2.416771353     0.000000000
     0.320000000     0.000000000     2.417881896     0.000000000
     0.330000000     0.000000000     2.419031248     0.000000000
     0.340000000     0.000000000     2.420219763     0.000000000
     0.350000000     0.000000000     2.421447809     0.000000000
     0.360000000     0.000000000     2.422715770     0.000000000
     0.370000000     0.000000000     2.424024044     0.000000000
     0.380000000     0.000000000     2.425373046     0.000000000
     0.390000000     0.000000000     2.426763206     0.000000000
     0.400000000     0.000000000     2.428194969     0.000000000
     0.410000000     0.000000000     2.429668800     0.000000000
     0.420000000     0.000000000     2.431185178     0.000000000
     0.430000000     0.000000000     2.432744602     0.000000000
     0.440000000     0.000000000     2.434347588     0.000000000
     0.450000000     0.000000000     2.435994671     0.000000000
     0.460000000     0.000000000     2.437686407     0.000000000
     0.470000000     0.000000000     2.439423369     0.000000000
     0.480000000     0.000000000     2.441206154     0.000000000
     0.490000000     0.000000000     2.443035378     0.000000000
     0.500000000     0.000000000     2.444911679     0.000000000
     0.510000000     0.000000000     2.446835719     0.000000000
     0.520000000     0.000000000     2.448808183     0.000000000
     0.530000000     0.000000000     2.450829779     0.000000000
     0.540000000     0.000000000     2.452901243     0.000000000
     0.550000000     0.000000000     2.455023335     0.000000000
     0.560000000     0.000000000     2.457196841     0.000000000
     0.570000000     0.000000000     2.459422577     0.000000000
     0.580000000     0.000000000     2.461701386     0.000000000
     0.590000000     0.000000000     2.464034143     0.000000000
     0.600000000     0.000000000     2.466421752     0.000000000
     0.610000000     0.000000000     2.468865152     0.000000000
     0.620000000     0.000000000     2.471365312     0.000000000
     0.630000000     0.000000000     2.473923239     0.000000000
     0.640000000     0.000000000     2.476539973     0.000000000
     0.650000000     0.000000000     2.479216596     0.000000000
     0.660000000     0.000000000     2.481954225     0.000000000
     0.670000000     0.000000000     2.484754019     0.000000000
     0.680000000     0.000000000     2.487617181     0.000000000
     0.690000000     0.000000000     2.490544956     0.000000000
     0.700000000     0.000000000     2.493538638     0.000000000
     0.710000000     0.000000000     2.496599565     0.000000000
     0.720000000     0.000000000     2.499729128     0.000000000
     0.730000000     0.000000000     2.502928770     0.000000000
     0.740000000     0.000000000     2.506199988     0.000000000
     0.750000000     0.000000000     2.509544338     0.000000000
     0.760000000     0.000000000     2.512963433     0.000000000
     0.770000000     0.000000000     2.516458950     0.000000000
     0.780000000     0.000000000     2.520032632     0.000000000
     0.790000000     0.000000000     2.523686289     0.000000000
     0.800000000     0.000000000     2.527421804     0.000000000
     0.810000000     0.000000000     2.531241135     0.000000000
     0.820000000     0.000000000     2.535146319     0.000000000
     0.830000000     0.000000000     2.539139475     0.000000000
     0.840000000     0.000000000     2.543222811     0.000000000
     0.850000000     0.000000000     2.547398624     0.000000000
     0.860000000     0.000000000     2.551669310     0.000000000
     0.870000000     0.000000000     2.556037363     0.000000000
     0.880000000     0.000000000     2.560505385     0.000000000
     0.890000000     0.000000000     2.565076092     0.000000000
     0.900000000     0.000000000     2.569752315     0.000000000
     0.910000000     0.000000000     2.574537012     0.000000000
     0.920000000     0.000000000     2.579433272     0.000000000
     0.930000000     0.000000000     2.584444322     0.000000000
     0.940000000     0.000000000     2.589573537     0.000000000
     0.950000000     0.000000000     2.594824449     0.000000000
     0.960000000     0.000000000     2.600200751     0.000000000
     0.970000000     0.000000000     2.605706313     0.000000000
     0.980000000     0.000000000     2.611345189     0.000000000
     0.990000000     0.000000000     2.617121629     0.000000000
     1.000000000     0.000000000     2.623040091     0.000000000
     1.010000000     0.000000000     2.629105254     0.000000000
     1.020000000     0.000000000     2.635322033     0.000000000
     1.030000000     0.000000000     2.641695593     0.000000000
     1.040000000     0.000000000     2.648231366     0.000000000
     1.050000000     0.000000000     2.654935067     0.000000000
     1.060000000     0.000000000     2.661812717     0.000000000
     1.070000000     0.000000000     2.668870661     0.000000000
     1.080000000     0.000000000     2.676115589     0.000000000
     1.090000000     0.000000000     2.683554564     0.000000000
     1.100000000     0.000000000     2.691195048     0.000000000
     1.110000000     0.000000000     2.699044929     0.000000000
     1.120000000     0.000000000     2.707112553     0.000000000
     1.130000000     0.000000000     2.715406762     0.000000000
     1.140000000     0.000000000     2.723936925     0.000000000
     1.150000000     0.000000000     2.732712988     0.000000000
     1.160000000     0.000000000     2.741745512     0.000000000
     1.170000000     0.000000000     2.751045724     0.000000000
     1.180000000     0.000000000     2.760625577     0.000000000
     1.190000000     0.000000000     2.770497803     0.000000000
     1.200000000     0.000000000     2.780675984     0.000000000
     1.210000000     0.000000000     2.791174626     0.000000000
     1.220000000     0.000000000     2.802009236     0.000000000
     1.230000000     0.000000000     2.813196417     0.000000000
     1.240000000     0.000000000     2.824753964     0.000000000
     1.250000000     0.000000000     2.836700978     0.000000000
     1.260000000     0.000000000     2.849057991     0.000000000
     1.270000000     0.000000000     2.861847102     0.000000000
     1.280000000     0.000000000     2.875092135     0.000000000
     1.290000000     0.000000000     2.888818811     0.000000000
     1.300000000     0.000000000     2.903054947     0.000000000
     1.310000000     0.000000000     2.917830672     0.000000000
     1.320000000     0.000000000     2.933178683     0.000000000
     1.330000000     0.000000000     2.949134519     0.000000000
     1.340000000     0.000000000     2.965736887     0.000000000
     1.350000000     0.000000000     2.983028021     0.000000000
     1.360000000     0.000000000     3.001054098     0.000000000
     1.370000000     0.000000001     3.019865706     0.000000000
     1.380000000     0.000000002     3.039518388     0.000000000
     1.390000000     0.000000007     3.060073257     0.000000000
     1.400000000     0.000000023     3.081597705     0.000000000
     1.410000000     0.000000074     3.104166218     0.000000000
     1.420000000     0.000000229     3.127861317     0.000000001
     1.430000000     0.000000684     3.152774633     0.000000002
     1.440000000     0.000001973     3.179008156     0.000000006
     1.450000000     0.000005486     3.206675661     0.000000015
     1.460000000     0.000014714     3.235904354     0.000000037
     1.470000000     0.000038045     3.266836748     0.000000087
     1.480000000     0.000094805     3.299632788     0.000000194
     1.490000000     0.000227643     3.334472235     0.000000420
     1.500000000     0.000526561     3.371557285     0.000000871
     1.510000000     0.001173036     3.411115340     0.000001739
     1.520000000     0.002516196     3.453401784     0.000003341
     1.530000000     0.005195824     3.498702410     0.000006175
     1.540000000     0.010326529     3.547334895     0.000010983
     1.550000000     0.019749853     3.599648163     0.000018806
     1.560000000     0.036342029     3.656017569     0.000031000
     1.570000000     0.064331406     3.716832201     0.000049208
     1.580000000     0.109532911     3.782467673     0.000075238
     1.590000000     0.179357362     3.853232564     0.000110829
     1.600000000     0.282421635     3.929267414     0.000157326
     1.610000000     0.427600112     4.010358974     0.000215275
     1.620000000     0.622445540     4.095605089     0.000284015
     1.630000000     0.871078245     4.182823233     0.000361375
     1.640000000     1.171872890     4.267542109     0.000443564
     1.650000000     1.515496797     4.341383794     0.000525354
     1.660000000     1.883978553     4.389742251     0.000600582
     1.670000000     2.251417845     4.389175910     0.000662930
     1.680000000     2.586643628     4.306599351     0.000706882
     1.690000000     2.857630456     4.106309173     0.000728680
     1.700000000     3.036928039     3.773635404     0.000727107
     1.710000000     3.106937682     3.348620043     0.000703931
     1.720000000     3.063753807     2.927859201     0.000663935
     1.730000000     2.918555119     2.608080115     0.000614516
     1.740000000     2.696115325     2.429211790     0.000564930
     1.750000000     2.430722923     2.375527167     0.000525321
     1.760000000     2.160421443     2.409489956     0.000505657
     1.770000000     1.920819714     2.496038051     0.000514754
     1.780000000     1.739706490     2.609517620     0.000559470
     1.790000000     1.633393519     2.731792010     0.000644193
     1.800000000     1.605248082     2.848081536     0.000770665
     1.810000000     1.646413779     2.943165661     0.000938192
     1.820000000     1.738361323     2.999505899     0.001144239
     1.830000000     1.856692465     2.999772359     0.001385339
     1.840000000     1.975520395     2.935414823     0.001658234
     1.850000000     2.071734839     2.815100044     0.001961072
     1.860000000     2.128511597     2.661064866     0.002294491
     1.870000000     2.137549392     2.498618498     0.002662447
     1.880000000     2.099721833     2.355454322     0.003072643
     1.890000000     2.024109894     2.260402910     0.003536493
     1.900000000     1.925686280     2.229199527     0.004068570
     1.910000000     1.822185235     2.256047142     0.004685512
     1.920000000     1.730834782     2.321378032     0.005404391
     1.930000000     1.665607966     2.402645984     0.006240633
     1.940000000     1.635471072     2.479647144     0.007205644
     1.950000000     1.643827302     2.537168105     0.008304452
     1.960000000     1.689060281     2.568408157     0.009533703
     1.970000000     1.765855792     2.577156190     0.010880395
     1.980000000     1.866871538     2.573205632     0.012321571
     1.990000000     1.984337508     2.562424233     0.013825100
     2.000000000     2.111270533     2.541790252     0.015351468
     2.010000000     2.242128259     2.503419201     0.016856469
     2.020000000     2.372870181     2.443566897     0.018294645
     2.030000000     2.500515946     2.369540228     0.019623365
     2.040000000     2.622388018     2.295260491     0.020807361
     2.050000000     2.735292686     2.227875895     0.021823398
     2.060000000     2.834917719     2.161024284     0.022664426
     2.070000000     2.915687375     2.080296223     0.023342327
     2.080000000     2.971204611     1.972238929     0.023888234
     2.090000000     2.995239424     1.830401204     0.024349671
     2.100000000     2.983036418     1.658386742     0.024784363
     2.110000000     2.932578896     1.471525280     0.025251449
     2.120000000     2.845419421     1.294621875     0.025801695
     2.130000000     2.726790731     1.152429539     0.026468819
     2.140000000     2.584917901     1.057783513     0.027264031
     2.150000000     2.429691835     1.007170019     0.028175184
     2.160000000     2.271050032     0.985979945     0.029170879
     2.170000000     2.117479075     0.977231462     0.030208578
     2.180000000     1.974987038     0.968559246     0.031244846
     2.190000000     1.846726665     0.955495569     0.032245378
     2.200000000     1.733248721     0.940155138     0.033192672
     2.210000000     1.633199851     0.925973099     0.034089891
     2.220000000     1.544197861     0.913709262     0.034960471
     2.230000000     1.463630074     0.903136799     0.035843952
     2.240000000     1.389204317     0.895774110     0.036789268
     2.250000000     1.319195876     0.893632765     0.037847053
     2.260000000     1.252435995     0.896906126     0.039062483
     2.270000000     1.188149902     0.904039409     0.040469811
     2.280000000     1.125765659     0.912998878     0.042089217
     2.290000000     1.064786677     0.921947099     0.043926037
     2.300000000     1.004768857     0.929230817     0.045971896
     2.310000000     0.945389372     0.934069568     0.048207018
     2.320000000     0.886556337     0.938296062     0.050602864
     2.330000000     0.828497075     0.946162976     0.053124429
     2.340000000     0.771777345     0.961054263     0.055731796
     2.350000000     0.717235598     0.983104091     0.058380965
     2.360000000     0.665850744     1.010172676     0.061024249
     2.370000000     0.618585502     1.039909697     0.063610728
     2.380000000     0.576252204     1.070562792     0.066087190
     2.390000000     0.539434773     1.100825351     0.068399802
     2.400000000     0.508477028     1.130053721     0.070496419
     2.410000000     0.483524570     1.158813029     0.072329226
     2.420000000     0.464593611     1.188432789     0.073857302
     2.430000000     0.451638489     1.219564274     0.075048819
     2.440000000     0.444597278     1.251368599     0.075882787
     2.450000000     0.443405845     1.282027977     0.076350508
     2.460000000     0.447979505     1.309909876     0.076456928
     2.470000000     0.458165802     1.334549546     0.076221924
     2.480000000     0.473673730     1.356673428     0.075681289
     2.490000000     0.493987144     1.377128433     0.074886853
     2.500000000     0.518275576     1.395744930     0.073905085
     2.510000000     0.545323353     1.411254583     0.072813670
     2.520000000     0.573503763     1.422101094     0.071695983
     2.530000000     0.600824151     1.427066262     0.070633896
     2.540000000     0.625056861     1.425283303     0.069699877
     2.550000000     0.643951026     1.416245429     0.068949567
     2.560000000     0.655496346     1.400305055     0.068416035
     2.570000000     0.658190479     1.379277165     0.068106574
     2.580000000     0.651253824     1.356389261     0.068002461
     2.590000000     0.634743426     1.335344022     0.068061540
     2.600000000     0.609539990     1.319105268     0.068223099
     2.610000000     0.577212029     1.309199317     0.068414228
     2.620000000     0.539789621     1.305806663     0.068556822
     2.630000000     0.499498462     1.308193846     0.068574477
     2.640000000     0.458507802     1.315030634     0.068398701
     2.650000000     0.418734053     1.324888792     0.067973993
     2.660000000     0.381720579     1.336878598     0.067261416
     2.670000000     0.348591380     1.350731325     0.066240327
     2.680000000     0.320059609     1.366399747     0.064908037
     2.690000000     0.296465278     1.383746437     0.063277367
     2.700000000     0.277820441     1.402366004     0.061372459
     2.710000000     0.263850857     1.421530121     0.059223577
     2.720000000     0.254035335     1.440372734     0.056862014
     2.730000000     0.247652266     1.458082446     0.054316253
     2.740000000     0.243844191     1.473938515     0.051610298
     2.750000000     0.241705183     1.487462470     0.048764506
     2.760000000     0.240384743     1.498668167     0.045798570
     2.770000000     0.239190293     1.507899333     0.042735626
     2.780000000     0.237662971     1.515423714     0.039606159
     2.790000000     0.235602435     1.521757084     0.036450389
     2.800000000     0.233027037     1.528350360     0.033318277
     2.810000000     0.230074144     1.536994399     0.030266976
     2.820000000     0.226865815     1.548275474     0.027356246
     2.830000000     0.223380257     1.561055582     0.024642882
     2.840000000     0.219372518     1.573258111     0.022175408
     2.850000000     0.214375912     1.582876722     0.019990094
     2.860000000     0.207791173     1.588623860     0.018108917
     2.870000000     0.199041341     1.590384595     0.016539526
     2.880000000     0.187747251     1.589787180     0.015276791
     2.890000000     0.173870024     1.590065049     0.014305236
     2.900000000     0.157776578     1.594286700     0.013601683
     2.910000000     0.140208221     1.603574816     0.013137575
     2.920000000     0.122161954     1.617159587     0.012880772
     2.930000000     0.104718575     1.633533456     0.012796846
     2.940000000     0.088863258     1.651316366     0.012850064
     2.950000000     0.075340654     1.669534843     0.013004282
     2.960000000     0.064571320     1.687611835     0.013223883
     2.970000000     0.056636400     1.705263851     0.013474824
     2.980000000     0.051320170     1.722372274     0.013725725
     2.990000000     0.048189938     1.738864145     0.013948927
     3.000000000     0.046690837     1.754607787     0.014121404
     3.010000000     0.046237066     1.769400777     0.014225430
     3.020000000     0.046287900     1.783120091     0.014248967
     3.030000000     0.046403228     1.795907148     0.014185719
     3.040000000     0.046277933     1.808170248     0.014034881
     3.050000000     0.045756853     1.820388985     0.013800659
     3.060000000     0.044832964     1.832912599     0.013491647
     3.070000000     0.043631391     1.845849422     0.013120216
     3.080000000     0.042381612     1.859094158     0.012701974
     3.090000000     0.041379957     1.872527537     0.012255304
     3.100000000     0.040944693     1.886211836     0.011800862
     3.110000000     0.041366739     1.900334808     0.011360870
     3.120000000     0.042860557     1.914965797     0.010958070
     3.130000000     0.045521496     1.929917291     0.010614308
     3.140000000     0.049297117     1.944778204     0.010348923
     3.150000000     0.053979699     1.958997496     0.010177200
     3.160000000     0.059224634     1.972000515     0.010109217
     3.170000000     0.064594767     1.983406254     0.010149331
     3.180000000     0.069625042     1.993262646     0.010296411
     3.190000000     0.073896601     2.002002282     0.010544769
     3.200000000     0.077106556     2.010115074     0.010885699
     3.210000000     0.079119955     2.018050881     0.011309446
     3.220000000     0.079994096     2.026391543     0.011807434
     3.230000000     0.079971258     2.035714058     0.012374502
     3.240000000     0.079442394     2.046261542     0.013010760
     3.250000000     0.078889677     2.057971156     0.013722608
     3.260000000     0.078818679     2.070675406     0.014522435
     3.270000000     0.079691136     2.084109514     0.015426706
     3.280000000     0.081867214     2.097876628     0.016452539
     3.290000000     0.085563096     2.111593301     0.017613326
     3.300000000     0.090826809     2.125071235     0.018914353
     3.310000000     0.097533346     2.138252214     0.020349526
     3.320000000     0.105399311     2.150926248     0.021900135
     3.330000000     0.114017101     2.162663353     0.023536116
     3.340000000     0.122907833     2.173099084     0.025219687
     3.350000000     0.131590225     2.182179181     0.026910638
     3.360000000     0.139658989     2.190120078     0.028572276
     3.370000000     0.146861860     2.197219557     0.030176943
     3.380000000     0.153160507     2.203737286     0.031710262
     3.390000000     0.158759315     2.210056520     0.033173585
     3.400000000     0.164088957     2.216967130     0.034584457
     3.410000000     0.169739487     2.225447940     0.035975145
     3.420000000     0.176349437     2.235977833     0.037389435
     3.430000000     0.184470359     2.248213752     0.038878012
     3.440000000     0.194436580     2.261271095     0.040492864
     3.450000000     0.206273449     2.274085681     0.042281276
     3.460000000     0.219671520     2.285541855     0.044280134
     3.470000000     0.234038743     2.294479198     0.046511269
     3.480000000     0.248621458     2.299835414     0.048978477
     3.490000000     0.262663972     2.301148111     0.051666578
     3.500000000     0.275563089     2.299242983     0.054542555
     3.510000000     0.286973846     2.296341319     0.057558545
     3.520000000     0.296837181     2.295074219     0.060656287
     3.530000000     0.305325273     2.297040185     0.063772594
     3.540000000     0.312727307     2.302033517     0.066845499
     3.550000000     0.319317475     2.308359600     0.069820668
     3.560000000     0.325250782     2.313816597     0.072657621
     3.570000000     0.330519338     2.316704559     0.075335023
     3.580000000     0.334977471     2.316505107     0.077854124
     3.590000000     0.338418021     2.314064963     0.080239361
     3.600000000     0.340664883     2.311138562     0.082535417
     3.610000000     0.341644429     2.309521398     0.084800685
     3.620000000     0.341410709     2.310321676     0.087097988
     3.630000000     0.340120156     2.313657183     0.089484317
     3.640000000     0.337971639     2.318701430     0.092001906
     3.650000000     0.335139299     2.324044273     0.094672921
     3.660000000     0.331725041     2.328431890     0.097499270
     3.670000000     0.327746878     2.331577859     0.100467737
     3.680000000     0.323164037     2.334315795     0.103559115
     3.690000000     0.317926648     2.337841471     0.106758817
     3.700000000     0.312031178     2.342820753     0.110065913
     3.710000000     0.305563813     2.349157047     0.113497938
     3.720000000     0.298720451     2.356440269     0.117089966
     3.730000000     0.291800427     2.364558904     0.120888086
     3.740000000     0.285178365     2.373864888     0.124938921
     3.750000000     0.279262924     2.384777161     0.129277872
     3.760000000     0.274452565     2.397329918     0.133918980
     3.770000000     0.271097571     2.411105855     0.138848707
     3.780000000     0.269475319     2.425503378     0.144024807
     3.790000000     0.269782888     2.440034482     0.149380126
     3.800000000     0.272147672     2.454463320     0.154830011
     3.810000000     0.276653073     2.468773576     0.160281401
     3.820000000     0.283372597     2.482988155     0.165641544
     3.830000000     0.292402396     2.497007031     0.170824683
     3.840000000     0.303880125     2.510615646     0.175755798
     3.850000000     0.317977939     2.523603592     0.180371252
     3.860000000     0.334860728     2.535894170     0.184616992
     3.870000000     0.354607757     2.547584351     0.188445482
     3.880000000     0.377106618     2.558794430     0.191812858
     3.890000000     0.401940483     2.569347763     0.194677729
     3.900000000     0.428299444     2.578513893     0.197002608
     3.910000000     0.454949726     2.585066665     0.198758226
     3.920000000     0.480287169     2.587560232     0.199930007
     3.930000000     0.502483398     2.584607479     0.200525131
     3.940000000     0.519708266     2.575359543     0.200578098
     3.950000000     0.530388181     2.560330862     0.200152773
     3.960000000     0.533445402     2.541980546     0.199339594
     3.970000000     0.528464585     2.524284698     0.198247833
     3.980000000     0.515750518     2.511262987     0.196994027
     3.990000000     0.496269323     2.505205871     0.195688774
     4.000000000     0.471494630     2.505804786     0.194424448
     4.010000000     0.443200184     2.510986793     0.193266166
     4.020000000     0.413245376     2.518813600     0.192247454
     4.030000000     0.383390763     2.528922332     0.191370984
     4.040000000     0.355163188     2.542355982     0.190613690
     4.050000000     0.329772775     2.560044102     0.189934889
     4.060000000     0.308073374     2.581703803     0.189285818
     4.070000000     0.290555672     2.606144997     0.188619148
     4.080000000     0.277365535     2.632000372     0.187897461
     4.090000000     0.268344449     2.658016037     0.187100084
     4.100000000     0.263090245     2.683214964     0.186227959
     4.110000000     0.261033695     2.707181478     0.185306349
     4.120000000     0.261522017     2.730156941     0.184385190
     4.130000000     0.263897061     2.752750929     0.183536926
     4.140000000     0.267556466     2.775488173     0.182851820
     4.150000000     0.271990662     2.798551809     0.182431037
     4.160000000     0.276795299     2.821862140     0.182378180
     4.170000000     0.281664703     2.845273187     0.182790319
     4.180000000     0.286374965     2.868636859     0.183749717
     4.190000000     0.290764662     2.891803807     0.185317389
     4.200000000     0.294718187     2.914796730     0.187529227
     4.210000000     0.298153192     2.938058833     0.190394871
     4.220000000     0.301011520     2.962313016     0.193898857
     4.230000000     0.303252774     2.988020306     0.198003091
     4.240000000     0.304850690     3.015042845     0.202649406
     4.250000000     0.305793522     3.042866183     0.207761137
     4.260000000     0.306089590     3.071144055     0.213243067
     4.270000000     0.305778017     3.100108225     0.218979777
     4.280000000     0.304942973     3.130526193     0.224833111
     4.290000000     0.303728637     3.163232573     0.230639928
     4.300000000     0.302352135     3.198604192     0.236211462
     4.310000000     0.301113054     3.236429629     0.241335440
     4.320000000     0.300400367     3.276318726     0.245781689
     4.330000000     0.300700165     3.318305640     0.249311496
     4.340000000     0.302610278     3.363018017     0.251690549
     4.350000000     0.306870333     3.411159251     0.252704902
     4.360000000     0.314417401     3.462919653     0.252179016
     4.370000000     0.326476848     3.517965579     0.249994448
     4.380000000     0.344693081     3.575818890     0.246107238
     4.390000000     0.371293284     3.636151037     0.240561499
     4.400000000     0.409257534     3.698909794     0.233496537
     4.410000000     0.462441996     3.764326706     0.225145106
     4.420000000     0.535573656     3.832671715     0.215821409
     4.430000000     0.634015876     3.903800913     0.205899015
     4.440000000     0.763209151     3.976766103     0.195780713
     4.450000000     0.927736070     4.049626148     0.185864023
     4.460000000     1.130051804     4.119624339     0.176507072
     4.470000000     1.369052630     4.183488524     0.167999665
     4.480000000     1.638793650     4.236694986     0.160543480
     4.490000000     1.927760708     4.271121135     0.154243727
     4.500000000     2.219093421     4.272707680     0.149112688
     4.510000000     2.492008404     4.221880124     0.145083712
     4.520000000     2.724392173     4.098618744     0.142032805
     4.530000000     2.896187046     3.893165367     0.139803977
     4.540000000     2.992890818     3.620133793     0.138234217
     4.550000000     3.008349394     3.324726317     0.137174208
     4.560000000     2.946116147     3.066816775     0.136501800
     4.570000000     2.818977552     2.890138582     0.136126778
     4.580000000     2.646709557     2.804906626     0.135987388
     4.590000000     2.452585499     2.795005937     0.136040946
     4.600000000     2.259457633     2.834528730     0.136252320
     4.610000000     2.086291763     2.899159531     0.136584328
     4.620000000     1.945848011     2.970317718     0.136993275
     4.630000000     1.843851268     3.035318767     0.137430874
     4.640000000     1.779605348     3.086932653     0.137851521
     4.650000000     1.747690089     3.123799953     0.138222030
     4.660000000     1.740210138     3.149442410     0.138530213
     4.670000000     1.749049023     3.167769994     0.138789298
     4.680000000     1.767688123     3.179691923     0.139036822
     4.690000000     1.792321831     3.186756530     0.139328666
     4.700000000     1.822184857     3.196874924     0.139730418
     4.710000000     1.859167583     3.221210151     0.140308823
     4.720000000     1.906909809     3.264298785     0.141125537
     4.730000000     1.969624006     3.320251416     0.142234106
     4.740000000     2.050906199     3.378124847     0.143679650
     4.750000000     2.152753136     3.428659922     0.145499717
     4.760000000     2.274932407     3.466371093     0.147724629
     4.770000000     2.414767299     3.487968747     0.150376184
     4.780000000     2.567320537     3.491528622     0.153464705
     4.790000000     2.725905295     3.477115617     0.156985425
     4.800000000     2.882822525     3.445214714     0.160915740
     4.810000000     3.030216098     3.394107469     0.165214697
     4.820000000     3.160941853     3.322120014     0.169825285
     4.830000000     3.269355703     3.232299525     0.174679104
     4.840000000     3.351936751     3.132144267     0.179702154
     4.850000000     3.407676336     3.030401651     0.184820268
     4.860000000     3.438186196     2.935562625     0.189963118
     4.870000000     3.447509383     2.853820445     0.195066543
     4.880000000     3.441652763     2.786436585     0.200073768
     4.890000000     3.427894632     2.731262295     0.204936516
     4.900000000     3.413950154     2.687460815     0.209616757
     4.910000000     3.407098243     2.657030973     0.214089178
     4.920000000     3.413384176     2.640857539     0.218343554
     4.930000000     3.437009766     2.634639666     0.222385694
     4.940000000     3.480002861     2.629711819     0.226235701
     4.950000000     3.542216534     2.616998505     0.229923048
     4.960000000     3.621647223     2.590283165     0.233479082
     4.970000000     3.714990985     2.546767572     0.236928630
     4.980000000     3.818297287     2.485768778     0.240282951
     4.990000000     3.927552505     2.408719265     0.243536132
     5.000000000     4.039045931     2.320806919     0.246666202
     5.010000000     4.149439685     2.229646831     0.249641015
     5.020000000     4.255562176     2.139675121     0.252427665
     5.030000000     4.354040805     2.048152964     0.255003238
     5.040000000     4.440949642     1.947193725     0.257364294
     5.050000000     4.511649213     1.829367785     0.259532721
     5.060000000     4.560936427     1.691674921     0.261556403
     5.070000000     4.583522635     1.535949932     0.263504368
     5.080000000     4.574750757     1.367574279     0.265457313
     5.090000000     4.531383435     1.193884999     0.267495421
     5.100000000     4.452267204     1.022882646     0.269685817
     5.110000000     4.338707963     0.862934488     0.272071870
     5.120000000     4.194467263     0.722192738     0.274665854
     5.130000000     4.025381673     0.606367837     0.277445635
     5.140000000     3.838691119     0.516887663     0.280355239
     5.150000000     3.642215792     0.451743307     0.283308727
     5.160000000     3.443536077     0.407676233     0.286196718
     5.170000000     3.249309648     0.381617492     0.288894939
     5.180000000     3.064816271     0.371109141     0.291274255
     5.190000000     2.893768886     0.373871020     0.293211491
     5.200000000     2.738381259     0.387116479     0.294600056
     5.210000000     2.599644916     0.407510942     0.295359203
     5.220000000     2.477743037     0.432108442     0.295440747
     5.230000000     2.372515707     0.459420536     0.294832397
     5.240000000     2.283888487     0.489400991     0.293557432
     5.250000000     2.212184948     0.522676368     0.291671006
     5.260000000     2.158264309     0.560142267     0.289253783
     5.270000000     2.123456698     0.602760715     0.286403773
     5.280000000     2.109306294     0.650761994     0.283227247
     5.290000000     2.117169022     0.702680950     0.279829638
     5.300000000     2.147737451     0.754998721     0.276307363
     5.310000000     2.200575052     0.802419981     0.272741576
     5.320000000     2.273734571     0.838946155     0.269194760
     5.330000000     2.363517291     0.859582118     0.265710675
     5.340000000     2.464410878     0.861561054     0.262317542
     5.350000000     2.569230729     0.844421818     0.259033515
     5.360000000     2.669483468     0.809191091     0.255872901
     5.370000000     2.755963311     0.756900035     0.252851329
     5.380000000     2.819570211     0.687021132     0.249988407
     5.390000000     2.852295483     0.597435625     0.247307142
     5.400000000     2.848260470     0.487340585     0.244830428
     5.410000000     2.804636329     0.362121619     0.242575769
     5.420000000     2.722245696     0.235962479     0.240549998
     5.430000000     2.605673309     0.128159631     0.238745764
     5.440000000     2.462798148     0.054582483     0.237141152
     5.450000000     2.303786258     0.020725372     0.235702876
     5.460000000     2.139713731     0.021602369     0.234392551
     5.470000000     1.981081376     0.047066996     0.233174575
     5.480000000     1.836506401     0.087333840     0.232023676
     5.490000000     1.711825829     0.135329870     0.230930199
     5.500000000     1.609740105     0.185889988     0.229901803
     5.510000000     1.529998177     0.234231199     0.228961289
     5.520000000     1.470014183     0.275919642     0.228141397
     5.530000000     1.425736999     0.308428868     0.227478292
     5.540000000     1.392576856     0.332728089     0.227005802
     5.550000000     1.366221189     0.352862339     0.226752107
     5.560000000     1.343227584     0.373013111     0.226739748
     5.570000000     1.321345215     0.394739950     0.226988616
     5.580000000     1.299571485     0.417176630     0.227520610
     5.590000000     1.277989193     0.439429671     0.228364014
     5.600000000     1.257450503     0.462438417     0.229555669
     5.610000000     1.239181227     0.488508809     0.231139597
     5.620000000     1.224377341     0.519099037     0.233161621
     5.630000000     1.213858009     0.553111726     0.235660506
     5.640000000     1.207825721     0.587181237     0.238656831
     5.650000000     1.205763813     0.617326430     0.242141215
     5.660000000     1.206475755     0.640668152     0.246063458
     5.670000000     1.208244186     0.656367469     0.250324016
     5.680000000     1.209067939     0.665708850     0.254768960
     5.690000000     1.206928295     0.671614546     0.259189462
     5.700000000     1.200042332     0.677485464     0.263326798
     5.710000000     1.187076234     0.685394406     0.266883725
     5.720000000     1.167305593     0.694722825     0.269542681
     5.730000000     1.140715817     0.703010487     0.270990376
     5.740000000     1.108032669     0.708904561     0.270947060
     5.750000000     1.070667226     0.714737611     0.269197306
     5.760000000     1.030561368     0.726170207     0.265617957
     5.770000000     0.989936201     0.748529685     0.260198491
     5.780000000     0.950974973     0.783031251     0.253049729
     5.790000000     0.915502717     0.826281083     0.244398559
     5.800000000     0.884741316     0.872699151     0.234568844
     5.810000000     0.859208880     0.917394717     0.223951298
     5.820000000     0.838795204     0.957665759     0.212967186
     5.830000000     0.822992282     0.992921142     0.202031654
     5.840000000     0.811209967     1.024399717     0.191522152
     5.850000000     0.803080776     1.055498732     0.181755893
     5.860000000     0.798664057     1.090863099     0.172978102
     5.870000000     0.798494795     1.133209617     0.165360555
     5.880000000     0.803472032     1.181312081     0.159008195
     5.890000000     0.814628353     1.231447001     0.153970758
     5.900000000     0.832850856     1.280220759     0.150256361
     5.910000000     0.858630017     1.326387911     0.147844680
     5.920000000     0.891898527     1.370669588     0.146698239
     5.930000000     0.931995327     1.413678329     0.146771077
     5.940000000     0.977759108     1.453857124     0.148014550
     5.950000000     1.027726801     1.487762971     0.150380199
     5.960000000     1.080390339     1.512727683     0.153819734
     5.970000000     1.134452363     1.529571770     0.158282381
     5.980000000     1.189021467     1.542362644     0.163710167
     5.990000000     1.243701568     1.555067511     0.170032174
     6.000000000     1.298556427     1.569027402     0.177159068
     6.010000000     1.353963265     1.583582735     0.184979252
     6.020000000     1.410399268     1.597849381     0.193357708
     6.030000000     1.468221930     1.611050612     0.202137989
     6.040000000     1.527502707     1.621473310     0.211147286
     6.050000000     1.587954417     1.626430471     0.220203942
     6.060000000     1.648963631     1.624094478     0.229126574
     6.070000000     1.709710938     1.615031816     0.237743896
     6.080000000     1.769343735     1.601695551     0.245904418
     6.090000000     1.827161962     1.586647917     0.253485210
     6.100000000     1.882783849     1.571042923     0.260398919
     6.110000000     1.936269038     1.554340536     0.266598086
     6.120000000     1.988183285     1.535116941     0.272075809
     6.130000000     2.039590044     1.512239572     0.276862010
     6.140000000     2.091953638     1.486089095     0.281015089
     6.150000000     2.146943915     1.458966804     0.284609636
     6.160000000     2.206149053     1.433880999     0.287721858
     6.170000000     2.270730458     1.412441994     0.290415175
     6.180000000     2.341082053     1.393033173     0.292728775
     6.190000000     2.416571817     1.370345826     0.294671546
     6.200000000     2.495434914     1.337190482     0.296222781
     6.210000000     2.574853513     1.287932235     0.297339655
     6.220000000     2.651209049     1.221373020     0.297970009
     6.230000000     2.720446817     1.140996688     0.298067864
     6.240000000     2.778469032     1.052238866     0.297608564
     6.250000000     2.821479672     0.959036238     0.296600541
     6.260000000     2.846237836     0.863245014     0.295091379
     6.270000000     2.850219270     0.766442415     0.293166956
     6.280000000     2.831718140     0.669740287     0.290943769
     6.290000000     2.789929206     0.571886421     0.288555866
     6.300000000     2.725032998     0.471357099     0.286138927
     6.310000000     2.638274728     0.371789953     0.283814711
     6.320000000     2.531999226     0.281635464     0.281679067
     6.330000000     2.409594151     0.207554374     0.279795999
     6.340000000     2.275307842     0.151239085     0.278198885
     6.350000000     2.133940397     0.111907305     0.276898219
     6.360000000     1.990443500     0.088767604     0.275893583
     6.370000000     1.849491368     0.080635410     0.275186455
     6.380000000     1.715093110     0.085048460     0.274790213
     6.390000000     1.590304845     0.098970708     0.274734439
     6.400000000     1.477074999     0.119909524     0.275062148
     6.410000000     1.376227948     0.146022339     0.275820450
     6.420000000     1.287568438     0.175601871     0.277046889
     6.430000000     1.210076159     0.207015726     0.278754867
     6.440000000     1.142156158     0.239185506     0.280921824
     6.450000000     1.081912862     0.271574102     0.283483300
     6.460000000     1.027419352     0.303674365     0.286334711
     6.470000000     0.976956828     0.334951694     0.289341104
     6.480000000     0.929202113     0.365395211     0.292353521
     6.490000000     0.883345373     0.396236140     0.295229286
     6.500000000     0.839127863     0.429817560     0.297852628
     6.510000000     0.796800628     0.468189846     0.300151742
     6.520000000     0.757017708     0.511712603     0.302108705
     6.530000000     0.720688031     0.559064841     0.303759663
     6.540000000     0.688815616     0.608521110     0.305184476
     6.550000000     0.662356618     0.659159760     0.306487221
     6.560000000     0.642114893     0.711010572     0.307771295
     6.570000000     0.628687694     0.764382374     0.309114672
     6.580000000     0.622462201     0.819066079     0.310551365
     6.590000000     0.623653471     0.873931017     0.312064041
     6.600000000     0.632365720     0.927375480     0.313589972
     6.610000000     0.648652468     0.978336968     0.315038889
     6.620000000     0.672548723     1.026741273     0.316317853
     6.630000000     0.704052948     1.073002401     0.317356276
     6.640000000     0.743049938     1.117549363     0.318124335
     6.650000000     0.789186925     1.160862123     0.318640234
     6.660000000     0.841739005     1.203098012     0.318965326
     6.670000000     0.899516929     1.243053156     0.319189611
     6.680000000     0.960871310     1.277666081     0.319412454
     6.690000000     1.023826851     1.303027772     0.319723838
     6.700000000     1.086341030     1.316403880     0.320190130
     6.710000000     1.146635032     1.318043663     0.320846073
     6.720000000     1.203506955     1.311691856     0.321692455
     6.730000000     1.256524503     1.302905779     0.322697633
     6.740000000     1.306015322     1.296002848     0.323800944
     6.750000000     1.352825431     1.292527626     0.324916921
     6.760000000     1.397886226     1.292270779     0.325940286
     6.770000000     1.441696960     1.294346259     0.326752400
     6.780000000     1.483870333     1.296702392     0.327229678
     6.790000000     1.522887895     1.295382132     0.327253703
     6.800000000     1.556165384     1.285103337     0.326721639
     6.810000000     1.580445978     1.261524410     0.325554914
     6.820000000     1.592444440     1.223969741     0.323704189
     6.830000000     1.589586200     1.176383805     0.321149624
     6.840000000     1.570649010     1.126216134     0.317896818
     6.850000000     1.536135427     1.082608753     0.313970173
     6.860000000     1.488278436     1.054018783     0.309406078
     6.870000000     1.430687739     1.045296020     0.304248064
     6.880000000     1.367746573     1.056001206     0.298545098
     6.890000000     1.303934095     1.081132071     0.292352759
     6.900000000     1.243254488     1.113510887     0.285735993
     6.910000000     1.188900053     1.146807600     0.278771633
     6.920000000     1.143182116     1.178187680     0.271549259
     6.930000000     1.107665424     1.208951911     0.264169831
     6.940000000     1.083374818     1.242140357     0.256742565
     6.950000000     1.070931596     1.279703709     0.249381115
     6.960000000     1.070524649     1.322624499     0.242200148
     6.970000000     1.081709472     1.371937148     0.235312865
     6.980000000     1.103122499     1.427057090     0.228829206
     6.990000000     1.132261128     1.483403671     0.222853926
     7.000000000     1.165484333     1.533009277     0.217483673
     7.010000000     1.198328794     1.567874694     0.212802709
     7.020000000     1.226129757     1.583698383     0.208877755
     7.030000000     1.244821992     1.582366745     0.205753115
     7.040000000     1.251717452     1.572502237     0.203447452
     7.050000000     1.246044436     1.566991464     0.201953072
     7.060000000     1.229095480     1.577580616     0.201237635
     7.070000000     1.203946962     1.610118143     0.201247205
     7.080000000     1.174840491     1.663511170     0.201909025
     7.090000000     1.146409014     1.731609403     0.203132634
     7.100000000     1.122957592     1.806403599     0.204808934
     7.110000000     1.107965024     1.881670607     0.206808134
     7.120000000     1.103880257     1.955349465     0.208978632
     7.130000000     1.112185632     2.029008820     0.211149258
     7.140000000     1.133626314     2.105372471     0.213136654
     7.150000000     1.168484648     2.186493095     0.214758108
     7.160000000     1.216809455     2.273330826     0.215848244
     7.170000000     1.278571936     2.365557749     0.216276469
     7.180000000     1.353780737     2.461156979     0.215961386
     7.190000000     1.442621413     2.556522076     0.214878907
     7.200000000     1.545677671     2.647538858     0.213062330
     7.210000000     1.664250063     2.731455030     0.210594633
     7.220000000     1.800733110     2.808846380     0.207595050
     7.230000000     1.958969031     2.884069123     0.204202985
     7.240000000     2.144481995     2.962785440     0.200562299
     7.250000000     2.364512158     3.048176025     0.196808105
     7.260000000     2.627799334     3.139009499     0.193056927
     7.270000000     2.944090847     3.230042901     0.189399988
     7.280000000     3.323352341     3.313294245     0.185898921
     7.290000000     3.774647095     3.379358007     0.182583361
     7.300000000     4.304642534     3.418961125     0.179450495
     7.310000000     4.915737073     3.424757492     0.176467197
     7.320000000     5.603903677     3.391567930     0.173575528
     7.330000000     6.356517453     3.312753180     0.170701878
     7.340000000     7.150630638     3.174704026     0.167769098
     7.350000000     7.952300931     2.954922261     0.164709951
     7.360000000     8.717577947     2.625817659     0.161479546
     7.370000000     9.395544483     2.162159367     0.158064382
     7.380000000     9.933394883     1.548890065     0.154486303
     7.390000000    10.282994976     0.789073757     0.150800755
     7.400000000    10.407858783    -0.086258792     0.147089918
     7.410000000    10.289171531    -1.012840421     0.143452181
     7.420000000     9.929520855    -1.904879695     0.139989930
     7.430000000     9.353403944    -2.679390351     0.136797644
     7.440000000     8.604268818    -3.275123620     0.133952029
     7.450000000     7.738631291    -3.665524507     0.131505522
     7.460000000     6.818454749    -3.865936897     0.129484002
     7.470000000     5.903300768    -3.922330544     0.127888980
     7.480000000     5.043678080    -3.887223767     0.126703882
     7.490000000     4.276592823    -3.801448602     0.125903241
     7.500000000     3.623695971    -3.689224355     0.125462907
     7.510000000     3.091832884    -3.563059800     0.125368860
     7.520000000     2.675385516    -3.431095621     0.125622267
     7.530000000     2.359631354    -3.301562242     0.126239074
     7.540000000     2.124399098    -3.183767832     0.127243621
     7.550000000     1.947488602    -3.086755720     0.128657321
     7.560000000     1.807536895    -3.016887473     0.130484750
     7.570000000     1.686179878    -2.975400931     0.132700365
     7.580000000     1.569458565    -2.955628490     0.135239051
     7.590000000     1.448470327    -2.942132407     0.137992963
     7.600000000     1.319306219    -2.916927184     0.140815793
     7.610000000     1.182370176    -2.869405181     0.143534033
     7.620000000     1.041243847    -2.799627036     0.145963427
     7.630000000     0.901319585    -2.713785665     0.147927844
     7.640000000     0.768446063    -2.618804973     0.149277486
     7.650000000     0.647801068    -2.519869360     0.149903610
     7.660000000     0.543130735    -2.420164523     0.149747806
     7.670000000     0.456398307    -2.321476585     0.148805015
     7.680000000     0.387798502    -2.225006535     0.147120694
     7.690000000     0.336038067    -2.131966080     0.144783461
     7.700000000     0.298765825    -2.043701903     0.141915034
     7.710000000     0.273048531    -1.961576599     0.138659158
     7.720000000     0.255816716    -1.886821973     0.135170691
     7.730000000     0.244233123    -1.820080684     0.131605337
     7.740000000     0.235957844    -1.760543886     0.128110047
     7.750000000     0.229298731    -1.705642247     0.124813964
     7.760000000     0.223246968    -1.652314578     0.121820118
     7.770000000     0.217409440    -1.598885079     0.119198455
     7.780000000     0.211862094    -1.545552470     0.116981133
     7.790000000     0.206959123    -1.493374198     0.115160999
     7.800000000     0.203137666    -1.443207985     0.113693755
     7.810000000     0.200754513    -1.395420580     0.112503753
     7.820000000     0.199980337    -1.350065061     0.111492819
     7.830000000     0.200761459    -1.307177380     0.110551115
     7.840000000     0.202843075    -1.267058342     0.109568953
     7.850000000     0.205835238    -1.230205015     0.108448435
     7.860000000     0.209296080    -1.196846167     0.107113798
     7.870000000     0.212806766    -1.166579952     0.105519290
     7.880000000     0.216018949    -1.138458508     0.103653373
     7.890000000     0.218666207    -1.111408159     0.101538245
     7.900000000     0.220543309    -1.084753685     0.099224245
     7.910000000     0.221467509    -1.058560291     0.096779548
     7.920000000     0.221241353    -1.033551189     0.094276714
     7.930000000     0.219634795    -1.010668184     0.091778564
     7.940000000     0.216396432    -0.990471665     0.089326308
     7.950000000     0.211292304    -0.972699506     0.086932610
     7.960000000     0.204160269    -0.956354758     0.084581183
     7.970000000     0.194962368    -0.940229444     0.082232973
     7.980000000     0.183818503    -0.923369709     0.079837313
     7.990000000     0.171011413    -0.905285376     0.077345198
     8.000000000     0.156962183    -0.885985571     0.074721367
     8.010000000     0.142183661    -0.865811182     0.071952376
     8.020000000     0.127223686    -0.845085081     0.069049091
     8.030000000     0.112609959    -0.823851855     0.066043600
     8.040000000     0.098805114    -0.801966605     0.062981983
     8.050000000     0.086176003    -0.779393716     0.059915248
     8.060000000     0.074977355    -0.756337446     0.056890841
     8.070000000     0.065347847    -0.733144001     0.053946614
     8.080000000     0.057316063    -0.710164617     0.051108178
     8.090000000     0.050814077    -0.687669031     0.048389536
     8.100000000     0.045696772    -0.665806121     0.045796099
     8.110000000     0.041764959    -0.644623750     0.043328717
     8.120000000     0.038790026    -0.624140495     0.040987393
     8.130000000     0.036537567    -0.604384705     0.038773605
     8.140000000     0.034787496    -0.585351950     0.036690777
     8.150000000     0.033348755    -0.566960066     0.034742991
     8.160000000     0.032067711    -0.549096639     0.032932607
     8.170000000     0.030830503    -0.531691880     0.031257712
     8.180000000     0.029560562    -0.514701298     0.029710350
     8.190000000     0.028213164    -0.498066714     0.028276213
     8.200000000     0.026768881    -0.481743641     0.026935974
     8.210000000     0.025227473    -0.465730273     0.025667934
     8.220000000     0.023602990    -0.450040588     0.024451232
     8.230000000     0.021920108    -0.434657516     0.023268725
     8.240000000     0.020211143    -0.419512487     0.022108761
     8.250000000     0.018512991    -0.404514779     0.020965427
     8.260000000     0.016863474    -0.389601331     0.019837341
     8.270000000     0.015297074    -0.374761293     0.018725471
     8.280000000     0.013840644    -0.360030192     0.017630721
     8.290000000     0.012509984    -0.345464684     0.016552028
     8.300000000     0.011308210    -0.331113604     0.015485516
     8.310000000     0.010226427    -0.316997964     0.014424920
     8.320000000     0.009246623    -0.303105697     0.013363100
     8.330000000     0.008346104    -0.289402362     0.012294215
     8.340000000     0.007502411    -0.275849045     0.011215951
     8.350000000     0.006697595    -0.262409934     0.010131201
     8.360000000     0.005921029    -0.249049314     0.009048767
     8.370000000     0.005170398    -0.235734831     0.007982848
     8.380000000     0.004451046    -0.222439913     0.006951394
     8.390000000     0.003774368    -0.209138433     0.005973632
     8.400000000     0.003156320    -0.195807201     0.005067308
     8.410000000     0.002617380    -0.182433291     0.004246215
     8.420000000     0.002185539    -0.169010820     0.003518542
     8.430000000     0.001904082    -0.155530062     0.002886344
     8.440000000     0.001846008    -0.141968931     0.002346159
     8.450000000     0.002136674    -0.128291271     0.001890492
     8.460000000     0.002985230    -0.114452315     0.001509712
     8.470000000     0.004723066    -0.100406168     0.001193865
     8.480000000     0.007843477    -0.086109457     0.000934005
     8.490000000     0.013031140    -0.071522663     0.000722876
     8.500000000     0.021164118    -0.056614355     0.000554961
     8.510000000     0.033267271    -0.041372077     0.000426085
     8.520000000     0.050397835    -0.025823700     0.000332822
     8.530000000     0.073454621    -0.010076246     0.000271884
     8.540000000     0.102923031     0.005614958     0.000239642
     8.550000000     0.138595873     0.020725704     0.000231817
     8.560000000     0.179336778     0.034261827     0.000243354
     8.570000000     0.222967367     0.044455672     0.000268469
     8.580000000     0.266350216     0.048410967     0.000300883
     8.590000000     0.305702170     0.042000643     0.000334221
     8.600000000     0.337112489     0.020836615     0.000362553
     8.610000000     0.357174668    -0.016685135     0.000381003
     8.620000000     0.363592813    -0.065375728     0.000386283
     8.630000000     0.355613672    -0.113465277     0.000377052
     8.640000000     0.334171936    -0.149653411     0.000353967
     8.650000000     0.301710060    -0.169614788     0.000319427
     8.660000000     0.261720573    -0.175468414     0.000277022
     8.670000000     0.218129383    -0.171681360     0.000230855
     8.680000000     0.174670157    -0.162265339     0.000184849
     8.690000000     0.134385210    -0.149980381     0.000142213
     8.700000000     0.099337325    -0.136493751     0.000105122
     8.710000000     0.070550755    -0.122737380     0.000074658
     8.720000000     0.048141442    -0.109200294     0.000050944
     8.730000000     0.031562017    -0.096119313     0.000033399
     8.740000000     0.019881018    -0.083592521     0.000021038
     8.750000000     0.012032080    -0.071643987     0.000012733
     8.760000000     0.006996342    -0.060259891     0.000007404
     8.770000000     0.003908675    -0.049408407     0.000004136
     8.780000000     0.002098052    -0.039050483     0.000002220
     8.790000000     0.001082010    -0.029145560     0.000001145
     8.800000000     0.000536135    -0.019654474     0.000000567
     8.810000000     0.000255238    -0.010540817     0.000000270
     8.820000000     0.000116747    -0.001771455     0.000000124
     8.830000000     0.000051307     0.006683405     0.000000054
     8.840000000     0.000021664     0.014850366     0.000000023
     8.850000000     0.000008788     0.022753105     0.000000009
     8.860000000     0.000003426     0.030412662     0.000000004
     8.870000000     0.000001283     0.037847736     0.000000001
     8.880000000     0.000000462     0.045074964     0.000000000
     8.890000000     0.000000160     0.052109172     0.000000000
     8.900000000     0.000000053     0.058963603     0.000000000
     8.910000000     0.000000017     0.065650111     0.000000000
     8.920000000     0.000000005     0.072179334     0.000000000
     8.930000000     0.000000002     0.078560848     0.000000000
     8.940000000     0.000000000     0.084803295     0.000000000
     8.950000000     0.000000000     0.090914496     0.000000000
     8.960000000     0.000000000     0.096901547     0.000000000
     8.970000000     0.000000000     0.102770907     0.000000000
     8.980000000     0.000000000     0.108528469     0.000000000
     8.990000000     0.000000000     0.114179624     0.000000000
     9.000000000     0.000000000     0.119729318     0.000000000
     9.010000000     0.000000000     0.125182098     0.000000000
     9.020000000     0.000000000     0.130542156     0.000000000
     9.030000000     0.000000000     0.135813365     0.000000000
     9.040000000     0.000000000     0.140999313     0.000000000
     9.050000000     0.000000000     0.146103330     0.000000000
     9.060000000     0.000000000     0.151128513     0.000000000
     9.070000000     0.000000000     0.156077749     0.000000000
     9.080000000     0.000000000     0.160953736     0.000000000
     9.090000000     0.000000000     0.165758996     0.000000000
     9.100000000     0.000000000     0.170495896     0.000000000
     9.110000000     0.000000000     0.175166658     0.000000000
     9.120000000     0.000000000     0.179773374     0.000000000
     9.130000000     0.000000000     0.184318015     0.000000000
     9.140000000     0.000000000     0.188802440     0.000000000
     9.150000000     0.000000000     0.193228409     0.000000000
     9.160000000     0.000000000     0.197597587     0.000000000
     9.170000000     0.000000000     0.201911554     0.000000000
     9.180000000     0.000000000     0.206171810     0.000000000
     9.190000000     0.000000000     0.210379780     0.000000000
     9.200000000     0.000000000     0.214536821     0.000000000
     9.210000000     0.000000000     0.218644229     0.000000000
     9.220000000     0.000000000     0.222703238     0.000000000
     9.230000000     0.000000000     0.226715028     0.000000000
     9.240000000     0.000000000     0.230680728     0.000000000
     9.250000000     0.000000000     0.234601419     0.000000000
     9.260000000     0.000000000     0.238478137     0.000000000
     9.270000000     0.000000000     0.242311877     0.000000000
     9.280000000     0.000000000     0.246103594     0.000000000
     9.290000000     0.000000000     0.249854206     0.000000000
     9.300000000     0.000000000     0.253564598     0.000000000
     9.310000000     0.000000000     0.257235620     0.000000000
     9.320000000     0.000000000     0.260868093     0.000000000
     9.330000000     0.000000000     0.264462811     0.000000000
     9.340000000     0.000000000     0.268020538     0.000000000
     9.350000000     0.000000000     0.271542013     0.000000000
     9.360000000     0.000000000     0.275027954     0.000000000
     9.370000000     0.000000000     0.278479054     0.000000000
     9.380000000     0.000000000     0.281895984     0.000000000
     9.390000000     0.000000000     0.285279398     0.000000000
     9.400000000     0.000000000     0.288629930     0.000000000
     9.410000000     0.000000000     0.291948194     0.000000000
     9.420000000     0.000000000     0.295234793     0.000000000
     9.430000000     0.000000000     0.298490309     0.000000000
     9.440000000     0.000000000     0.301715314     0.000000000
     9.450000000     0.000000000     0.304910366     0.000000000
     9.460000000     0.000000000     0.308076011     0.000000000
     9.470000000     0.000000001     0.311212782     0.000000000
     9.480000000     0.000000002     0.314321206     0.000000000
     9.490000000     0.000000004     0.317401801     0.000000001
     9.500000000     0.000000011     0.320455075     0.000000003
     9.510000000     0.000000029     0.323481533     0.000000008
     9.520000000     0.000000073     0.326481676     0.000000020
     9.530000000     0.000000173     0.329456000     0.000000049
     9.540000000     0.000000395     0.332405001     0.000000111
     9.550000000     0.000000869     0.335329177     0.000000245
     9.560000000     0.000001834     0.338229023     0.000000516
     9.570000000     0.000003721     0.341105042     0.000001048
     9.580000000     0.000007253     0.343957737     0.000002042
     9.590000000     0.000013583     0.346787612     0.000003824
     9.600000000     0.000024440     0.349595171     0.000006881
     9.610000000     0.000042249     0.352380902     0.000011895
     9.620000000     0.000070173     0.355145264     0.000019757
     9.630000000     0.000111983     0.357888647     0.000031528
     9.640000000     0.000171695     0.360611302     0.000048339
     9.650000000     0.000252925     0.363313216     0.000071209
     9.660000000     0.000357977     0.365993890     0.000100786
     9.670000000     0.000486796     0.368651936     0.000137053
     9.680000000     0.000636013     0.371284410     0.000179064
     9.690000000     0.000798388     0.373885761     0.000224780
     9.700000000     0.000962920     0.376446491     0.000271102
     9.710000000     0.001115821     0.378952348     0.000314150
     9.720000000     0.001242302     0.381386621     0.000349760
     9.730000000     0.001328886     0.383739577     0.000374137
     9.740000000     0.001365767     0.386023943     0.000384521
     9.750000000     0.001348634     0.388279930     0.000379697
     9.760000000     0.001279497     0.390553648     0.000360232
     9.770000000     0.001166307     0.392868683     0.000328364
     9.780000000     0.001021445     0.395221788     0.000287579
     9.790000000     0.000859498     0.397597220     0.000241985
     9.800000000     0.000694869     0.399979217     0.000195635
     9.810000000     0.000539746     0.402356481     0.000151961
     9.820000000     0.000402814     0.404722100     0.000113409
     9.830000000     0.000288833     0.407072235     0.000081319
     9.840000000     0.000198984     0.409404935     0.000056022
     9.850000000     0.000131710     0.411719335     0.000037082
     9.860000000     0.000083762     0.414015167     0.000023582
     9.870000000     0.000051180     0.416292488     0.000014409
     9.880000000     0.000030046     0.418551514     0.000008459
     9.890000000     0.000016947     0.420792545     0.000004771
     9.900000000     0.000009184     0.423015909     0.000002586
     9.910000000     0.000004782     0.425221941     0.000001346
     9.920000000     0.000002392     0.427410970     0.000000674
     9.930000000     0.000001150     0.429583312     0.000000324
     9.940000000     0.000000531     0.431739269     0.000000149
     9.950000000     0.000000236     0.433879125     0.000000066
     9.960000000     0.000000100     0.436003153     0.000000028
     9.970000000     0.000000041     0.438111608     0.000000012
     9.980000000     0.000000016     0.440204735     0.000000005
     9.990000000     0.000000006     0.442282766     0.000000002
    10.000000000     0.000000002     0.444345922     0.000000001
    10.010000000     0.000000001     0.446394415     0.000000000
    10.020000000     0.000000000     0.448428449     0.000000000
    10.030000000     0.000000000     0.450448219     0.000000000
    10.040000000     0.000000000     0.452453915     0.000000000
    10.050000000     0.000000000     0.454445716     0.000000000
    10.060000000     0.000000000     0.456423801     0.000000000
    10.070000000     0.000000000     0.458388340     0.000000000
    10.080000000     0.000000000     0.460339498     0.000000000
    10.090000000     0.000000000     0.462277437     0.000000000
    10.100000000     0.000000000     0.464202314     0.000000000
    10.110000000     0.000000000     0.466114281     0.000000000
    10.120000000     0.000000000     0.468013489     0.000000000
    10.130000000     0.000000000     0.469900081     0.000000000
    10.140000000     0.000000000     0.471774202     0.000000000
    10.150000000     0.000000000     0.473635991     0.000000000
    10.160000000     0.000000000     0.475485583     0.000000000
    10.170000000     0.000000000     0.477323112     0.000000000
    10.180000000     0.000000000     0.479148710     0.000000000
    10.190000000     0.000000000     0.480962504     0.000000000
    10.200000000     0.000000000     0.482764621     0.000000000
    10.210000000     0.000000000     0.484555185     0.000000000
    10.220000000     0.000000000     0.486334316     0.000000000
    10.230000000     0.000000000     0.488102134     0.000000000
    10.240000000     0.000000000     0.489858756     0.000000000
    10.250000000     0.000000000     0.491604298     0.000000000
    10.260000000     0.000000000     0.493338871     0.000000000
    10.270000000     0.000000000     0.495062589     0.000000000
    10.280000000     0.000000000     0.496775560     0.000000000
    10.290000000     0.000000000     0.498477892     0.000000000
    10.300000000     0.000000000     0.500169692     0.000000000
    10.310000000     0.000000000     0.501851063     0.000000000
    10.320000000     0.000000000     0.503522108     0.000000000
    10.330000000     0.000000000     0.505182930     0.000000000
    10.340000000     0.000000000     0.506833626     0.000000000
    10.350000000     0.000000000     0.508474296     0.000000000
    10.360000000     0.000000000     0.510105037     0.000000000
    10.370000000     0.000000000     0.511725943     0.000000000
    10.380000000     0.000000000     0.513337109     0.000000000
    10.390000000     0.000000000     0.514938628     0.000000000
    10.400000000     0.000000000     0.516530590     0.000000000
    10.410000000     0.000000000     0.518113085     0.000000000
    10.420000000     0.000000000     0.519686203     0.000000000
    10.430000000     0.000000000     0.521250031     0.000000000
    10.440000000     0.000000000     0.522804654     0.000000000
    10.450000000     0.000000000     0.524350160     0.000000000
    10.460000000     0.000000000     0.525886630     0.000000000
    10.470000000     0.000000000     0.527414148     0.000000000
    10.480000000     0.000000000     0.528932797     0.000000000
    10.490000000     0.000000000     0.530442655     0.000000000
    10.500000000     0.000000000     0.531943804     0.000000000
    10.510000000     0.000000000     0.533436321     0.000000000
    10.520000000     0.000000000     0.534920284     0.000000000
    10.530000000     0.000000000     0.536395769     0.000000000
    10.540000000     0.000000000     0.537862853     0.000000000
    10.550000000     0.000000000     0.539321609     0.000000000
    10.560000000     0.000000000     0.540772111     0.000000000
    10.570000000     0.000000000     0.542214431     0.000000000
    10.580000000     0.000000000     0.543648642     0.000000000
    10.590000000     0.000000000     0.545074814     0.000000000
    10.600000000     0.000000000     0.546493017     0.000000000
    10.610000000     0.000000000     0.547903321     0.000000000
    10.620000000     0.000000000     0.549305792     0.000000000
    10.630000000     0.000000000     0.550700499     0.000000000
    10.640000000     0.000000000     0.552087509     0.000000000
    10.650000000     0.000000000     0.553466886     0.000000000
    10.660000000     0.000000000     0.554838696     0.000000000
    10.670000000     0.000000000     0.556203004     0.000000000
    10.680000000     0.000000000     0.557559871     0.000000000
    10.690000000     0.000000000     0.558909361     0.000000000
    10.700000000     0.000000000     0.560251537     0.000000000
    10.710000000     0.000000000     0.561586458     0.000000000
    10.720000000     0.000000000     0.562914185     0.000000000
    10.730000000     0.000000000     0.564234778     0.000000000
    10.740000000     0.000000000     0.565548297     0.000000000
    10.750000000     0.000000000     0.566854798     0.000000000
    10.760000000     0.000000000     0.568154341     0.000000000
    10.770000000     0.000000000     0.569446981     0.000000000
    10.780000000     0.000000000     0.570732775     0.000000000
    10.790000000     0.000000000     0.572011779     0.000000000
    10.800000000     0.000000000     0.573284048     0.000000000
    10.810000000     0.000000000     0.574549636     0.000000000
    10.820000000     0.000000000     0.575808597     0.000000000
    10.830000000     0.000000000     0.577060984     0.000000000
    10.840000000     0.000000000     0.578306849     0.000000000
    10.850000000     0.000000000     0.579546245     0.000000000
    10.860000000     0.000000000     0.580779223     0.000000000
    10.870000000     0.000000000     0.582005834     0.000000000
    10.880000000     0.000000000     0.583226128     0.000000000
    10.890000000     0.000000000     0.584440155     0.000000000
    10.900000000     0.000000000     0.585647963     0.000000000
    10.910000000     0.000000000     0.586849602     0.000000000
    10.920000000     0.000000000     0.588045120     0.000000000
    10.930000000     0.000000000     0.589234563     0.000000000
    10.940000000     0.000000000     0.590417980     0.000000000
    10.950000000     0.000000000     0.591595416     0.000000000
    10.960000000     0.000000000     0.592766919     0.000000000
    10.970000000     0.000000000     0.593932532     0.000000000
    10.980000000     0.000000000     0.595092302     0.000000000
    10.990000000     0.000000000     0.596246272     0.000000000
    11.000000000     0.000000000     0.597394488     0.000000000
