 # Column 1: omega
 # Column 2: eps2(omega)
 # Column 3: eps1(omega)
 # Column 4: JDOS(omega)
     0.000000000     0.000000000     2.397758741     0.000000000
     0.010000000     0.000000000     2.397775446     0.000000000
     0.020000000     0.000000000     2.397825566     0.000000000
     0.030000000     0.000000000     2.397909116     0.000000000
     0.040000000     0.000000000     2.398026117     0.000000000
     0.050000000     0.000000000     2.398176604     0.000000000
     0.060000000     0.000000000     2.398360617     0.000000000
     0.070000000     0.000000000     2.398578208     0.000000000
     0.080000000     0.000000000     2.398829438     0.000000000
     0.090000000     0.000000000     2.399114377     0.000000000
     0.100000000     0.000000000     2.399433105     0.000000000
     0.110000000     0.000000000     2.399785710     0.000000000
     0.120000000     0.000000000     2.400172293     0.000000000
     0.130000000     0.000000000     2.400592961     0.000000000
     0.140000000     0.000000000     2.401047834     0.000000000
     0.150000000     0.000000000     2.401537039     0.000000000
     0.160000000     0.000000000     2.402060717     0.000000000
     0.170000000     0.000000000     2.402619015     0.000000000
     0.180000000     0.000000000     2.403212092     0.000000000
     0.190000000     0.000000000     2.403840118     0.000000000
     0.200000000     0.000000000     2.404503274     0.000000000
     0.210000000     0.000000000     2.405201750     0.000000000
     0.220000000     0.000000000     2.405935749     0.000000000
     0.230000000     0.000000000     2.406705482     0.000000000
     0.240000000     0.000000000     2.407511174     0.000000000
     0.250000000     0.000000000     2.408353062     0.000000000
     0.260000000     0.000000000     2.409231391     0.000000000
     0.270000000     0.000000000     2.410146423     0.000000000
     0.280000000     0.000000000     2.411098427     0.000000000
     0.290000000     0.000000000     2.412087688     0.000000000
     0.300000000     0.000000000     2.413114503     0.000000000
     0.310000000     0.000000000     2.414179181     0.000000000
     0.320000000     0.000000000     2.415282044     0.000000000
     0.330000000     0.000000000     2.416423430     0.000000000
     0.340000000     0.000000000     2.417603687     0.000000000
     0.350000000     0.000000000     2.418823180     0.000000000
     0.360000000     0.000000000     2.420082288     0.000000000
     0.370000000     0.000000000     2.421381404     0.000000000
     0.380000000     0.000000000     2.422720938     0.000000000
     0.390000000     0.000000000     2.424101314     0.000000000
     0.400000000     0.000000000     2.425522972     0.000000000
     0.410000000     0.000000000     2.426986371     0.000000000
     0.420000000     0.000000000     2.428491984     0.000000000
     0.430000000     0.000000000     2.430040303     0.000000000
     0.440000000     0.000000000     2.431631838     0.000000000
     0.450000000     0.000000000     2.433267118     0.000000000
     0.460000000     0.000000000     2.434946690     0.000000000
     0.470000000     0.000000000     2.436671121     0.000000000
     0.480000000     0.000000000     2.438441000     0.000000000
     0.490000000     0.000000000     2.440256934     0.000000000
     0.500000000     0.000000000     2.442119554     0.000000000
     0.510000000     0.000000000     2.444029512     0.000000000
     0.520000000     0.000000000     2.445987485     0.000000000
     0.530000000     0.000000000     2.447994172     0.000000000
     0.540000000     0.000000000     2.450050297     0.000000000
     0.550000000     0.000000000     2.452156611     0.000000000
     0.560000000     0.000000000     2.454313890     0.000000000
     0.570000000     0.000000000     2.456522937     0.000000000
     0.580000000     0.000000000     2.458784586     0.000000000
     0.590000000     0.000000000     2.461099699     0.000000000
     0.600000000     0.000000000     2.463469167     0.000000000
     0.610000000     0.000000000     2.465893915     0.000000000
     0.620000000     0.000000000     2.468374900     0.000000000
     0.630000000     0.000000000     2.470913113     0.000000000
     0.640000000     0.000000000     2.473509583     0.000000000
     0.650000000     0.000000000     2.476165372     0.000000000
     0.660000000     0.000000000     2.478881583     0.000000000
     0.670000000     0.000000000     2.481659359     0.000000000
     0.680000000     0.000000000     2.484499883     0.000000000
     0.690000000     0.000000000     2.487404385     0.000000000
     0.700000000     0.000000000     2.490374136     0.000000000
     0.710000000     0.000000000     2.493410458     0.000000000
     0.720000000     0.000000000     2.496514718     0.000000000
     0.730000000     0.000000000     2.499688339     0.000000000
     0.740000000     0.000000000     2.502932796     0.000000000
     0.750000000     0.000000000     2.506249617     0.000000000
     0.760000000     0.000000000     2.509640394     0.000000000
     0.770000000     0.000000000     2.513106777     0.000000000
     0.780000000     0.000000000     2.516650480     0.000000000
     0.790000000     0.000000000     2.520273287     0.000000000
     0.800000000     0.000000000     2.523977049     0.000000000
     0.810000000     0.000000000     2.527763692     0.000000000
     0.820000000     0.000000000     2.531635221     0.000000000
     0.830000000     0.000000000     2.535593721     0.000000000
     0.840000000     0.000000000     2.539641362     0.000000000
     0.850000000     0.000000000     2.543780404     0.000000000
     0.860000000     0.000000000     2.548013201     0.000000000
     0.870000000     0.000000000     2.552342206     0.000000000
     0.880000000     0.000000000     2.556769977     0.000000000
     0.890000000     0.000000000     2.561299180     0.000000000
     0.900000000     0.000000000     2.565932600     0.000000000
     0.910000000     0.000000000     2.570673141     0.000000000
     0.920000000     0.000000000     2.575523838     0.000000000
     0.930000000     0.000000000     2.580487859     0.000000000
     0.940000000     0.000000000     2.585568519     0.000000000
     0.950000000     0.000000000     2.590769283     0.000000000
     0.960000000     0.000000000     2.596093778     0.000000000
     0.970000000     0.000000000     2.601545800     0.000000000
     0.980000000     0.000000000     2.607129327     0.000000000
     0.990000000     0.000000000     2.612848527     0.000000000
     1.000000000     0.000000000     2.618707772     0.000000000
     1.010000000     0.000000000     2.624711650     0.000000000
     1.020000000     0.000000000     2.630864979     0.000000000
     1.030000000     0.000000000     2.637172819     0.000000000
     1.040000000     0.000000000     2.643640492     0.000000000
     1.050000000     0.000000000     2.650273598     0.000000000
     1.060000000     0.000000000     2.657078032     0.000000000
     1.070000000     0.000000000     2.664060004     0.000000000
     1.080000000     0.000000000     2.671226064     0.000000000
     1.090000000     0.000000000     2.678583124     0.000000000
     1.100000000     0.000000000     2.686138480     0.000000000
     1.110000000     0.000000000     2.693899848     0.000000000
     1.120000000     0.000000000     2.701875387     0.000000000
     1.130000000     0.000000000     2.710073737     0.000000000
     1.140000000     0.000000000     2.718504054     0.000000000
     1.150000000     0.000000000     2.727176049     0.000000000
     1.160000000     0.000000000     2.736100035     0.000000000
     1.170000000     0.000000000     2.745286971     0.000000000
     1.180000000     0.000000000     2.754748516     0.000000000
     1.190000000     0.000000000     2.764497091     0.000000000
     1.200000000     0.000000000     2.774545935     0.000000000
     1.210000000     0.000000000     2.784909185     0.000000000
     1.220000000     0.000000000     2.795601948     0.000000000
     1.230000000     0.000000000     2.806640389     0.000000000
     1.240000000     0.000000000     2.818041829     0.000000000
     1.250000000     0.000000000     2.829824852     0.000000000
     1.260000000     0.000000000     2.842009421     0.000000000
     1.270000000     0.000000000     2.854617017     0.000000000
     1.280000000     0.000000000     2.867670784     0.000000000
     1.290000000     0.000000000     2.881195695     0.000000000
     1.300000000     0.000000000     2.895218744     0.000000000
     1.310000000     0.000000000     2.909769157     0.000000000
     1.320000000     0.000000000     2.924878625     0.000000000
     1.330000000     0.000000000     2.940581580     0.000000000
     1.340000000     0.000000000     2.956915496     0.000000000
     1.350000000     0.000000000     2.973921241     0.000000000
     1.360000000     0.000000000     2.991643463     0.000000000
     1.370000000     0.000000000     3.010131049     0.000000000
     1.380000000     0.000000001     3.029437632     0.000000000
     1.390000000     0.000000005     3.049622186     0.000000000
     1.400000000     0.000000016     3.070749694     0.000000000
     1.410000000     0.000000052     3.092891932     0.000000000
     1.420000000     0.000000164     3.116128354     0.000000001
     1.430000000     0.000000495     3.140547123     0.000000002
     1.440000000     0.000001444     3.166246296     0.000000005
     1.450000000     0.000004062     3.193335182     0.000000012
     1.460000000     0.000011020     3.221935907     0.000000029
     1.470000000     0.000028818     3.252185207     0.000000067
     1.480000000     0.000072629     3.284236458     0.000000153
     1.490000000     0.000176361     3.318261967     0.000000334
     1.500000000     0.000412518     3.354455500     0.000000702
     1.510000000     0.000929240     3.393034997     0.000001418
     1.520000000     0.002015406     3.434245337     0.000002757
     1.530000000     0.004207807     3.478360890     0.000005156
     1.540000000     0.008455195     3.525687330     0.000009280
     1.550000000     0.016348873     3.576561752     0.000016076
     1.560000000     0.030414222     3.631349359     0.000026811
     1.570000000     0.054428318     3.690433615     0.000043055
     1.580000000     0.093685670     3.754194286     0.000066590
     1.590000000     0.155084422     3.822963433     0.000099215
     1.600000000     0.246866590     3.896941612     0.000142439
     1.610000000     0.377844876     3.976042795     0.000197097
     1.620000000     0.556013440     4.059613006     0.000262926
     1.630000000     0.786587072     4.145929970     0.000338222
     1.640000000     1.069729103     4.231339215     0.000419660
     1.650000000     1.398460177     4.308837063     0.000502382
     1.660000000     1.757399752     4.365954154     0.000580408
     1.670000000     2.122983838     4.382146318     0.000647354
     1.680000000     2.465565508     4.327135733     0.000697362
     1.690000000     2.753355631     4.164895464     0.000726081
     1.700000000     2.957611060     3.872015057     0.000731531
     1.710000000     3.058006168     3.470901702     0.000714661
     1.720000000     3.046914561     3.045133033     0.000679494
     1.730000000     2.931488971     2.697207193     0.000632837
     1.740000000     2.732934986     2.484102630     0.000583590
     1.750000000     2.483074086     2.402219471     0.000541786
     1.760000000     2.218957308     2.417144976     0.000517521
     1.770000000     1.976717004     2.492258824     0.000519907
     1.780000000     1.785924852     2.599506654     0.000556218
     1.790000000     1.665482970     2.718990454     0.000631299
     1.800000000     1.621635708     2.835042819     0.000747352
     1.810000000     1.648209350     2.932284056     0.000904095
     1.820000000     1.728789446     2.993458019     0.001099320
     1.830000000     1.840286784     3.001450995     0.001329776
     1.840000000     1.957217938     2.947199750     0.001592261
     1.850000000     2.056001674     2.837838294     0.001884785
     1.860000000     2.118621057     2.693158038     0.002207622
     1.870000000     2.135116703     2.534874970     0.002564129
     1.880000000     2.104564860     2.387200104     0.002961202
     1.890000000     2.034450320     2.279600313     0.003409328
     1.900000000     1.938636015     2.233262411     0.003922179
     1.910000000     1.834397346     2.247884822     0.004515723
     1.920000000     1.739159360     2.306318499     0.005206811
     1.930000000     1.667597350     2.386224057     0.006011293
     1.940000000     1.629628025     2.466740869     0.006941756
     1.950000000     1.629569904     2.531165069     0.008005169
     1.960000000     1.666463359     2.569943642     0.009200754
     1.970000000     1.735293276     2.583701377     0.010518483
     1.980000000     1.828707716     2.581082312     0.011938490
     1.990000000     1.938791557     2.569552331     0.013431529
     2.000000000     2.058516159     2.548295066     0.014960457
     2.010000000     2.182607708     2.510698496     0.016482606
     2.020000000     2.307723167     2.453208732     0.017952900
     2.030000000     2.431972052     2.383066865     0.019327606
     2.040000000     2.553962271     2.315429040     0.020568630
     2.050000000     2.671664406     2.259757978     0.021648114
     2.060000000     2.781455035     2.210594423     0.022552839
     2.070000000     2.877683364     2.151139978     0.023287610
     2.080000000     2.952985611     2.062103462     0.023876605
     2.090000000     2.999360521     1.929476794     0.024361764
     2.100000000     3.009771905     1.752377449     0.024797797
     2.110000000     2.979844449     1.548674313     0.025244246
     2.120000000     2.909147845     1.350008759     0.025755894
     2.130000000     2.801660914     1.187010867     0.026373554
     2.140000000     2.665247150     1.075975024     0.027117392
     2.150000000     2.510273381     1.015016220     0.027984465
     2.160000000     2.347756309     0.989509716     0.028951155
     2.170000000     2.187539424     0.980815191     0.029979961
     2.180000000     2.036951842     0.973748814     0.031028993
     2.190000000     1.900212656     0.960984630     0.032061968
     2.200000000     1.778597705     0.943084607     0.033056469
     2.210000000     1.671170311     0.924104181     0.034008836
     2.220000000     1.575759515     0.906978758     0.034934992
     2.230000000     1.489870284     0.893558598     0.035867439
     2.240000000     1.411307075     0.886412552     0.036849500
     2.250000000     1.338434308     0.887448955     0.037928251
     2.260000000     1.270129450     0.895375964     0.039147661
     2.270000000     1.205566500     0.906264624     0.040543109
     2.280000000     1.143984548     0.916517565     0.042137960
     2.290000000     1.084557055     0.924648836     0.043942266
     2.300000000     1.026407642     0.930424390     0.045953211
     2.310000000     0.968747380     0.933648693     0.048156607
     2.320000000     0.911061297     0.935396719     0.050528722
     2.330000000     0.853260137     0.939612360     0.053037893
     2.340000000     0.795735615     0.950885806     0.055645706
     2.350000000     0.739299938     0.970599620     0.058307840
     2.360000000     0.685034565     0.996682453     0.060974896
     2.370000000     0.634102046     1.026125629     0.063593545
     2.380000000     0.587579569     1.056552018     0.066108229
     2.390000000     0.546355063     1.086432485     0.068463357
     2.400000000     0.511096860     1.115400589     0.070605736
     2.410000000     0.482279551     1.144577445     0.072486884
     2.420000000     0.460232798     1.175679802     0.074064945
     2.430000000     0.445180181     1.209315930     0.075306176
     2.440000000     0.437248098     1.244286831     0.076186243
     2.450000000     0.436441860     1.278345931     0.076691698
     2.460000000     0.442599446     1.309524538     0.076821907
     2.470000000     0.455338508     1.337082639     0.076591396
     2.480000000     0.474010047     1.361303462     0.076032124
     2.490000000     0.497666946     1.382329996     0.075194816
     2.500000000     0.525051674     1.399485325     0.074148393
     2.510000000     0.554607260     1.411855682     0.072976774
     2.520000000     0.584517765     1.419118818     0.071772829
     2.530000000     0.612785534     1.421282352     0.070629998
     2.540000000     0.637349307     1.417882257     0.069632683
     2.550000000     0.656238770     1.408263493     0.068846929
     2.560000000     0.667749632     1.392666070     0.068312940
     2.570000000     0.670613328     1.372775730     0.068040676
     2.580000000     0.664131611     1.351448835     0.068009200
     2.590000000     0.648251001     1.331850213     0.068169773
     2.600000000     0.623564362     1.316196861     0.068452043
     2.610000000     0.591242447     1.305043026     0.068772238
     2.620000000     0.552911872     1.298039484     0.069042049
     2.630000000     0.510503208     1.295103155     0.069177017
     2.640000000     0.466092431     1.296601603     0.069103447
     2.650000000     0.421752404     1.302912172     0.068763309
     2.660000000     0.379422295     1.314109201     0.068116888
     2.670000000     0.340795659     1.329768237     0.067143262
     2.680000000     0.307224970     1.348930702     0.065838868
     2.690000000     0.279642169     1.370421048     0.064214557
     2.700000000     0.258499691     1.393250172     0.062291688
     2.710000000     0.243741855     1.416653391     0.060097912
     2.720000000     0.234819425     1.439733262     0.057663358
     2.730000000     0.230758143     1.461187039     0.055017905
     2.740000000     0.230284092     1.479564932     0.052190015
     2.750000000     0.231995751     1.493945720     0.049207263
     2.760000000     0.234557699     1.504355771     0.046098303
     2.770000000     0.236879120     1.511422765     0.042895586
     2.780000000     0.238236824     1.516069631     0.039637933
     2.790000000     0.238311139     1.520032201     0.036372023
     2.800000000     0.237123553     1.525785821     0.033152064
     2.810000000     0.234892576     1.534957767     0.030037397
     2.820000000     0.231850100     1.547105590     0.027088277
     2.830000000     0.228075172     1.560165090     0.024360639
     2.840000000     0.223398742     1.571668496     0.021900917
     2.850000000     0.217411272     1.579705483     0.019742039
     2.860000000     0.209571651     1.583421359     0.017901362
     2.870000000     0.199382265     1.583453995     0.016380838
     2.880000000     0.186573325     1.582316280     0.015169061
     2.890000000     0.171237451     1.583514193     0.014244490
     2.900000000     0.153873195     1.589462353     0.013578918
     2.910000000     0.135326467     1.600411826     0.013140465
     2.920000000     0.116650259     1.615155271     0.012895670
     2.930000000     0.098924702     1.632172170     0.012810656
     2.940000000     0.083085336     1.650238033     0.012851654
     2.950000000     0.069797881     1.668551263     0.012985261
     2.960000000     0.059398719     1.686664344     0.013178786
     2.970000000     0.051899922     1.704360554     0.013400848
     2.980000000     0.047042763     1.721555764     0.013622253
     2.990000000     0.044377600     1.738218748     0.013817009
     3.000000000     0.043349888     1.754267619     0.013963315
     3.010000000     0.043378646     1.769514532     0.014044360
     3.020000000     0.043920922     1.783729912     0.014048795
     3.030000000     0.044520925     1.796810492     0.013970845
     3.040000000     0.044844739     1.808983962     0.013810057
     3.050000000     0.044701448     1.820825694     0.013570783
     3.060000000     0.044050641     1.832921910     0.013261526
     3.070000000     0.042995626     1.845504628     0.012894294
     3.080000000     0.041761960     1.858477789     0.012484064
     3.090000000     0.040661931     1.871736417     0.012048353
     3.100000000     0.040047264     1.885372827     0.011606806
     3.110000000     0.040254195     1.899557801     0.011180603
     3.120000000     0.041546989     1.914301752     0.010791546
     3.130000000     0.044067626     1.929377090     0.010460772
     3.140000000     0.047800212     1.944375934     0.010207203
     3.150000000     0.052557971     1.958774485     0.010045996
     3.160000000     0.057998029     1.972014000     0.009987297
     3.170000000     0.063664612     1.983681476     0.010035553
     3.180000000     0.069055499     1.993743627     0.010189540
     3.190000000     0.073701154     2.002553277     0.010443125
     3.200000000     0.077242303     2.010541217     0.010786709
     3.210000000     0.079491248     2.018098336     0.011209218
     3.220000000     0.080465179     2.025833340     0.011700484
     3.230000000     0.080385500     2.034534519     0.012253723
     3.240000000     0.079644270     2.044689667     0.012867694
     3.250000000     0.078745273     2.056281798     0.013548003
     3.260000000     0.078231347     2.069021288     0.014307031
     3.270000000     0.078610599     2.082545464     0.015162162
     3.280000000     0.080292205     2.096437648     0.016132384
     3.290000000     0.083538796     2.110296574     0.017233815
     3.300000000     0.088438604     2.123896951     0.018475105
     3.310000000     0.094897799     2.137197729     0.019853835
     3.320000000     0.102652393     2.150084321     0.021354858
     3.330000000     0.111299198     2.162185320     0.022951110
     3.340000000     0.120345440     2.173069710     0.024606813
     3.350000000     0.129275464     2.182551932     0.026282446
     3.360000000     0.137629841     2.190751205     0.027940525
     3.370000000     0.145087483     2.197931912     0.029551172
     3.380000000     0.151536539     2.204354331     0.031096602
     3.390000000     0.157117128     2.210392160     0.032573983
     3.400000000     0.162220420     2.216847403     0.033996407
     3.410000000     0.167435312     2.224817103     0.035391968
     3.420000000     0.173445400     2.234970394     0.036801062
     3.430000000     0.180892652     2.247106218     0.038272161
     3.440000000     0.190236172     2.260391058     0.039856460
     3.450000000     0.201640353     2.273763223     0.041601945
     3.460000000     0.214923356     2.286107437     0.043547634
     3.470000000     0.229583435     2.296256090     0.045718763
     3.480000000     0.244900022     2.303050327     0.048123629
     3.490000000     0.260084402     2.305736824     0.050752462
     3.500000000     0.274438789     2.304685092     0.053578389
     3.510000000     0.287478879     2.301752837     0.056560182
     3.520000000     0.298986131     2.299602734     0.059646293
     3.530000000     0.308979147     2.300275260     0.062779717
     3.540000000     0.317620759     2.304088340     0.065903287
     3.550000000     0.325098682     2.309591399     0.068965129
     3.560000000     0.331524619     2.314458853     0.071923992
     3.570000000     0.336886746     2.316710740     0.074753989
     3.580000000     0.341067627     2.315691926     0.077448037
     3.590000000     0.343913333     2.312358876     0.080019187
     3.600000000     0.345320417     2.308645300     0.082499089
     3.610000000     0.345302831     2.306411922     0.084933363
     3.620000000     0.344011733     2.306759526     0.087374345
     3.630000000     0.341701937     2.309857392     0.089872538
     3.640000000     0.338660273     2.314995475     0.092468654
     3.650000000     0.335124821     2.320824573     0.095188295
     3.660000000     0.331225258     2.325984500     0.098040706
     3.670000000     0.326964489     2.329906905     0.101022052
     3.680000000     0.322245607     2.333110651     0.104122283
     3.690000000     0.316932816     2.336632618     0.107333582
     3.700000000     0.310925578     2.341195903     0.110657831
     3.710000000     0.304223883     2.346917243     0.114110775
     3.720000000     0.296967918     2.353630114     0.117721545
     3.730000000     0.289444485     2.361366862     0.121527555
     3.740000000     0.282061692     2.370513768     0.125566107
     3.750000000     0.275300597     2.381518113     0.129864915
     3.760000000     0.269656337     2.394482160     0.134433877
     3.770000000     0.265582069     2.409020321     0.139259962
     3.780000000     0.263447135     2.424440136     0.144306113
     3.790000000     0.263516998     2.440030210     0.149513996
     3.800000000     0.265957482     2.455303095     0.154809627
     3.810000000     0.270860287     2.470167201     0.160110405
     3.820000000     0.278281656     2.484820419     0.165332071
     3.830000000     0.288281990     2.499363414     0.170394345
     3.840000000     0.300951984     2.513562204     0.175224532
     3.850000000     0.316411225     2.526990789     0.179758858
     3.860000000     0.334769081     2.539366738     0.183941907
     3.870000000     0.356045647     2.550757264     0.187724927
     3.880000000     0.380062248     2.561428946     0.191064141
     3.890000000     0.406324283     2.571415060     0.193920195
     3.900000000     0.433930032     2.580158056     0.196259672
     3.910000000     0.461542311     2.586441917     0.198058890
     3.920000000     0.487451568     2.588520044     0.199309416
     3.930000000     0.509738676     2.584504010     0.200023841
     3.940000000     0.526517926     2.573323134     0.200239898
     3.950000000     0.536214152     2.555941624     0.200021056
     3.960000000     0.537812765     2.535689602     0.199452541
     3.970000000     0.531024301     2.517121058     0.198632896
     3.980000000     0.516326459     2.504213200     0.197662565
     3.990000000     0.494879195     2.498895951     0.196631877
     4.000000000     0.468340830     2.500527315     0.195611024
     4.010000000     0.438633947     2.506812738     0.194644087
     4.020000000     0.407713192     2.515661903     0.193747958
     4.030000000     0.377374529     2.526620460     0.192915777
     4.040000000     0.349124602     2.540731962     0.192123474
     4.050000000     0.324109312     2.559002814     0.191337639
     4.060000000     0.303089325     2.581231762     0.190523167
     4.070000000     0.286448541     2.606212331     0.189649778
     4.080000000     0.274226070     2.632417986     0.188697221
     4.090000000     0.266167578     2.658415669     0.187659401
     4.100000000     0.261793626     2.683198535     0.186547729
     4.110000000     0.260480274     2.706508998     0.185393674
     4.120000000     0.261542846     2.728847372     0.184250085
     4.130000000     0.264311139     2.751042550     0.183190607
     4.140000000     0.268185654     2.773672805     0.182306591
     4.150000000     0.272669532     2.796759419     0.181701343
     4.160000000     0.277377523     2.819933670     0.181482169
     4.170000000     0.282028375     2.842863973     0.181751308
     4.180000000     0.286428723     2.865509196     0.182597138
     4.190000000     0.290454870     2.888037665     0.184087047
     4.200000000     0.294035500     2.910733733     0.186262911
     4.210000000     0.297135592     2.934066236     0.189139490
     4.220000000     0.299741030     2.958582122     0.192705317
     4.230000000     0.301844508     2.984523761     0.196925072
     4.240000000     0.303435164     3.011618982     0.201742145
     4.250000000     0.304495219     3.039350154     0.207080201
     4.260000000     0.305006028     3.067448556     0.212843022
     4.270000000     0.304963462     3.096198742     0.218912635
     4.280000000     0.304399683     3.126324639     0.225146426
     4.290000000     0.303406467     3.158548856     0.231374498
     4.300000000     0.302155079     3.193185595     0.237398662
     4.310000000     0.300909448     3.230101248     0.242994286
     4.320000000     0.300032416     3.269096924     0.247915805
     4.330000000     0.299988445     3.310378238     0.251906196
     4.340000000     0.301349669     3.354581802     0.254710294
     4.350000000     0.304815097     3.402254598     0.256091442
     4.360000000     0.311254397     3.453398807     0.255850601
     4.370000000     0.321786944     3.507598457     0.253846523
     4.380000000     0.337902258     3.564440686     0.250014997
     4.390000000     0.361617734     3.623738124     0.244384548
     4.400000000     0.395652393     3.685583432     0.237085666
     4.410000000     0.443571509     3.750340764     0.228350891
     4.420000000     0.509829726     3.818347409     0.218503996
     4.430000000     0.599617853     3.889411576     0.207938193
     4.440000000     0.718414351     3.962494219     0.197085208
     4.450000000     0.871172342     4.035672849     0.186378907
     4.460000000     1.061148889     4.106457962     0.176218365
     4.470000000     1.288503501     4.172227347     0.166935474
     4.480000000     1.548933826     4.229597346     0.158771455
     4.490000000     1.832731457     4.272004205     0.151865072
     4.500000000     2.124670939     4.287052412     0.146253427
     4.510000000     2.405042980     4.256174464     0.141884277
     4.520000000     2.651899685     4.158254351     0.138637204
     4.530000000     2.844243522     3.978720170     0.136349817
     4.540000000     2.965562733     3.723691576     0.134844621
     4.550000000     3.006915010     3.430280529     0.133952259
     4.560000000     2.968781285     3.157163775     0.133527703
     4.570000000     2.861173565     2.955269934     0.133457460
     4.580000000     2.701916239     2.844478953     0.133657952
     4.590000000     2.513492619     2.814718742     0.134067309
     4.600000000     2.319204682     2.841593668     0.134634370
     4.610000000     2.139524868     2.899935001     0.135309150
     4.620000000     1.989398748     2.969818874     0.136038142
     4.630000000     1.876947471     3.037408672     0.136765886
     4.640000000     1.803634481     3.094393605     0.137441857
     4.650000000     1.765622682     3.138101312     0.138029847
     4.660000000     1.755838438     3.170630931     0.138516229
     4.670000000     1.766203395     3.194821521     0.138914099
     4.680000000     1.789569310     3.210756235     0.139261960
     4.690000000     1.821043390     3.218791783     0.139617561
     4.700000000     1.858568392     3.225775128     0.140049095
     4.710000000     1.902782778     3.243350195     0.140626489
     4.720000000     1.956308680     3.277942443     0.141415015
     4.730000000     2.022690028     3.325409093     0.142472144
     4.740000000     2.105228744     3.375785214     0.143847168
     4.750000000     2.205947961     3.420492614     0.145582034
     4.760000000     2.324857759     3.454553641     0.147711683
     4.770000000     2.459625026     3.474472096     0.150262749
     4.780000000     2.605670986     3.477198445     0.153250559
     4.790000000     2.756651031     3.461596655     0.156675423
     4.800000000     2.905219577     3.427831431     0.160519762
     4.810000000     3.043950222     3.374231187     0.164747443
     4.820000000     3.166267869     3.298967271     0.169305869
     4.830000000     3.267254577     3.206217913     0.174130366
     4.840000000     3.344214975     3.106552501     0.179149565
     4.850000000     3.396928994     3.010882433     0.184290310
     4.860000000     3.427573398     2.926540168     0.189481081
     4.870000000     3.440348238     2.856604737     0.194653812
     4.880000000     3.440886908     2.799341582     0.199744833
     4.890000000     3.435550147     2.749855237     0.204696069
     4.900000000     3.430704232     2.705180652     0.209457364
     4.910000000     3.432068839     2.667700169     0.213990033
     4.920000000     3.444200471     2.641522301     0.218270850
     4.930000000     3.470159148     2.625430478     0.222295013
     4.940000000     3.511388395     2.611251232     0.226076670
     4.950000000     3.567815272     2.589281985     0.229646137
     4.960000000     3.638143500     2.554553741     0.233043986
     4.970000000     3.720271351     2.507277977     0.236313146
     4.980000000     3.811729104     2.448521310     0.239490853
     4.990000000     3.910015886     2.378717947     0.242602399
     5.000000000     4.012736448     2.300468311     0.245658161
     5.010000000     4.117496537     2.218796231     0.248654618
     5.020000000     4.221596900     2.136569499     0.251578998
     5.030000000     4.321644587     2.050851801     0.254416360
     5.040000000     4.413247039     1.954553143     0.257157226
     5.050000000     4.490949409     1.841103262     0.259803762
     5.060000000     4.548515647     1.707441585     0.262372790
     5.070000000     4.579555458     1.554028122     0.264894721
     5.080000000     4.578392703     1.384276977     0.267408524
     5.090000000     4.540990107     1.204765536     0.269953845
     5.100000000     4.465715886     1.025333455     0.272562078
     5.110000000     4.353768904     0.857961238     0.275248307
     5.120000000     4.209159664     0.713364834     0.278005651
     5.130000000     4.038249473     0.597005936     0.280802803
     5.140000000     3.848948743     0.508463423     0.283584810
     5.150000000     3.649741845     0.444525713     0.286276587
     5.160000000     3.448727006     0.402125101     0.288788482
     5.170000000     3.252836970     0.378627035     0.291023242
     5.180000000     3.067352323     0.370948558     0.292883816
     5.190000000     2.895752142     0.375437140     0.294281438
     5.200000000     2.739881885     0.388438876     0.295143290
     5.210000000     2.600366692     0.406822693     0.295418932
     5.220000000     2.477164423     0.428434030     0.295084692
     5.230000000     2.370137907     0.452578954     0.294145468
     5.240000000     2.279530031     0.480200551     0.292633836
     5.250000000     2.206247517     0.513258545     0.290606731
     5.260000000     2.151897367     0.553469912     0.288140279
     5.270000000     2.118568474     0.601369797     0.285323376
     5.280000000     2.108400826     0.655968247     0.282250549
     5.290000000     2.123025071     0.714488471     0.279014574
     5.300000000     2.162976737     0.771935910     0.275699440
     5.310000000     2.227188316     0.821361745     0.272374412
     5.320000000     2.312642440     0.855906033     0.269090105
     5.330000000     2.414240160     0.871288470     0.265877368
     5.340000000     2.524910546     0.866073614     0.262749361
     5.350000000     2.635967888     0.840121214     0.259706494
     5.360000000     2.737708730     0.793801911     0.256743147
     5.370000000     2.820224459     0.727789899     0.253854584
     5.380000000     2.874376752     0.642131899     0.251042351
     5.390000000     2.892840733     0.536514209     0.248316895
     5.400000000     2.871073845     0.413757328     0.245696906
     5.410000000     2.808037300     0.283927391     0.243205836
     5.420000000     2.706503340     0.163742706     0.240866861
     5.430000000     2.572837374     0.070117381     0.238697971
     5.440000000     2.416242902     0.012857569     0.236708823
     5.450000000     2.247573968    -0.007979213     0.234900370
     5.460000000     2.077919600     0.000846166     0.233267401
     5.470000000     1.917216406     0.030508367     0.231803084
     5.480000000     1.773134083     0.073327633     0.230503911
     5.490000000     1.650410097     0.123528077     0.229373209
     5.500000000     1.550706760     0.176270622     0.228421846
     5.510000000     1.472955966     0.226767468     0.227665730
     5.520000000     1.414069715     0.270636206     0.227120883
     5.530000000     1.369843711     0.305340857     0.226797902
     5.540000000     1.335870576     0.331652878     0.226697972
     5.550000000     1.308303530     0.353394273     0.226812309
     5.560000000     1.284360610     0.374945405     0.227125823
     5.570000000     1.262521855     0.398888564     0.227624415
     5.580000000     1.242435152     0.426061717     0.228304006
     5.590000000     1.224599667     0.457026134     0.229178630
     5.600000000     1.209929740     0.492164384     0.230284876
     5.610000000     1.199311507     0.530001283     0.231680780
     5.620000000     1.193248869     0.566825114     0.233438495
     5.630000000     1.191660167     0.598950297     0.235631530
     5.640000000     1.193841827     0.625037503     0.238318487
     5.650000000     1.198572543     0.646003109     0.241525858
     5.660000000     1.204302334     0.662998281     0.245232486
     5.670000000     1.209361999     0.676088285     0.249357871
     5.680000000     1.212140791     0.685322918     0.253755893
     5.690000000     1.211207445     0.692459028     0.258214936
     5.700000000     1.205380701     0.700397743     0.262464955
     5.710000000     1.193777581     0.710662155     0.266191696
     5.720000000     1.175871241     0.721878358     0.269057861
     5.730000000     1.151573508     0.730953580     0.270730284
     5.740000000     1.121327556     0.736001915     0.270911121
     5.750000000     1.086168297     0.738910097     0.269369860
     5.760000000     1.047697631     0.745577671     0.265971899
     5.770000000     1.007937786     0.762683013     0.260699118
     5.780000000     0.969065852     0.793095551     0.253658462
     5.790000000     0.933081103     0.834284777     0.245076292
     5.800000000     0.901492785     0.880586126     0.235278650
     5.810000000     0.875122006     0.926510624     0.224660221
     5.820000000     0.854081752     0.968637573     0.213646877
     5.830000000     0.837943461     1.005645747     0.202657745
     5.840000000     0.826038163     1.037869159     0.192072441
     5.850000000     0.817797846     1.067767030     0.182207726
     5.860000000     0.813033646     1.099948973     0.173305554
     5.870000000     0.812073020     1.138484278     0.165532222
     5.880000000     0.815726259     1.183826237     0.158986380
     5.890000000     0.825104783     1.233018100     0.153712648
     5.900000000     0.841352180     1.282283243     0.149717408
     5.910000000     0.865364319     1.329379494     0.146983882
     5.920000000     0.897567268     1.374333352     0.145484521
     5.930000000     0.937798277     1.418026753     0.145189640
     5.940000000     0.985305311     1.459871348     0.146071929
     5.950000000     1.038852496     1.497060178     0.148106964
     5.960000000     1.096897487     1.526236904     0.151270188
     5.970000000     1.157794981     1.546286251     0.155531177
     5.980000000     1.219980052     1.559568562     0.160846334
     5.990000000     1.282096177     1.569790179     0.167151489
     6.000000000     1.343053528     1.578921237     0.174355932
     6.010000000     1.402027835     1.586792686     0.182339230
     6.020000000     1.458429993     1.592801313     0.190951650
     6.030000000     1.511883487     1.596567749     0.200018346
     6.040000000     1.562236483     1.596843285     0.209346817
     6.050000000     1.609612014     1.591560283     0.218736726
     6.060000000     1.654473221     1.580396498     0.227990978
     6.070000000     1.697664139     1.566715148     0.236927027
     6.080000000     1.740388612     1.555853931     0.245387429
     6.090000000     1.784110480     1.551300831     0.253248755
     6.100000000     1.830387682     1.552271981     0.260427913
     6.110000000     1.880677277     1.554323600     0.266884892
     6.120000000     1.936156180     1.552149535     0.272621068
     6.130000000     1.997591035     1.542597245     0.277672655
     6.140000000     2.065267567     1.526102094     0.282099644
     6.150000000     2.138967838     1.505231698     0.285971603
     6.160000000     2.217974388     1.481722283     0.289352632
     6.170000000     2.301086130     1.455190704     0.292288300
     6.180000000     2.386645624     1.423726912     0.294797234
     6.190000000     2.472589382     1.384412019     0.296869151
     6.200000000     2.556532567     1.333894447     0.298469709
     6.210000000     2.635885930     1.270074574     0.299551043
     6.220000000     2.707984100     1.193929355     0.300065627
     6.230000000     2.770193603     1.109493445     0.299980560
     6.240000000     2.819975790     1.021415512     0.299289529
     6.250000000     2.854904487     0.932265003     0.298020391
     6.260000000     2.872669586     0.842249571     0.296237333
     6.270000000     2.871119075     0.750532775     0.294037544
     6.280000000     2.848388876     0.655543053     0.291543154
     6.290000000     2.803138842     0.554886739     0.288889806
     6.300000000     2.734864698     0.448546717     0.286213662
     6.310000000     2.644209656     0.342961879     0.283638870
     6.320000000     2.533176661     0.248315467     0.281267562
     6.330000000     2.405154501     0.171797410     0.279174109
     6.340000000     2.264715701     0.115604437     0.277404693
     6.350000000     2.117205218     0.079206201     0.275982174
     6.360000000     1.968194675     0.061058546     0.274914986
     6.370000000     1.822908557     0.058556853     0.274207767
     6.380000000     1.685728331     0.068089286     0.273870782
     6.390000000     1.559852103     0.086252903     0.273925414
     6.400000000     1.447144157     0.110680051     0.274403872
     6.410000000     1.348166177     0.139558188     0.275342794
     6.420000000     1.262351911     0.171048724     0.276772052
     6.430000000     1.188274115     0.203523237     0.278701456
     6.440000000     1.123954378     0.236094295     0.281108777
     6.450000000     1.067176315     0.268481231     0.283932394
     6.460000000     1.015773653     0.300390622     0.287070928
     6.470000000     0.967872643     0.331318183     0.290390743
     6.480000000     0.922072635     0.361118583     0.293740480
     6.490000000     0.877551960     0.390971456     0.296970175
     6.500000000     0.834091578     0.423345492     0.299951363
     6.510000000     0.792018114     0.460473968     0.302594123
     6.520000000     0.752079621     0.502947462     0.304857329
     6.530000000     0.715278724     0.549692374     0.306749608
     6.540000000     0.682694761     0.599037251     0.308320454
     6.550000000     0.655326713     0.649819520     0.309643270
     6.560000000     0.633982128     0.701700353     0.310794326
     6.570000000     0.619225722     0.754724250     0.311832973
     6.580000000     0.611387924     0.808635270     0.312788460
     6.590000000     0.610620800     0.862477709     0.313657050
     6.600000000     0.616978454     0.914979489     0.314410203
     6.610000000     0.630492532     0.965406503     0.315011247
     6.620000000     0.651212784     1.013817315     0.315435218
     6.630000000     0.679189593     1.060546373     0.315685554
     6.640000000     0.714391005     1.105910414     0.315802388
     6.650000000     0.756569318     1.150339127     0.315859978
     6.660000000     0.805116043     1.194005493     0.315954301
     6.670000000     0.858960482     1.235786644     0.316184787
     6.680000000     0.916567362     1.272693541     0.316635504
     6.690000000     0.976068368     1.300795460     0.317360507
     6.700000000     1.035523363     1.317282310     0.318376061
     6.710000000     1.093260273     1.322406153     0.319659861
     6.720000000     1.148203463     1.319950224     0.321155406
     6.730000000     1.200084523     1.315330326     0.322778882
     6.740000000     1.249446097     1.312543376     0.324426396
     6.750000000     1.297398289     1.312891423     0.325980649
     6.760000000     1.345157176     1.316206251     0.327317349
     6.770000000     1.393466975     1.321970911     0.328312212
     6.780000000     1.442059173     1.328744283     0.328849022
     6.790000000     1.489314724     1.333115841     0.328828260
     6.800000000     1.532259523     1.329608742     0.328174722
     6.810000000     1.566943087     1.312216563     0.326842150
     6.820000000     1.589144786     1.277319210     0.324813328
     6.830000000     1.595251434     1.226404001     0.322095447
     6.840000000     1.583087774     1.167163846     0.318712082
     6.850000000     1.552481395     1.111868133     0.314694378
     6.860000000     1.505411258     1.072746476     0.310074286
     6.870000000     1.445705618     1.056963256     0.304881913
     6.880000000     1.378383720     1.064601470     0.299147483
     6.890000000     1.308832875     1.090141044     0.292906768
     6.900000000     1.242045269     1.125534327     0.286207677
     6.910000000     1.182096901     1.163448315     0.279115560
     6.920000000     1.131951097     1.199920356     0.271715514
     6.930000000     1.093548627     1.235150985     0.264111257
     6.940000000     1.068049733     1.271387390     0.256421369
     6.950000000     1.056055215     1.310154892     0.248774322
     6.960000000     1.057667026     1.352496011     0.241303607
     6.970000000     1.072340092     1.400576824     0.234143566
     6.980000000     1.098590949     1.456026898     0.227425684
     6.990000000     1.133720106     1.516033818     0.221274543
     7.000000000     1.173735578     1.572139951     0.215802731
     7.010000000     1.213617806     1.613203074     0.211104615
     7.020000000     1.247954164     1.630814196     0.207249777
     7.030000000     1.271833968     1.624809397     0.204277541
     7.040000000     1.281784811     1.605354891     0.202194076
     7.050000000     1.276492617     1.588977523     0.200972915
     7.060000000     1.257099069     1.590657540     0.200558624
     7.070000000     1.226993832     1.617790434     0.200872272
     7.080000000     1.191169525     1.669467352     0.201816816
     7.090000000     1.155329260     1.739151110     0.203280723
     7.100000000     1.124987670     1.818144852     0.205139180
     7.110000000     1.104774521     1.899306210     0.207253598
     7.120000000     1.098056117     1.979709627     0.209471255
     7.130000000     1.106876372     2.060352955     0.211627369
     7.140000000     1.132131213     2.143508798     0.213551346
     7.150000000     1.173855220     2.230543874     0.215077585
     7.160000000     1.231520213     2.321549809     0.216059538
     7.170000000     1.304300672     2.415589434     0.216384282
     7.180000000     1.391317849     2.510529612     0.215984324
     7.190000000     1.491905282     2.602931747     0.214843810
     7.200000000     1.605931482     2.688857019     0.212997717
     7.210000000     1.734179024     2.765890613     0.210524405
     7.220000000     1.878734998     2.835620160     0.207533473
     7.230000000     2.043318882     2.904108117     0.204151701
     7.240000000     2.233472714     2.978362880     0.200509721
     7.250000000     2.456559659     3.061317893     0.196731203
     7.260000000     2.721541499     3.149644058     0.192925057
     7.270000000     3.038511766     3.235339259     0.189180184
     7.280000000     3.417940769     3.309365218     0.185561850
     7.290000000     3.869556150     3.364504621     0.182109013
     7.300000000     4.400773611     3.395398034     0.178832639
     7.310000000     5.014649062     3.396985937     0.175715772
     7.320000000     5.707469446     3.363591093     0.172716443
     7.330000000     6.466318898     3.287312476     0.169774228
     7.340000000     7.267185447     3.153492517     0.166820331
     7.350000000     8.074312843     2.936733447     0.163790021
     7.360000000     8.841454335     2.603470974     0.160635265
     7.370000000     9.515397632     2.122139982     0.157335090
     7.380000000    10.041630889     1.476327514     0.153901555
     7.390000000    10.371425607     0.676663825     0.150380156
     7.400000000    10.469102689    -0.231741895     0.146844716
     7.410000000    10.318003796    -1.172614959     0.143387914
     7.420000000     9.923826802    -2.057343448     0.140109342
     7.430000000     9.314499259    -2.808960148     0.137103216
     7.440000000     8.536527614    -3.376076719     0.134447720
     7.450000000     7.648554569    -3.740673844     0.132197515
     7.460000000     6.713450451    -3.921920688     0.130380361
     7.470000000     5.790492983    -3.965308170     0.128998196
     7.480000000     4.929012412    -3.921411429     0.128032311
     7.490000000     4.164386062    -3.829498747     0.127451598
     7.500000000     3.516637402    -3.712727628     0.127222195
     7.510000000     2.991327140    -3.582614908     0.127316445
     7.520000000     2.582062063    -3.446218224     0.127719000
     7.530000000     2.273840956    -3.310999680     0.128428381
     7.540000000     2.046561813    -3.186152729     0.129453238
     7.550000000     1.878228836    -3.081052451     0.130803818
     7.560000000     1.747614760    -3.002731126     0.132480384
     7.570000000     1.636284877    -2.953697101     0.134461243
     7.580000000     1.529959943    -2.929210657     0.136693284
     7.590000000     1.419215790    -2.915350257     0.139087510
     7.600000000     1.299532886    -2.893663227     0.141521004
     7.610000000     1.170750153    -2.851373423     0.143845422
     7.620000000     1.036045386    -2.786528639     0.145900721
     7.630000000     0.900635417    -2.704428903     0.147531771
     7.640000000     0.770429731    -2.611939331     0.148604970
     7.650000000     0.650859926    -2.514551340     0.149022059
     7.660000000     0.546044733    -2.415883034     0.148729070
     7.670000000     0.458357925    -2.318089219     0.147719456
     7.680000000     0.388375183    -2.222481897     0.146031719
     7.690000000     0.335111368    -2.130135166     0.143742877
     7.700000000     0.296432915    -2.042225173     0.140959606
     7.710000000     0.269536304    -1.960073943     0.137808790
     7.720000000     0.251408712    -1.885017284     0.134428540
     7.730000000     0.239216003    -1.817906679     0.130960002
     7.740000000     0.230587066    -1.758170100     0.127539622
     7.750000000     0.223780410    -1.703339853     0.124291460
     7.760000000     0.217731963    -1.650228759     0.121319436
     7.770000000     0.211995634    -1.596955895     0.118699968
     7.780000000     0.206601237    -1.543621014     0.116475956
     7.790000000     0.201865312    -1.491319341     0.114653210
     7.800000000     0.198195597    -1.441029682     0.113200164
     7.810000000     0.195926843    -1.393236588     0.112051234
     7.820000000     0.195214515    -1.348013537     0.111113636
     7.830000000     0.195996899    -1.305308643     0.110277085
     7.840000000     0.198019334    -1.265315591     0.109425503
     7.850000000     0.200901165    -1.228495288     0.108449701
     7.860000000     0.204218981    -1.195112111     0.107259725
     7.870000000     0.207579980    -1.164794507     0.105795291
     7.880000000     0.210666123    -1.136565418     0.104032581
     7.890000000     0.213241086    -1.109291715     0.101985849
     7.900000000     0.215124810    -1.082279129     0.099702971
     7.910000000     0.216150963    -1.055667044     0.097255191
     7.920000000     0.216127666    -1.030311359     0.094722681
     7.930000000     0.214819660    -1.007217140     0.092178712
     7.940000000     0.211961481    -0.986883578     0.089675763
     7.950000000     0.207299355    -0.968982138     0.087236652
     7.960000000     0.200648843    -0.952551732     0.084852564
     7.970000000     0.191949771    -0.936438308     0.082488234
     7.980000000     0.181301319    -0.919650248     0.080092695
     7.990000000     0.168967304    -0.901614581     0.077612759
     8.000000000     0.155351423    -0.882315691     0.075005872
     8.010000000     0.140950565    -0.862151646     0.072249471
     8.020000000     0.126298628    -0.841533319     0.069345118
     8.030000000     0.111912835    -0.820545898     0.066317209
     8.040000000     0.098250734    -0.798992950     0.063207372
     8.050000000     0.085681187    -0.776731580     0.060066518
     8.060000000     0.074468762    -0.753886126     0.056946676
     8.070000000     0.064769127    -0.730793339     0.053894356
     8.080000000     0.056632915    -0.707839023     0.050946446
     8.090000000     0.050016309    -0.685329453     0.048128841
     8.100000000     0.044797191    -0.663435074     0.045457325
     8.110000000     0.040795606    -0.642208721     0.042939827
     8.120000000     0.037796760    -0.621664630     0.040579052
     8.130000000     0.035574055    -0.601833183     0.038374621
     8.140000000     0.033909476    -0.582726188     0.036324223
     8.150000000     0.032609061    -0.564280372     0.034423663
     8.160000000     0.031512217    -0.546387074     0.032666117
     8.170000000     0.030494917    -0.528965713     0.031041183
     8.180000000     0.029468020    -0.511966391     0.029534363
     8.190000000     0.028372614    -0.495343350     0.028127452
     8.200000000     0.027174445    -0.479071231     0.026799997
     8.210000000     0.025858985    -0.463157798     0.025531559
     8.220000000     0.024427876    -0.447614040     0.024304221
     8.230000000     0.022896575    -0.432408388     0.023104645
     8.240000000     0.021292373    -0.417447816     0.021925082
     8.250000000     0.019651825    -0.402617414     0.020763065
     8.260000000     0.018016894    -0.387841618     0.019619866
     8.270000000     0.016429847    -0.373112056     0.018498219
     8.280000000     0.014927591    -0.358474147     0.017399962
     8.290000000     0.013536634    -0.343988074     0.016324275
     8.300000000     0.012269863    -0.329695687     0.015267003
     8.310000000     0.011125932    -0.315611807     0.014221215
     8.320000000     0.010091390    -0.301729960     0.013178821
     8.330000000     0.009144955    -0.288030312     0.012132813
     8.340000000     0.008262871    -0.274489426     0.011079548
     8.350000000     0.007424098    -0.261081722     0.010020518
     8.360000000     0.006614268    -0.247769121     0.008963159
     8.370000000     0.005827787    -0.234504045     0.007920490
     8.380000000     0.005068027    -0.221244056     0.006909612
     8.390000000     0.004346167    -0.207955368     0.005949341
     8.400000000     0.003679780    -0.194614330     0.005057455
     8.410000000     0.003092677    -0.181211777     0.004248138
     8.420000000     0.002617882    -0.167747593     0.003530144
     8.430000000     0.002305767    -0.154217726     0.002906074
     8.440000000     0.002239422    -0.140603479     0.002372814
     8.450000000     0.002558789    -0.126867871     0.001922948
     8.460000000     0.003493824    -0.112961626     0.001546690
     8.470000000     0.005404167    -0.098834444     0.001233822
     8.480000000     0.008818470    -0.084441692     0.000975181
     8.490000000     0.014460722    -0.069745705     0.000763474
     8.500000000     0.023245181    -0.054719168     0.000593388
     8.510000000     0.036218532    -0.039356482     0.000461164
     8.520000000     0.054431159    -0.023697464     0.000363906
     8.530000000     0.078732013    -0.007870796     0.000298843
     8.540000000     0.109504042     0.007828833     0.000262740
     8.550000000     0.146385624     0.022807146     0.000251517
     8.560000000     0.188049013     0.035950382     0.000260119
     8.570000000     0.232117726     0.045302911     0.000282611
     8.580000000     0.275290588     0.047721525     0.000312491
     8.590000000     0.313697605     0.038888339     0.000343188
     8.600000000     0.343449954     0.014603105     0.000368667
     8.610000000     0.361281740    -0.025780292     0.000384077
     8.620000000     0.365138648    -0.075621367     0.000386283
     8.630000000     0.354567009    -0.122520939     0.000374173
     8.640000000     0.330801384    -0.156077236     0.000348658
     8.650000000     0.296527282    -0.173336971     0.000312337
     8.660000000     0.255381998    -0.177160568     0.000268913
     8.670000000     0.211321729    -0.172095505     0.000222483
     8.680000000     0.168006570    -0.161965087     0.000176865
     8.690000000     0.128332486    -0.149322439     0.000135094
     8.700000000     0.094183575    -0.135684665     0.000099144
     8.710000000     0.066411296    -0.121890020     0.000069908
     8.720000000     0.044992173    -0.108373072     0.000047361
     8.730000000     0.029286009    -0.095340165     0.000030828
     8.740000000     0.018315199    -0.082872771     0.000019279
     8.750000000     0.011005032    -0.070986155     0.000011584
     8.760000000     0.006353298    -0.059662029     0.000006688
     8.770000000     0.003523995    -0.048866477     0.000003710
     8.780000000     0.001878018    -0.038559643     0.000001977
     8.790000000     0.000961595    -0.028700844     0.000001012
     8.800000000     0.000473056    -0.019251135     0.000000498
     8.810000000     0.000223595    -0.010174483     0.000000235
     8.820000000     0.000101540    -0.001438185     0.000000107
     8.830000000     0.000044304     0.006987121     0.000000047
     8.840000000     0.000018573     0.015127630     0.000000020
     8.850000000     0.000007481     0.023006646     0.000000008
     8.860000000     0.000002895     0.030644874     0.000000003
     8.870000000     0.000001076     0.038060722     0.000000001
     8.880000000     0.000000384     0.045270570     0.000000000
     8.890000000     0.000000132     0.052289020     0.000000000
     8.900000000     0.000000044     0.059129117     0.000000000
     8.910000000     0.000000014     0.065802546     0.000000000
     8.920000000     0.000000004     0.072319800     0.000000000
     8.930000000     0.000000001     0.078690325     0.000000000
     8.940000000     0.000000000     0.084922651     0.000000000
     8.950000000     0.000000000     0.091024501     0.000000000
     8.960000000     0.000000000     0.097002887     0.000000000
     8.970000000     0.000000000     0.102864192     0.000000000
     8.980000000     0.000000000     0.108614243     0.000000000
     8.990000000     0.000000000     0.114258374     0.000000000
     9.000000000     0.000000000     0.119801479     0.000000000
     9.010000000     0.000000000     0.125248061     0.000000000
     9.020000000     0.000000000     0.130602270     0.000000000
     9.030000000     0.000000000     0.135867946     0.000000000
     9.040000000     0.000000000     0.141048643     0.000000000
     9.050000000     0.000000000     0.146147663     0.000000000
     9.060000000     0.000000000     0.151168077     0.000000000
     9.070000000     0.000000000     0.156112750     0.000000000
     9.080000000     0.000000000     0.160984357     0.000000000
     9.090000000     0.000000000     0.165785404     0.000000000
     9.100000000     0.000000000     0.170518238     0.000000000
     9.110000000     0.000000000     0.175185068     0.000000000
     9.120000000     0.000000000     0.179787969     0.000000000
     9.130000000     0.000000000     0.184328899     0.000000000
     9.140000000     0.000000000     0.188809707     0.000000000
     9.150000000     0.000000000     0.193232139     0.000000000
     9.160000000     0.000000000     0.197597851     0.000000000
     9.170000000     0.000000000     0.201908412     0.000000000
     9.180000000     0.000000000     0.206165311     0.000000000
     9.190000000     0.000000000     0.210369967     0.000000000
     9.200000000     0.000000000     0.214523728     0.000000000
     9.210000000     0.000000000     0.218627879     0.000000000
     9.220000000     0.000000000     0.222683648     0.000000000
     9.230000000     0.000000000     0.226692207     0.000000000
     9.240000000     0.000000000     0.230654677     0.000000000
     9.250000000     0.000000000     0.234572130     0.000000000
     9.260000000     0.000000000     0.238445597     0.000000000
     9.270000000     0.000000000     0.242276063     0.000000000
     9.280000000     0.000000000     0.246064475     0.000000000
     9.290000000     0.000000000     0.249811745     0.000000000
     9.300000000     0.000000000     0.253518748     0.000000000
     9.310000000     0.000000000     0.257186326     0.000000000
     9.320000000     0.000000000     0.260815292     0.000000000
     9.330000000     0.000000000     0.264406428     0.000000000
     9.340000000     0.000000000     0.267960491     0.000000000
     9.350000000     0.000000000     0.271478210     0.000000000
     9.360000000     0.000000000     0.274960289     0.000000000
     9.370000000     0.000000000     0.278407410     0.000000000
     9.380000000     0.000000000     0.281820232     0.000000000
     9.390000000     0.000000000     0.285199395     0.000000000
     9.400000000     0.000000000     0.288545517     0.000000000
     9.410000000     0.000000000     0.291859197     0.000000000
     9.420000000     0.000000000     0.295141017     0.000000000
     9.430000000     0.000000000     0.298391543     0.000000000
     9.440000000     0.000000000     0.301611322     0.000000000
     9.450000000     0.000000000     0.304800889     0.000000000
     9.460000000     0.000000000     0.307960761     0.000000000
     9.470000000     0.000000000     0.311091444     0.000000000
     9.480000000     0.000000000     0.314193429     0.000000001
     9.490000000     0.000000001     0.317267195     0.000000002
     9.500000000     0.000000003     0.320313210     0.000000006
     9.510000000     0.000000008     0.323331930     0.000000014
     9.520000000     0.000000019     0.326323800     0.000000035
     9.530000000     0.000000044     0.329289257     0.000000081
     9.540000000     0.000000098     0.332228728     0.000000181
     9.550000000     0.000000211     0.335142629     0.000000387
     9.560000000     0.000000435     0.338031371     0.000000798
     9.570000000     0.000000862     0.340895356     0.000001580
     9.580000000     0.000001639     0.343734978     0.000003006
     9.590000000     0.000002996     0.346550625     0.000005493
     9.600000000     0.000005261     0.349342675     0.000009646
     9.610000000     0.000008876     0.352111494     0.000016274
     9.620000000     0.000014388     0.354857437     0.000026380
     9.630000000     0.000022408     0.357580834     0.000041086
     9.640000000     0.000033530     0.360281977     0.000061479
     9.650000000     0.000048206     0.362961092     0.000088388
     9.660000000     0.000066588     0.365618293     0.000122092
     9.670000000     0.000088373     0.368253495     0.000162035
     9.680000000     0.000112686     0.370866277     0.000206613
     9.690000000     0.000138054     0.373455687     0.000253126
     9.700000000     0.000162501     0.376020063     0.000297950
     9.710000000     0.000183776     0.378557123     0.000336960
     9.720000000     0.000199689     0.381064925     0.000366136
     9.730000000     0.000208470     0.383544035     0.000382238
     9.740000000     0.000209105     0.385999358     0.000383401
     9.750000000     0.000201517     0.388438438     0.000369489
     9.760000000     0.000186590     0.390866796     0.000342119
     9.770000000     0.000165994     0.393285571     0.000304356
     9.780000000     0.000141881     0.395693010     0.000260144
     9.790000000     0.000116516     0.398086749     0.000213636
     9.800000000     0.000091934     0.400464960     0.000168564
     9.810000000     0.000069693     0.402826531     0.000127785
     9.820000000     0.000050762     0.405170903     0.000093074
     9.830000000     0.000035523     0.407497866     0.000065133
     9.840000000     0.000023884     0.409807415     0.000043793
     9.850000000     0.000015429     0.412099658     0.000028290
     9.860000000     0.000009576     0.414374765     0.000017559
     9.870000000     0.000005711     0.416632933     0.000010471
     9.880000000     0.000003272     0.418874373     0.000005999
     9.890000000     0.000001801     0.421099302     0.000003302
     9.900000000     0.000000953     0.423307933     0.000001747
     9.910000000     0.000000484     0.425500478     0.000000888
     9.920000000     0.000000236     0.427677145     0.000000433
     9.930000000     0.000000111     0.429838134     0.000000203
     9.940000000     0.000000050     0.431983644     0.000000092
     9.950000000     0.000000022     0.434113865     0.000000040
     9.960000000     0.000000009     0.436228987     0.000000017
     9.970000000     0.000000004     0.438329190     0.000000007
     9.980000000     0.000000001     0.440414653     0.000000003
     9.990000000     0.000000001     0.442485552     0.000000001
    10.000000000     0.000000000     0.444542056     0.000000000
    10.010000000     0.000000000     0.446584331     0.000000000
    10.020000000     0.000000000     0.448612543     0.000000000
    10.030000000     0.000000000     0.450626850     0.000000000
    10.040000000     0.000000000     0.452627410     0.000000000
    10.050000000     0.000000000     0.454614376     0.000000000
    10.060000000     0.000000000     0.456587900     0.000000000
    10.070000000     0.000000000     0.458548131     0.000000000
    10.080000000     0.000000000     0.460495212     0.000000000
    10.090000000     0.000000000     0.462429289     0.000000000
    10.100000000     0.000000000     0.464350501     0.000000000
    10.110000000     0.000000000     0.466258987     0.000000000
    10.120000000     0.000000000     0.468154882     0.000000000
    10.130000000     0.000000000     0.470038320     0.000000000
    10.140000000     0.000000000     0.471909433     0.000000000
    10.150000000     0.000000000     0.473768351     0.000000000
    10.160000000     0.000000000     0.475615199     0.000000000
    10.170000000     0.000000000     0.477450104     0.000000000
    10.180000000     0.000000000     0.479273189     0.000000000
    10.190000000     0.000000000     0.481084575     0.000000000
    10.200000000     0.000000000     0.482884382     0.000000000
    10.210000000     0.000000000     0.484672727     0.000000000
    10.220000000     0.000000000     0.486449727     0.000000000
    10.230000000     0.000000000     0.488215496     0.000000000
    10.240000000     0.000000000     0.489970146     0.000000000
    10.250000000     0.000000000     0.491713788     0.000000000
    10.260000000     0.000000000     0.493446531     0.000000000
    10.270000000     0.000000000     0.495168483     0.000000000
    10.280000000     0.000000000     0.496879751     0.000000000
    10.290000000     0.000000000     0.498580437     0.000000000
    10.300000000     0.000000000     0.500270647     0.000000000
    10.310000000     0.000000000     0.501950481     0.000000000
    10.320000000     0.000000000     0.503620040     0.000000000
    10.330000000     0.000000000     0.505279422     0.000000000
    10.340000000     0.000000000     0.506928725     0.000000000
    10.350000000     0.000000000     0.508568044     0.000000000
    10.360000000     0.000000000     0.510197475     0.000000000
    10.370000000     0.000000000     0.511817112     0.000000000
    10.380000000     0.000000000     0.513427046     0.000000000
    10.390000000     0.000000000     0.515027368     0.000000000
    10.400000000     0.000000000     0.516618167     0.000000000
    10.410000000     0.000000000     0.518199534     0.000000000
    10.420000000     0.000000000     0.519771554     0.000000000
    10.430000000     0.000000000     0.521334315     0.000000000
    10.440000000     0.000000000     0.522887900     0.000000000
    10.450000000     0.000000000     0.524432395     0.000000000
    10.460000000     0.000000000     0.525967881     0.000000000
    10.470000000     0.000000000     0.527494442     0.000000000
    10.480000000     0.000000000     0.529012156     0.000000000
    10.490000000     0.000000000     0.530521105     0.000000000
    10.500000000     0.000000000     0.532021367     0.000000000
    10.510000000     0.000000000     0.533513019     0.000000000
    10.520000000     0.000000000     0.534996138     0.000000000
    10.530000000     0.000000000     0.536470800     0.000000000
    10.540000000     0.000000000     0.537937079     0.000000000
    10.550000000     0.000000000     0.539395050     0.000000000
    10.560000000     0.000000000     0.540844785     0.000000000
    10.570000000     0.000000000     0.542286356     0.000000000
    10.580000000     0.000000000     0.543719835     0.000000000
    10.590000000     0.000000000     0.545145291     0.000000000
    10.600000000     0.000000000     0.546562795     0.000000000
    10.610000000     0.000000000     0.547972413     0.000000000
    10.620000000     0.000000000     0.549374215     0.000000000
    10.630000000     0.000000000     0.550768267     0.000000000
    10.640000000     0.000000000     0.552154635     0.000000000
    10.650000000     0.000000000     0.553533385     0.000000000
    10.660000000     0.000000000     0.554904580     0.000000000
    10.670000000     0.000000000     0.556268285     0.000000000
    10.680000000     0.000000000     0.557624563     0.000000000
    10.690000000     0.000000000     0.558973476     0.000000000
    10.700000000     0.000000000     0.560315084     0.000000000
    10.710000000     0.000000000     0.561649450     0.000000000
    10.720000000     0.000000000     0.562976633     0.000000000
    10.730000000     0.000000000     0.564296693     0.000000000
    10.740000000     0.000000000     0.565609687     0.000000000
    10.750000000     0.000000000     0.566915675     0.000000000
    10.760000000     0.000000000     0.568214713     0.000000000
    10.770000000     0.000000000     0.569506859     0.000000000
    10.780000000     0.000000000     0.570792168     0.000000000
    10.790000000     0.000000000     0.572070695     0.000000000
    10.800000000     0.000000000     0.573342496     0.000000000
    10.810000000     0.000000000     0.574607624     0.000000000
    10.820000000     0.000000000     0.575866133     0.000000000
    10.830000000     0.000000000     0.577118077     0.000000000
    10.840000000     0.000000000     0.578363507     0.000000000
    10.850000000     0.000000000     0.579602474     0.000000000
    10.860000000     0.000000000     0.580835032     0.000000000
    10.870000000     0.000000000     0.582061229     0.000000000
    10.880000000     0.000000000     0.583281116     0.000000000
    10.890000000     0.000000000     0.584494742     0.000000000
    10.900000000     0.000000000     0.585702158     0.000000000
    10.910000000     0.000000000     0.586903410     0.000000000
    10.920000000     0.000000000     0.588098547     0.000000000
    10.930000000     0.000000000     0.589287616     0.000000000
    10.940000000     0.000000000     0.590470664     0.000000000
    10.950000000     0.000000000     0.591647738     0.000000000
    10.960000000     0.000000000     0.592818883     0.000000000
    10.970000000     0.000000000     0.593984146     0.000000000
    10.980000000     0.000000000     0.595143569     0.000000000
    10.990000000     0.000000000     0.596297200     0.000000000
    11.000000000     0.000000000     0.597445080     0.000000000
