# Atom_Symbol      Cart_X             Cart_Y             Cart_Z
C        4.698639624098     3.159744850467     0.216055575302
C        2.875379575902     7.939935821533    13.908344424698
C        3.719169259413     3.171408565070     1.224242460819
C        3.854849940587     7.928272106931    12.900157539181
C        3.905538194312     2.495773549236     2.453079464128
C        3.668481005688     8.603907122764    11.671320535872
C        2.935221734288     2.524373973718     3.455309188445
C        4.638797465712     8.575306698282    10.669090811555
C        3.123483729281     1.861450762404     4.711498508327
C        4.450535470719     9.238229909596     9.412901491673
C        2.157607934054     1.918711912920     5.685534266137
C        5.416411265946     9.180968759080     8.438865733863
C        0.941986430603     2.639235470681     5.465656915237
C        6.632032769397     8.460445201319     8.658743084763
C        0.716085425083     3.282690807253     4.275832660395
C        6.857933774917     7.816989864747     9.848567339605
C        1.695334846924     3.253034460303     3.231223236994
C        5.878684353076     7.846646211697    10.893176763006
C        1.495952611151     3.915837011862     2.020092955333
C        6.078066588849     7.183843660138    12.104307044667
C        5.098185860556     7.196984065160    13.124437230223
C        2.475833339444     3.902696606840     0.999962769777
C        6.371442699554    10.622440538724    13.549101229683
C        1.202576500446     0.477240133276     0.575298770317
C        5.967171334035     7.163487772039     0.814803593009
C        1.606847865965     3.936192899961    13.309596406991
C        4.983276019619     6.594891274196     1.657242886166
C        2.590743180381     4.504789397804    12.467157113834
C        5.173897359821     6.492190930022     3.035827237999
C        2.400121840179     4.607489741978    11.088572762001
C        4.187287337230     5.905940544252     3.892690452553
C        3.386731862770     5.193740127748    10.231709547447
C        4.399319547504     5.810569170365     5.245599471975
C        3.174699652496     5.289111501635     8.878800528025
C        5.610011041333     6.298358773572     5.829264939516
C        1.964008158667     4.801321898428     8.295135060484
C        6.586600063206     6.858686240513     5.043522451549
C        0.987419136794     4.240994431487     9.080877548451
C        6.411272540046     6.979366972088     3.626882746377
C        1.162746659954     4.120313699912    10.497517253623
C        1.121506156758     7.547217625770     2.807259715398
C        6.452513043242     3.552463046230    11.317140284602
C        6.632662173794     3.445771043179    12.716284008775
C        0.941357026206     7.653909628821     1.408115991225
H        5.633375795850     2.607569006736     0.382960742973
H        1.940643404150     8.492111665264    13.741439257027
H        4.840773467953     1.945228127699     2.622035320814
H        2.733245732047     9.154452544301    11.502364679186
H        4.055198452827     1.305233981047     4.876301525952
H        3.518820747173     9.794446690953     9.248098474048
H        3.038702463412     9.149619789481     6.642742835720
H        4.535316736588     1.950060882519     7.481657164280
H        6.454004123322     2.681877616297     6.259784652405
H        1.120015076678     8.417803055703     7.864615347595
H        6.050912791588     3.837100628112     4.107259489354
H        1.523106408412     7.262580043888    10.017140510646
H        0.561596459674     4.469044293105     1.854532842949
H        7.012422740326     6.630636378895    12.269867157051
H        5.439270654184    10.251237454748    13.102608559129
H        2.134748545816     0.848443217252     1.021791440871
H        4.050191695176     6.224640873401     1.211633808693
H        3.523827504824     4.875039798599    12.912766191307
H        3.259339802531     5.531306379252     3.443297733502
H        4.314679397469     5.568374292748    10.681102266498
H        3.638856897689     5.343537780653     5.881184986250
H        3.935162302311     5.756142891347     8.243215013750
H        5.764398737678     6.218294930855     6.911757872876
H        1.809620462322     4.881385741145     7.212642127124
H        1.257965912979     7.224272169058     5.481745569971
H        6.316053287021     3.875408502942     8.642654430029
H        2.051955192172     7.920627646403     3.254804409708
H        5.522064007828     3.179053025597    10.869595590292
