 C  0.7022692692581003    0.4015182299872562    0.0152966197007749
 C  0.2977307307419010    0.5984817700127445    0.9847033802992246
 C  0.5426459598793432    0.3720621471244948    0.0866757144245908
 C  0.4573540401206581    0.6279378528755079    0.9133242855754082
 C  0.5786007560646032    0.2470492075187780    0.1736767200113133
 C  0.4213992439353948    0.7529507924812213    0.8263232799886892
 C  0.4202053489072340    0.2199638415997083    0.2446340508938094
 C  0.5797946510927673    0.7800361584002927    0.7553659491061917
 C  0.4561884399445213    0.0957528984175050    0.3335715859312114
 C  0.5438115600554791    0.9042471015824940    0.6664284140687871
 C  0.2981637895224862    0.0732355962037284    0.4025327989958224
 C  0.7018362104775142    0.9267644037962705    0.5974672010041783
 C  0.0941450849967207    0.1730604693610411    0.3869655996174967
 C  0.9058549150032805    0.8269395306389590    0.6130344003825045
 C  0.0522378580294857    0.2927185329338609    0.3027266758513532
 C  0.9477621419705153    0.7072814670661347    0.6972733241486462
 C  0.2122063517762549    0.3209690374372325    0.2287688848371912
 C  0.7877936482237451    0.6790309625627688    0.7712311151628087
 C  0.1743102435946573    0.4437805734741667    0.1430215057158786
 C  0.8256897564053433    0.5562194265258367    0.8569784942841209
 C  0.6659418895818662    0.5265872979808766    0.9292031682919453
 C  0.3340581104181257    0.4734127020191219    0.0707968317080546
 C  0.8169549228139855    0.9560216494492059    0.9592691533574933
 C  0.1830450771860142    0.0439783505507930    0.0407308466425056
 C  0.8433994490615913    0.9003052053516919    0.0576876605738342
 C  0.1566005509384107    0.0996947946483070    0.9423123394261654
 C  0.6922021062328265    0.8009855192213966    0.1173319140045288
 C  0.3077978937671734    0.1990144807786028    0.8826680859954705
 C  0.7198619357409720    0.7453813092632751    0.2149349521395132
 C  0.2801380642590274    0.2546186907367258    0.7850650478604790
 C  0.5684486534534965    0.6433382410588420    0.2756004115256568
 C  0.4315513465465048    0.3566617589411575    0.7243995884743352
 C  0.5994964798072119    0.5894692584074206    0.3713856497957260
 C  0.4005035201927963    0.4105307415925799    0.6286143502042731
 C  0.7836539662664235    0.6345533630886926    0.4127088541471426
 C  0.2163460337335756    0.3654466369113067    0.5872911458528589
 C  0.9336317788711452    0.7310636820740749    0.3570787043378105
 C  0.0663682211288552    0.2689363179259244    0.6429212956621908
 C  0.9082640418077729    0.7901592007558517    0.2567813674476270
 C  0.0917359581922276    0.2098407992441484    0.7432186325523702
 C  0.0581787704098568    0.8886818271594733    0.1987524932314067
 C  0.9418212295901441    0.1113181728405246    0.8012475067685931
 C  0.9678051288378188    0.0545669436788140    0.9003061375190817
 C  0.0321948711621794    0.9454330563211862    0.0996938624809171
 H  0.8591258673418548    0.3250661723575004    0.0271134167095815
 H  0.1408741326581371    0.6749338276424987    0.9728865832904160
 H  0.7355064183610145    0.1707447770356132    0.1856387047106030
 H  0.2644935816389873    0.8292552229643876    0.8143612952893962
 H  0.6126293846173785    0.0188434206775463    0.3452395518359997
 H  0.3873706153826292    0.9811565793224541    0.6547604481640018
 H  0.3284248958949190    0.9778762151318428    0.4703026560930049
 H  0.6715751041050801    0.0221237848681491    0.5296973439069960
 H  0.9707133461262190    0.1541799944125240    0.4431894206058534
 H  0.0292866538737796    0.8458200055874755    0.5568105793941460
 H  0.8959219828011535    0.3695103865222284    0.2907917850920473
 H  0.1040780171988472    0.6304896134777728    0.7092082149079537
 H  0.0174947943282842    0.5203245565516772    0.1312999379052649
 H  0.9825052056717157    0.4796754434483246    0.8687000620947367
 H  0.6750889246022643    0.9217846163378384    0.9276577100003229
 H  0.3249110753977351    0.0782153836621629    0.0723422899996772
 H  0.5501736213459346    0.7668444107276997    0.0857830285670764
 H  0.4498263786540676    0.2331555892723008    0.9142169714329235
 H  0.4273168197455622    0.6087470693063100    0.2437836462789546
 H  0.5726831802544363    0.3912529306936884    0.7562163537210478
 H  0.4830920807024439    0.5096217835796704    0.4163847658130810
 H  0.5169079192975548    0.4903782164203306    0.5836152341869174
 H  0.8061157815138172    0.5909665261618886    0.4893487774967908
 H  0.1938842184861841    0.4090334738381125    0.5106512225032104
 H  0.0764357921199485    0.7648290992366081    0.3881046678068736
 H  0.9235642078800511    0.2351709007633898    0.6118953321931287
 H  0.1997337470720231    0.9231716277912784    0.2304384193104143
 H  0.8002662529279779    0.0768283722087275    0.7695615806895877
