 # Column 1: omega
 # Column 2: eps2(omega)
 # Column 3: eps1(omega)
 # Column 4: JDOS(omega)
     0.000000000     0.000000000     3.946581111     0.000000000
     0.010000000     0.000000000     3.946593374     0.000000000
     0.020000000     0.000000000     3.946630163     0.000000000
     0.030000000     0.000000000     3.946691481     0.000000000
     0.040000000     0.000000000     3.946777333     0.000000000
     0.050000000     0.000000000     3.946887724     0.000000000
     0.060000000     0.000000000     3.947022661     0.000000000
     0.070000000     0.000000000     3.947182155     0.000000000
     0.080000000     0.000000000     3.947366217     0.000000000
     0.090000000     0.000000000     3.947574859     0.000000000
     0.100000000     0.000000000     3.947808096     0.000000000
     0.110000000     0.000000000     3.948065944     0.000000000
     0.120000000     0.000000000     3.948348421     0.000000000
     0.130000000     0.000000000     3.948655547     0.000000000
     0.140000000     0.000000000     3.948987345     0.000000000
     0.150000000     0.000000000     3.949343836     0.000000000
     0.160000000     0.000000000     3.949725046     0.000000000
     0.170000000     0.000000000     3.950131002     0.000000000
     0.180000000     0.000000000     3.950561732     0.000000000
     0.190000000     0.000000000     3.951017268     0.000000000
     0.200000000     0.000000000     3.951497640     0.000000000
     0.210000000     0.000000000     3.952002884     0.000000000
     0.220000000     0.000000000     3.952533035     0.000000000
     0.230000000     0.000000000     3.953088130     0.000000000
     0.240000000     0.000000000     3.953668210     0.000000000
     0.250000000     0.000000000     3.954273315     0.000000000
     0.260000000     0.000000000     3.954903490     0.000000000
     0.270000000     0.000000000     3.955558778     0.000000000
     0.280000000     0.000000000     3.956239228     0.000000000
     0.290000000     0.000000000     3.956944889     0.000000000
     0.300000000     0.000000000     3.957675810     0.000000000
     0.310000000     0.000000000     3.958432046     0.000000000
     0.320000000     0.000000000     3.959213651     0.000000000
     0.330000000     0.000000000     3.960020682     0.000000000
     0.340000000     0.000000000     3.960853198     0.000000000
     0.350000000     0.000000000     3.961711260     0.000000000
     0.360000000     0.000000000     3.962594931     0.000000000
     0.370000000     0.000000000     3.963504276     0.000000000
     0.380000000     0.000000000     3.964439363     0.000000000
     0.390000000     0.000000000     3.965400261     0.000000000
     0.400000000     0.000000000     3.966387041     0.000000000
     0.410000000     0.000000000     3.967399778     0.000000000
     0.420000000     0.000000000     3.968438547     0.000000000
     0.430000000     0.000000000     3.969503426     0.000000000
     0.440000000     0.000000000     3.970594497     0.000000000
     0.450000000     0.000000000     3.971711842     0.000000000
     0.460000000     0.000000000     3.972855546     0.000000000
     0.470000000     0.000000000     3.974025697     0.000000000
     0.480000000     0.000000000     3.975222386     0.000000000
     0.490000000     0.000000000     3.976445703     0.000000000
     0.500000000     0.000000000     3.977695746     0.000000000
     0.510000000     0.000000000     3.978972610     0.000000000
     0.520000000     0.000000000     3.980276397     0.000000000
     0.530000000     0.000000000     3.981607210     0.000000000
     0.540000000     0.000000000     3.982965152     0.000000000
     0.550000000     0.000000000     3.984350334     0.000000000
     0.560000000     0.000000000     3.985762866     0.000000000
     0.570000000     0.000000000     3.987202862     0.000000000
     0.580000000     0.000000000     3.988670438     0.000000000
     0.590000000     0.000000000     3.990165714     0.000000000
     0.600000000     0.000000000     3.991688814     0.000000000
     0.610000000     0.000000000     3.993239862     0.000000000
     0.620000000     0.000000000     3.994818987     0.000000000
     0.630000000     0.000000000     3.996426322     0.000000000
     0.640000000     0.000000000     3.998062002     0.000000000
     0.650000000     0.000000000     3.999726165     0.000000000
     0.660000000     0.000000000     4.001418954     0.000000000
     0.670000000     0.000000000     4.003140513     0.000000000
     0.680000000     0.000000000     4.004890993     0.000000000
     0.690000000     0.000000000     4.006670545     0.000000000
     0.700000000     0.000000000     4.008479327     0.000000000
     0.710000000     0.000000000     4.010317498     0.000000000
     0.720000000     0.000000000     4.012185223     0.000000000
     0.730000000     0.000000000     4.014082670     0.000000000
     0.740000000     0.000000000     4.016010010     0.000000000
     0.750000000     0.000000000     4.017967421     0.000000000
     0.760000000     0.000000000     4.019955084     0.000000000
     0.770000000     0.000000000     4.021973183     0.000000000
     0.780000000     0.000000000     4.024021909     0.000000000
     0.790000000     0.000000000     4.026101456     0.000000000
     0.800000000     0.000000000     4.028212023     0.000000000
     0.810000000     0.000000000     4.030353814     0.000000000
     0.820000000     0.000000000     4.032527040     0.000000000
     0.830000000     0.000000000     4.034731914     0.000000000
     0.840000000     0.000000000     4.036968657     0.000000000
     0.850000000     0.000000000     4.039237495     0.000000000
     0.860000000     0.000000000     4.041538658     0.000000000
     0.870000000     0.000000000     4.043872384     0.000000000
     0.880000000     0.000000000     4.046238916     0.000000000
     0.890000000     0.000000000     4.048638505     0.000000000
     0.900000000     0.000000000     4.051071405     0.000000000
     0.910000000     0.000000000     4.053537881     0.000000000
     0.920000000     0.000000000     4.056038202     0.000000000
     0.930000000     0.000000000     4.058572644     0.000000000
     0.940000000     0.000000000     4.061141494     0.000000000
     0.950000000     0.000000000     4.063745042     0.000000000
     0.960000000     0.000000000     4.066383589     0.000000000
     0.970000000     0.000000000     4.069057444     0.000000000
     0.980000000     0.000000000     4.071766923     0.000000000
     0.990000000     0.000000000     4.074512353     0.000000000
     1.000000000     0.000000000     4.077294068     0.000000000
     1.010000000     0.000000000     4.080112414     0.000000000
     1.020000000     0.000000000     4.082967744     0.000000000
     1.030000000     0.000000000     4.085860425     0.000000000
     1.040000000     0.000000000     4.088790832     0.000000000
     1.050000000     0.000000000     4.091759352     0.000000000
     1.060000000     0.000000000     4.094766383     0.000000000
     1.070000000     0.000000000     4.097812338     0.000000000
     1.080000000     0.000000000     4.100897638     0.000000000
     1.090000000     0.000000000     4.104022722     0.000000000
     1.100000000     0.000000000     4.107188039     0.000000000
     1.110000000     0.000000000     4.110394056     0.000000000
     1.120000000     0.000000000     4.113641251     0.000000000
     1.130000000     0.000000000     4.116930122     0.000000000
     1.140000000     0.000000000     4.120261179     0.000000000
     1.150000000     0.000000000     4.123634954     0.000000000
     1.160000000     0.000000001     4.127051994     0.000000000
     1.170000000     0.000000001     4.130512866     0.000000000
     1.180000000     0.000000002     4.134018157     0.000000001
     1.190000000     0.000000003     4.137568473     0.000000001
     1.200000000     0.000000005     4.141164446     0.000000002
     1.210000000     0.000000008     4.144806727     0.000000003
     1.220000000     0.000000012     4.148495994     0.000000005
     1.230000000     0.000000020     4.152232949     0.000000008
     1.240000000     0.000000031     4.156018322     0.000000012
     1.250000000     0.000000048     4.159852871     0.000000019
     1.260000000     0.000000074     4.163737382     0.000000029
     1.270000000     0.000000113     4.167672677     0.000000045
     1.280000000     0.000000171     4.171659607     0.000000068
     1.290000000     0.000000256     4.175699059     0.000000103
     1.300000000     0.000000379     4.179791961     0.000000154
     1.310000000     0.000000556     4.183939274     0.000000227
     1.320000000     0.000000809     4.188142007     0.000000331
     1.330000000     0.000001165     4.192401209     0.000000479
     1.340000000     0.000001661     4.196717978     0.000000687
     1.350000000     0.000002345     4.201093459     0.000000974
     1.360000000     0.000003281     4.205528851     0.000001368
     1.370000000     0.000004546     4.210025411     0.000001902
     1.380000000     0.000006241     4.214584451     0.000002619
     1.390000000     0.000008490     4.219207348     0.000003571
     1.400000000     0.000011446     4.223895546     0.000004822
     1.410000000     0.000015298     4.228650557     0.000006446
     1.420000000     0.000020275     4.233473969     0.000008533
     1.430000000     0.000026653     4.238367451     0.000011185
     1.440000000     0.000034771     4.243332753     0.000014519
     1.450000000     0.000045036     4.248371713     0.000018664
     1.460000000     0.000057947     4.253486265     0.000023759
     1.470000000     0.000074117     4.258678438     0.000029955
     1.480000000     0.000094310     4.263950363     0.000037403
     1.490000000     0.000119486     4.269304279     0.000046257
     1.500000000     0.000150870     4.274742532     0.000056666
     1.510000000     0.000190043     4.280267584     0.000068764
     1.520000000     0.000239060     4.285882004     0.000082670
     1.530000000     0.000300610     4.291588478     0.000098474
     1.540000000     0.000378221     4.297389797     0.000116237
     1.550000000     0.000476511     4.303288853     0.000135987
     1.560000000     0.000601506     4.309288627     0.000157710
     1.570000000     0.000761016     4.315392172     0.000181359
     1.580000000     0.000965077     4.321602590     0.000206853
     1.590000000     0.001226446     4.327923011     0.000234086
     1.600000000     0.001561161     4.334356564     0.000262943
     1.610000000     0.001989117     4.340906364     0.000293311
     1.620000000     0.002534658     4.347575516     0.000325106
     1.630000000     0.003227142     4.354367165     0.000358296
     1.640000000     0.004101425     4.361284598     0.000392929
     1.650000000     0.005198215     4.368331410     0.000429159
     1.660000000     0.006564236     4.375511706     0.000467285
     1.670000000     0.008252134     4.382830249     0.000507770
     1.680000000     0.010320044     4.390292405     0.000551278
     1.690000000     0.012830770     4.397903765     0.000598689
     1.700000000     0.015850525     4.405669364     0.000651124
     1.710000000     0.019447179     4.413592604     0.000709953
     1.720000000     0.023688033     4.421674060     0.000776807
     1.730000000     0.028637118     4.429910309     0.000853573
     1.740000000     0.034352101     4.438292802     0.000942389
     1.750000000     0.040880889     4.446806606     0.001045629
     1.760000000     0.048258084     4.455428826     0.001165884
     1.770000000     0.056501458     4.464126509     0.001305931
     1.780000000     0.065608678     4.472853940     0.001468702
     1.790000000     0.075554495     4.481549353     0.001657239
     1.800000000     0.086288646     4.490131243     0.001874650
     1.810000000     0.097734669     4.498494708     0.002124053
     1.820000000     0.109789849     4.506508550     0.002408514
     1.830000000     0.122326394     4.514014275     0.002730980
     1.840000000     0.135193935     4.520828443     0.003094200
     1.850000000     0.148223330     4.526750012     0.003500651
     1.860000000     0.161231654     4.531574175     0.003952445
     1.870000000     0.174028212     4.535113592     0.004451250
     1.880000000     0.186421286     4.537226671     0.004998199
     1.890000000     0.198225281     4.537850123     0.005593818
     1.900000000     0.209267910     4.537029220     0.006237951
     1.910000000     0.219396992     4.534935124     0.006929713
     1.920000000     0.228486491     4.531858205     0.007667454
     1.930000000     0.236441450     4.528173469     0.008448756
     1.940000000     0.243201516     4.524286989     0.009270454
     1.950000000     0.248742871     4.520581114     0.010128694
     1.960000000     0.253078464     4.517373422     0.011019020
     1.970000000     0.256256548     4.514893993     0.011936491
     1.980000000     0.258357634     4.513278427     0.012875835
     1.990000000     0.259490068     4.512574125     0.013831613
     2.000000000     0.259784510     4.512758885     0.014798412
     2.010000000     0.259387658     4.513768228     0.015771035
     2.020000000     0.258455586     4.515522913     0.016744695
     2.030000000     0.257147054     4.517946798     0.017715193
     2.040000000     0.255617164     4.520970525     0.018679081
     2.050000000     0.254011656     4.524524776     0.019633789
     2.060000000     0.252462088     4.528531685     0.020577727
     2.070000000     0.251082098     4.532901456     0.021510342
     2.080000000     0.249964825     4.537535691     0.022432140
     2.090000000     0.249181529     4.542334081     0.023344668
     2.100000000     0.248781337     4.547200003     0.024250464
     2.110000000     0.248792026     4.552043010     0.025152971
     2.120000000     0.249221647     4.556779699     0.026056431
     2.130000000     0.250060801     4.561336056     0.026965758
     2.140000000     0.251285337     4.565652865     0.027886396
     2.150000000     0.252859240     4.569692698     0.028824170
     2.160000000     0.254737493     4.573444762     0.029785127
     2.170000000     0.256868721     4.576924690     0.030775380
     2.180000000     0.259197467     4.580169624     0.031800940
     2.190000000     0.261665999     4.583231938     0.032867554
     2.200000000     0.264215591     4.586174583     0.033980534
     2.210000000     0.266787305     4.589067451     0.035144586
     2.220000000     0.269322312     4.591981283     0.036363629
     2.230000000     0.271761881     4.594976885     0.037640622
     2.240000000     0.274047158     4.598092306     0.038977385
     2.250000000     0.276118913     4.601334350     0.040374430
     2.260000000     0.277917400     4.604679003     0.041830804
     2.270000000     0.279382496     4.608078936     0.043343958
     2.280000000     0.280454221     4.611471133     0.044909643
     2.290000000     0.281073719     4.614779093     0.046521850
     2.300000000     0.281184712     4.617911218     0.048172804
     2.310000000     0.280735383     4.620763517     0.049853009
     2.320000000     0.279680587     4.623234715     0.051551370
     2.330000000     0.277984246     4.625255029     0.053255374
     2.340000000     0.275621721     4.626820837     0.054951338
     2.350000000     0.272581977     4.628021532     0.056624724
     2.360000000     0.268869315     4.629045203     0.058260506
     2.370000000     0.264504495     4.630157135     0.059843572
     2.380000000     0.259525109     4.631656208     0.061359158
     2.390000000     0.253985098     4.633823229     0.062793280
     2.400000000     0.247953402     4.636876813     0.064133155
     2.410000000     0.241511779     4.640947077     0.065367579
     2.420000000     0.234751905     4.646069670     0.066487255
     2.430000000     0.227771904     4.652196852     0.067485040
     2.440000000     0.220672532     4.659219501     0.068356098
     2.450000000     0.213553223     4.666993383     0.069097963
     2.460000000     0.206508255     4.675363960     0.069710479
     2.470000000     0.199623218     4.684185943     0.070195650
     2.480000000     0.192972020     4.693335934     0.070557381
     2.490000000     0.186614533     4.702718330     0.070801133
     2.500000000     0.180595019     4.712265845     0.070933519
     2.510000000     0.174941344     4.721936280     0.070961846
     2.520000000     0.169664997     4.731706793     0.070893638
     2.530000000     0.164761860     4.741566510     0.070736174
     2.540000000     0.160213622     4.751508522     0.070496048
     2.550000000     0.155989739     4.761522802     0.070178800
     2.560000000     0.152049790     4.771591859     0.069788615
     2.570000000     0.148346097     4.781690470     0.069328130
     2.580000000     0.144826457     4.791789780     0.068798338
     2.590000000     0.141436867     4.801864810     0.068198605
     2.600000000     0.138124111     4.811903181     0.067526801
     2.610000000     0.134838119     4.821912031     0.066779523
     2.620000000     0.131534011     4.831920168     0.065952405
     2.630000000     0.128173773     4.841974051     0.065040498
     2.640000000     0.124727511     4.852129105     0.064038687
     2.650000000     0.121174284     4.862440429     0.062942137
     2.660000000     0.117502497     4.872957160     0.061746731
     2.670000000     0.113709875     4.883722094     0.060449481
     2.680000000     0.109803048     4.894774759     0.059048899
     2.690000000     0.105796798     4.906154298     0.057545296
     2.700000000     0.101713012     4.917899157     0.055941014
     2.710000000     0.097579413     4.930042772     0.054240560
     2.720000000     0.093428133     4.942606901     0.052450666
     2.730000000     0.089294207     4.955595759     0.050580240
     2.740000000     0.085214055     4.968993936     0.048640247
     2.750000000     0.081224008     4.982769343     0.046643493
     2.760000000     0.077358956     4.996880186     0.044604355
     2.770000000     0.073651154     5.011283469     0.042538437
     2.780000000     0.070129218     5.025942281     0.040462193
     2.790000000     0.066817354     5.040829912     0.038392514
     2.800000000     0.063734812     5.055930040     0.036346303
     2.810000000     0.060895583     5.071233554     0.034340046
     2.820000000     0.058308313     5.086733707     0.032389407
     2.830000000     0.055976435     5.102421802     0.030508844
     2.840000000     0.053898482     5.118285194     0.028711277
     2.850000000     0.052068558     5.134308247     0.027007797
     2.860000000     0.050476948     5.150475567     0.025407450
     2.870000000     0.049110825     5.166775797     0.023917081
     2.880000000     0.047955038     5.183203885     0.022541251
     2.890000000     0.046992952     5.199760391     0.021282232
     2.900000000     0.046207316     5.216448027     0.020140067
     2.910000000     0.045581129     5.233267405     0.019112703
     2.920000000     0.045098493     5.250214626     0.018196182
     2.930000000     0.044745418     5.267282332     0.017384883
     2.940000000     0.044510552     5.284463901     0.016671806
     2.950000000     0.044385817     5.301758712     0.016048886
     2.960000000     0.044366916     5.319175886     0.015507325
     2.970000000     0.044453683     5.336734620     0.015037927
     2.980000000     0.044650253     5.354460906     0.014631425
     2.990000000     0.044965026     5.372382256     0.014278796
     3.000000000     0.045410412     5.390522963     0.013971537
     3.010000000     0.046002346     5.408901901     0.013701913
     3.020000000     0.046759588     5.427533183     0.013463158
     3.030000000     0.047702815     5.446428466     0.013249632
     3.040000000     0.048853550     5.465599013     0.013056922
     3.050000000     0.050232971     5.485055970     0.012881899
     3.060000000     0.051860662     5.504808397     0.012722725
     3.070000000     0.053753386     5.524859810     0.012578815
     3.080000000     0.055923961     5.545204781     0.012450760
     3.090000000     0.058380305     5.565826776     0.012340215
     3.100000000     0.061124763     5.586697452     0.012249766
     3.110000000     0.064153740     5.607776892     0.012182769
     3.120000000     0.067457733     5.629014335     0.012143187
     3.130000000     0.071021759     5.650349730     0.012135416
     3.140000000     0.074826196     5.671717086     0.012164118
     3.150000000     0.078847996     5.693050705     0.012234053
     3.160000000     0.083062218     5.714294551     0.012349940
     3.170000000     0.087443788     5.735413323     0.012516315
     3.180000000     0.091969370     5.756401790     0.012737419
     3.190000000     0.096619215     5.777288033     0.013017104
     3.200000000     0.101378856     5.798127786     0.013358760
     3.210000000     0.106240503     5.818991298     0.013765255
     3.220000000     0.111204017     5.839948878     0.014238905
     3.230000000     0.116277363     5.861062797     0.014781457
     3.240000000     0.121476460     5.882389271     0.015394090
     3.250000000     0.126824427     5.903986915     0.016077435
     3.260000000     0.132350215     5.925922748     0.016831615
     3.270000000     0.138086702     5.948268160     0.017656291
     3.280000000     0.144068365     5.971084437     0.018550733
     3.290000000     0.150328661     5.994404938     0.019513900
     3.300000000     0.156897311     6.018223034     0.020544529
     3.310000000     0.163797667     6.042490610     0.021641232
     3.320000000     0.171044363     6.067125917     0.022802606
     3.330000000     0.178641438     6.092026242     0.024027326
     3.340000000     0.186581083     6.117081030     0.025314246
     3.350000000     0.194843135     6.142182513     0.026662475
     3.360000000     0.203395385     6.167232185     0.028071446
     3.370000000     0.212194715     6.192142732     0.029540948
     3.380000000     0.221189021     6.216836894     0.031071139
     3.390000000     0.230319808     6.241246751     0.032662520
     3.400000000     0.239525335     6.265317433     0.034315880
     3.410000000     0.248744084     6.289017420     0.036032213
     3.420000000     0.257918374     6.312353675     0.037812606
     3.430000000     0.266997874     6.335386127     0.039658112
     3.440000000     0.275942803     6.358234108     0.041569617
     3.450000000     0.284726621     6.381068785     0.043547706
     3.460000000     0.293338050     6.404090314     0.045592547
     3.470000000     0.301782296     6.427494867     0.047703800
     3.480000000     0.310081404     6.451441712     0.049880563
     3.490000000     0.318273731     6.476030934     0.052121357
     3.500000000     0.326412559     6.501298083     0.054424163
     3.510000000     0.334563913     6.527225231     0.056786502
     3.520000000     0.342803719     6.553762143     0.059205563
     3.530000000     0.351214407     6.580848911     0.061678367
     3.540000000     0.359881137     6.608432936     0.064201955
     3.550000000     0.368887800     6.636477142     0.066773596
     3.560000000     0.378312962     6.664959983     0.069390989
     3.570000000     0.388225914     6.693869790     0.072052456
     3.580000000     0.398682972     6.723196120     0.074757101
     3.590000000     0.409724168     6.752920067     0.077504932
     3.600000000     0.421370465     6.783004946     0.080296925
     3.610000000     0.433621596     6.813389038     0.083135036
     3.620000000     0.446454639     6.843982698     0.086022140
     3.630000000     0.459823408     6.874672319     0.088961917
     3.640000000     0.473658731     6.905332305     0.091958662
     3.650000000     0.487869665     6.935843236     0.095017052
     3.660000000     0.502345672     6.966111050     0.098141858
     3.670000000     0.516959758     6.996080636     0.101337618
     3.680000000     0.531572517     7.025739041     0.104608288
     3.690000000     0.546037009     7.055107499     0.107956883
     3.700000000     0.560204318     7.084225130     0.111385115
     3.710000000     0.573929594     7.113129455     0.114893050
     3.720000000     0.587078352     7.141840293     0.118478798
     3.730000000     0.599532707     7.170354334     0.122138249
     3.740000000     0.611197236     7.198656078     0.125864862
     3.750000000     0.622004105     7.226745573     0.129649534
     3.760000000     0.631917122     7.254675659     0.133480541
     3.770000000     0.640934407     7.282585036     0.137343574
     3.780000000     0.649089414     7.310712646     0.141221865
     3.790000000     0.656450137     7.339385209     0.145096406
     3.800000000     0.663116458     7.368980744     0.148946264
     3.810000000     0.669215684     7.399880119     0.152748979
     3.820000000     0.674896489     7.432421061     0.156481034
     3.830000000     0.680321608     7.466864203     0.160118390
     3.840000000     0.685659720     7.503373393     0.163637058
     3.850000000     0.691077074     7.542007179     0.167013691
     3.860000000     0.696729453     7.582716780     0.170226179
     3.870000000     0.702755054     7.625347150     0.173254213
     3.880000000     0.709268853     7.669640502     0.176079807
     3.890000000     0.716358879     7.715244933     0.178687748
     3.900000000     0.724084709     7.761733368     0.181065967
     3.910000000     0.732478310     7.808638129     0.183205808
     3.920000000     0.741547149     7.855503078     0.185102199
     3.930000000     0.751279297     7.901948678     0.186753716
     3.940000000     0.761650080     7.947737823     0.188162547
     3.950000000     0.772629668     7.992824940     0.189334361
     3.960000000     0.784190898     8.037370929     0.190278107
     3.970000000     0.796316606     8.081714160     0.191005750
     3.980000000     0.809005736     8.126302719     0.191531959
     3.990000000     0.822277632     8.171609995     0.191873790
     4.000000000     0.836174032     8.218064130     0.192050347
     4.010000000     0.850758513     8.266013893     0.192082469
     4.020000000     0.866113331     8.315731698     0.191992438
     4.030000000     0.882333857     8.367432539     0.191803710
     4.040000000     0.899521026     8.421280201     0.191540689
     4.050000000     0.917772375     8.477364668     0.191228520
     4.060000000     0.937172430     8.535658845     0.190892901
     4.070000000     0.957783214     8.595981277     0.190559898
     4.080000000     0.979635705     8.657991039     0.190255749
     4.090000000     1.002722965     8.721222809     0.190006632
     4.100000000     1.026995542     8.785149135     0.189838384
     4.110000000     1.052359596     8.849247166     0.189776160
     4.120000000     1.078677937     8.913051969     0.189844004
     4.130000000     1.105774002     8.976191311     0.190064348
     4.140000000     1.133438524     9.038407997     0.190457425
     4.150000000     1.161438509     9.099579241     0.191040604
     4.160000000     1.189527961     9.159737645     0.191827676
     4.170000000     1.217459723     9.219088899     0.192828101
     4.180000000     1.244997745     9.278013198     0.194046259
     4.190000000     1.271929133     9.337036586     0.195480740
     4.200000000     1.298075396     9.396768117     0.197123706
     4.210000000     1.323302387     9.457814830     0.198960389
     4.220000000     1.347528600     9.520698723     0.200968748
     4.230000000     1.370731568     9.585800321     0.203119349
     4.240000000     1.392952267     9.653342630     0.205375482
     4.250000000     1.414297477     9.723414512     0.207693562
     4.260000000     1.434940172     9.796020595     0.210023820
     4.270000000     1.455117986     9.871139029     0.212311295
     4.280000000     1.475129843     9.948769323     0.214497111
     4.290000000     1.495330813    10.028959038     0.216520017
     4.300000000     1.516125232    10.111807754     0.218318142
     4.310000000     1.537958091    10.197455015     0.219830909
     4.320000000     1.561304740    10.286062337     0.221001045
     4.330000000     1.586658953    10.377797452     0.221776586
     4.340000000     1.614519501    10.472824793     0.222112805
     4.350000000     1.645375485    10.571302227     0.221973965
     4.360000000     1.679690851    10.673381372     0.221334805
     4.370000000     1.717888667    10.779206462     0.220181692
     4.380000000     1.760335928    10.888904113     0.218513356
     4.390000000     1.807329821    11.002555828     0.216341180
     4.400000000     1.859086480    11.120150527     0.213689004
     4.410000000     1.915733334    11.241525050     0.210592459
     4.420000000     1.977306080    11.366309823     0.207097839
     4.430000000     2.043751219    11.493899047     0.203260575
     4.440000000     2.114934816    11.623460215     0.199143381
     4.450000000     2.190657878    11.753990581     0.194814151
     4.460000000     2.270678301    11.884419740     0.190343719
     4.470000000     2.354738959    12.013746706     0.185803586
     4.480000000     2.442601023    12.141187554     0.181263713
     4.490000000     2.534081233    12.266302387     0.176790493
     4.500000000     2.629091466    12.389076085     0.172444973
     4.510000000     2.727678701    12.509945708     0.168281403
     4.520000000     2.830063360    12.629786482     0.164346157
     4.530000000     2.936673937    12.749872273     0.160677055
     4.540000000     3.048175965    12.871809224     0.157303078
     4.550000000     3.165493560    12.997417259     0.154244473
     4.560000000     3.289822051    13.128532966     0.151513203
     4.570000000     3.422630576    13.266745965     0.149113685
     4.580000000     3.565653881    13.413137202     0.147043775
     4.590000000     3.720872953    13.568112556     0.145295902
     4.600000000     3.890484508    13.731390903     0.143858314
     4.610000000     4.076859696    13.902135545     0.142716339
     4.620000000     4.282492776    14.079163317     0.141853622
     4.630000000     4.509940829    14.261158325     0.141253265
     4.640000000     4.761755958    14.446845958     0.140898835
     4.650000000     5.040411788    14.635114151     0.140775205
     4.660000000     5.348226454    14.825077928     0.140869193
     4.670000000     5.687284720    15.016069283     0.141170007
     4.680000000     6.059362194    15.207520027     0.141669471
     4.690000000     6.465855040    15.398723176     0.142362056
     4.700000000     6.907718775    15.588516464     0.143244726
     4.710000000     7.385419901    15.774990719     0.144316619
     4.720000000     7.898903985    15.955333833     0.145578605
     4.730000000     8.447583447    16.125871020     0.147032734
     4.740000000     9.030347620    16.282295845     0.148681634
     4.750000000     9.645596675    16.420040142     0.150527877
     4.760000000    10.291299669    16.534701933     0.152573362
     4.770000000    10.965075468    16.622423942     0.154818742
     4.780000000    11.664293546    16.680105229     0.157262930
     4.790000000    12.386189977    16.705376087     0.159902704
     4.800000000    13.127992288    16.696387408     0.162732435
     4.810000000    13.887045502    16.651600845     0.165743944
     4.820000000    14.660930824    16.569804973     0.168926495
     4.830000000    15.447568037    16.450462853     0.172266917
     4.840000000    16.245293019    16.294278636     0.175749843
     4.850000000    17.052902789    16.103703324     0.179358058
     4.860000000    17.869662166    15.883098174     0.183072914
     4.870000000    18.695268422    15.638425321     0.186874812
     4.880000000    19.529772997    15.376517335     0.190743697
     4.890000000    20.373462320    15.104082162     0.194659563
     4.900000000    21.226702783    14.826618303     0.198602924
     4.910000000    22.089757657    14.547400317     0.202555240
     4.920000000    22.962586116    14.266682923     0.206499276
     4.930000000    23.844636220    13.981264196     0.210419378
     4.940000000    24.734644711    13.684528833     0.214301664
     4.950000000    25.630456574    13.367040843     0.218134128
     4.960000000    26.528876654    13.017661388     0.221906645
     4.970000000    27.425564133    12.625049039     0.225610903
     4.980000000    28.314978563    12.179290474     0.229240254
     4.990000000    29.190383513    11.673333563     0.232789510
     5.000000000    30.043910947    11.103867087     0.236254679
     5.010000000    30.866686320    10.471351516     0.239632672
     5.020000000    31.649011326     9.779116555     0.242920985
     5.030000000    32.380598282     9.031794423     0.246117366
     5.040000000    33.050847570     8.233682077     0.249219492
     5.050000000    33.649157306     7.387679845     0.252224654
     5.060000000    34.165252758     6.495163706     0.255129474
     5.070000000    34.589521838     5.556708952     0.257929658
     5.080000000    34.913342476     4.573282743     0.260619801
     5.090000000    35.129387761     3.547490663     0.263193252
     5.100000000    35.231895502     2.484605036     0.265642044
     5.110000000    35.216890233     1.393248866     0.267956907
     5.120000000    35.082347682     0.285657843     0.270127359
     5.130000000    34.828294276    -0.822593563     0.272141880
     5.140000000    34.456837181    -1.913537853     0.273988164
     5.150000000    33.972123611    -2.968457068     0.275653454
     5.160000000    33.380231458    -3.969981862     0.277124929
     5.170000000    32.688996518    -4.904130588     0.278390141
     5.180000000    31.907784454    -5.761699354     0.279437489
     5.190000000    31.047218110    -6.538634370     0.280256685
     5.200000000    30.118872497    -7.235402891     0.280839219
     5.210000000    29.134950836    -7.855696727     0.281178770
     5.220000000    28.107955263    -8.404913252     0.281271568
     5.230000000    27.050365283    -8.888792363     0.281116671
     5.240000000    25.974335851    -9.312452027     0.280716152
     5.250000000    24.891425229    -9.679927070     0.280075183
     5.260000000    23.812360623    -9.994185293     0.279202018
     5.270000000    22.746847252   -10.257485517     0.278107879
     5.280000000    21.703424145   -10.471893843     0.276806742
     5.290000000    20.689367677   -10.639802075     0.275315056
     5.300000000    19.710641796   -10.764352070     0.273651397
     5.310000000    18.771892169   -10.849705481     0.271836074
     5.320000000    17.876480048   -10.901104226     0.269890715
     5.330000000    17.026550621   -10.924681412     0.267837853
     5.340000000    16.223129886   -10.927030699     0.265700508
     5.350000000    15.466243696   -10.914611466     0.263501807
     5.360000000    14.755052476   -10.893126950     0.261264627
     5.370000000    14.087995251   -10.867032465     0.259011291
     5.380000000    13.462936936   -10.839286707     0.256763297
     5.390000000    12.877313366   -10.811358789     0.254541106
     5.400000000    12.328269229   -10.783409866     0.252363977
     5.410000000    11.812784873   -10.754554335     0.250249837
     5.420000000    11.327788902   -10.723171481     0.248215213
     5.430000000    10.870254434   -10.687296663     0.246275182
     5.440000000    10.437277907   -10.645091759     0.244443369
     5.450000000    10.026140275   -10.595300007     0.242731970
     5.460000000     9.634351284   -10.537534665     0.241151789
     5.470000000     9.259678224   -10.472303259     0.239712296
     5.480000000     8.900161073   -10.400792039     0.238421688
     5.490000000     8.554116247   -10.324531922     0.237286936
     5.500000000     8.220131266   -10.245077982     0.236313822
     5.510000000     7.897052543   -10.163775163     0.235506945
     5.520000000     7.583968225   -10.081610493     0.234869676
     5.530000000     7.280187688    -9.999114635     0.234404072
     5.540000000     6.985218841    -9.916287490     0.234110718
     5.550000000     6.698744029    -9.832563757     0.233988507
     5.560000000     6.420595002    -9.746865297     0.234034351
     5.570000000     6.150727174    -9.657775977     0.234242825
     5.580000000     5.889193330    -9.563824059     0.234605773
     5.590000000     5.636116925    -9.463802872     0.235111874
     5.600000000     5.391665272    -9.357039173     0.235746214
     5.610000000     5.156023070    -9.243536633     0.236489896
     5.620000000     4.929366957    -9.123960540     0.237319720
     5.630000000     4.711841943    -8.999473524     0.238207985
     5.640000000     4.503540695    -8.871476072     0.239122462
     5.650000000     4.304486683    -8.741338851     0.240026558
     5.660000000     4.114622103    -8.610214475     0.240879732
     5.670000000     3.933801290    -8.478975110     0.241638163
     5.680000000     3.761790039    -8.348261214     0.242255688
     5.690000000     3.598270866    -8.218584352     0.242685006
     5.700000000     3.442853851    -8.090422276     0.242879104
     5.710000000     3.295092286    -7.964265348     0.242792884
     5.720000000     3.154501975    -7.840598201     0.242384907
     5.730000000     3.020582809    -7.719821297     0.241619183
     5.740000000     2.892841014    -7.602136389     0.240466934
     5.750000000     2.770810474    -7.487435684     0.238908207
     5.760000000     2.654071626    -7.375237674     0.236933283
     5.770000000     2.542266615    -7.264700291     0.234543770
     5.780000000     2.435109758    -7.154721485     0.231753321
     5.790000000     2.332392727    -7.044114862     0.228587926
     5.800000000     2.233984310    -6.931824210     0.225085746
     5.810000000     2.139825024    -6.817120668     0.221296481
     5.820000000     2.049917251    -6.699724213     0.217280302
     5.830000000     1.964311876    -6.579815270     0.213106371
     5.840000000     1.883092649    -6.457943001     0.208851031
     5.850000000     1.806359574    -6.334872204     0.204595734
     5.860000000     1.734212672    -6.211423640     0.200424798
     5.870000000     1.666737337    -6.088350458     0.196423084
     5.880000000     1.603992323    -5.966267529     0.192673693
     5.890000000     1.546001140    -5.845627080     0.189255761
     5.900000000     1.492747347    -5.726723995     0.186242429
     5.910000000     1.444173899    -5.609717971     0.183699061
     5.920000000     1.400186413    -5.494667975     0.181681736
     5.930000000     1.360659968    -5.381575695     0.180236067
     5.940000000     1.325448785    -5.270427022     0.179396355
     5.950000000     1.294398047    -5.161214498     0.179185072
     5.960000000     1.267356958    -5.053930229     0.179612678
     5.970000000     1.244192166    -4.948535810     0.180677742
     5.980000000     1.224800687    -4.844930123     0.182367353
     5.990000000     1.209121526    -4.742936848     0.184657772
     6.000000000     1.197145362    -4.642321449     0.187515310
     6.010000000     1.188921752    -4.542830951     0.190897386
     6.020000000     1.184563513    -4.444238750     0.194753724
     6.030000000     1.184248071    -4.346376454     0.199027662
     6.040000000     1.188215760    -4.249143804     0.203657534
     6.050000000     1.196765167    -4.152499037     0.208578073
     6.060000000     1.210245769    -4.056438965     0.213721834
     6.070000000     1.229048211    -3.960978899     0.219020561
     6.080000000     1.253592648    -3.866140469     0.224406510
     6.090000000     1.284315604    -3.771953277     0.229813671
     6.100000000     1.321655845    -3.678473899     0.235178878
     6.110000000     1.366039715    -3.585821231     0.240442793
     6.120000000     1.417866328    -3.494220844     0.245550742
     6.130000000     1.477492949    -3.404046221     0.250453408
     6.140000000     1.545220761    -3.315843956     0.255107364
     6.150000000     1.621281134    -3.230332760     0.259475470
     6.160000000     1.705822363    -3.148369949     0.263527125
     6.170000000     1.798896786    -3.070883752     0.267238397
     6.180000000     1.900448090    -2.998776860     0.270592030
     6.190000000     2.010298648    -2.932817298     0.273577369
     6.200000000     2.128136724    -2.873544713     0.276190178
     6.210000000     2.253503540    -2.821227258     0.278432399
     6.220000000     2.385780351    -2.775897851     0.280311837
     6.230000000     2.524175927    -2.737473946     0.281841791
     6.240000000     2.667715113    -2.705928639     0.283040627
     6.250000000     2.815229421    -2.681451616     0.283931304
     6.260000000     2.965350913    -2.664535945     0.284540843
     6.270000000     3.116510802    -2.655954452     0.284899758
     6.280000000     3.266944373    -2.656631357     0.285041428
     6.290000000     3.414703766    -2.667450905     0.285001436
     6.300000000     3.557680016    -2.689066980     0.284816860
     6.310000000     3.693635389    -2.721785802     0.284525545
     6.320000000     3.820246507    -2.765580704     0.284165346
     6.330000000     3.935158102    -2.820251833     0.283773376
     6.340000000     4.036046391    -2.885671704     0.283385253
     6.350000000     4.120690247    -2.961996274     0.283034389
     6.360000000     4.187047446    -3.049711593     0.282751318
     6.370000000     4.233332558    -3.149437960     0.282563093
     6.380000000     4.258092441    -3.261503444     0.282492773
     6.390000000     4.260274982    -3.385391997     0.282559006
     6.400000000     4.239286719    -3.519238408     0.282775735
     6.410000000     4.195035298    -3.659559609     0.283152029
     6.420000000     4.127953362    -3.801364569     0.283692057
     6.430000000     4.039001485    -3.938674836     0.284395190
     6.440000000     3.929648936    -4.065344638     0.285256253
     6.450000000     3.801832457    -4.175953858     0.286265899
     6.460000000     3.657894634    -4.266522106     0.287411101
     6.470000000     3.500504790    -4.334873786     0.288675747
     6.480000000     3.332566448    -4.380623784     0.290041312
     6.490000000     3.157116301    -4.404875078     0.291487579
     6.500000000     2.977220096    -4.409774948     0.292993387
     6.510000000     2.795870919    -4.398064907     0.294537377
     6.520000000     2.615895124    -4.372709704     0.296098698
     6.530000000     2.439870386    -4.336634391     0.297657652
     6.540000000     2.270059484    -4.292557453     0.299196259
     6.550000000     2.108362184    -4.242891177     0.300698704
     6.560000000     1.956286344    -4.189684498     0.302151673
     6.570000000     1.814938108    -4.134596713     0.303544541
     6.580000000     1.685029891    -4.078900219     0.304869432
     6.590000000     1.566903911    -4.023510296     0.306121137
     6.600000000     1.460568287    -3.969033384     0.307296899
     6.610000000     1.365742345    -3.915820668     0.308396082
     6.620000000     1.281907570    -3.864017109     0.309419738
     6.630000000     1.208360826    -3.813605559     0.310370087
     6.640000000     1.144266754    -3.764453918     0.311249944
     6.650000000     1.088706817    -3.716373252     0.312062115
     6.660000000     1.040723025    -3.669185022     0.312808786
     6.670000000     0.999355069    -3.622782234     0.313490943
     6.680000000     0.963670194    -3.577163042     0.314107837
     6.690000000     0.932785726    -3.532422825     0.314656539
     6.700000000     0.905884653    -3.488709090     0.315131587
     6.710000000     0.882224991    -3.446161073     0.315524762
     6.720000000     0.861143934    -3.404861634     0.315825002
     6.730000000     0.842057870    -3.364819707     0.316018453
     6.740000000     0.824459404    -3.325983600     0.316088680
     6.750000000     0.807912392    -3.288270295     0.316017014
     6.760000000     0.792045945    -3.251591806     0.315783034
     6.770000000     0.776548102    -3.215867043     0.315365168
     6.780000000     0.761159763    -3.181019480     0.314741393
     6.790000000     0.745669235    -3.146969407     0.313889998
     6.800000000     0.729907603    -3.113630526     0.312790396
     6.810000000     0.713744971    -3.080915053     0.311423948
     6.820000000     0.697087528    -3.048743287     0.309774760
     6.830000000     0.679875294    -3.017048182     0.307830449
     6.840000000     0.662080341    -2.985767048     0.305582819
     6.850000000     0.643705280    -2.954820797     0.303028447
     6.860000000     0.624781805    -2.924090950     0.300169150
     6.870000000     0.605369074    -2.893408782     0.297012310
     6.880000000     0.585551786    -2.862566091     0.293571048
     6.890000000     0.565437830    -2.831345798     0.289864248
     6.900000000     0.545155432    -2.799560060     0.285916403
     6.910000000     0.524849794    -2.767080233     0.281757304
     6.920000000     0.504679259    -2.733848194     0.277421559
     6.930000000     0.484811074    -2.699867769     0.272947961
     6.940000000     0.465416878    -2.665182922     0.268378708
     6.950000000     0.446668063    -2.629852978     0.263758496
     6.960000000     0.428731177    -2.593934597     0.259133506
     6.970000000     0.411763549    -2.557476545     0.254550306
     6.980000000     0.395909330    -2.520527232     0.250054703
     6.990000000     0.381296118    -2.483148792     0.245690574
     7.000000000     0.368032338    -2.445428469     0.241498715
     7.010000000     0.356205511    -2.407480632     0.237515743
     7.020000000     0.345881529    -2.369438840     0.233773090
     7.030000000     0.337105013    -2.331442539     0.230296131
     7.040000000     0.329900779    -2.293624150     0.227103473
     7.050000000     0.324276421    -2.256100386     0.224206443
     7.060000000     0.320225948    -2.218969070     0.221608786
     7.070000000     0.317734369    -2.182310835     0.219306613
     7.080000000     0.316783083    -2.146193662     0.217288580
     7.090000000     0.317355859    -2.110677226     0.215536310
     7.100000000     0.319445159    -2.075814033     0.214025053
     7.110000000     0.323058508    -2.041645754     0.212724541
     7.120000000     0.328224560    -2.008195438     0.211600021
     7.130000000     0.334998499    -1.975458155     0.210613430
     7.140000000     0.343466382    -1.943393502     0.209724652
     7.150000000     0.353748008    -1.911923413     0.208892813
     7.160000000     0.365997934    -1.880937920     0.208077566
     7.170000000     0.380404278    -1.850309593     0.207240310
     7.180000000     0.397184997    -1.819914527     0.206345294
     7.190000000     0.416581412    -1.789655042     0.205360572
     7.200000000     0.438848884    -1.759478333     0.204258769
     7.210000000     0.464244641    -1.729386777     0.203017636
     7.220000000     0.493012963    -1.699439001     0.201620391
     7.230000000     0.525368078    -1.669744546     0.200055838
     7.240000000     0.561475331    -1.640457244     0.198318278
     7.250000000     0.601431402    -1.611771989     0.196407239
     7.260000000     0.645244484    -1.583926913     0.194327048
     7.270000000     0.692815538    -1.557210195     0.192086288
     7.280000000     0.743921813    -1.531969383     0.189697179
     7.290000000     0.798203877    -1.508621184     0.187174919
     7.300000000     0.855157369    -1.487659791     0.184537026
     7.310000000     0.914130567    -1.469661795     0.181802713
     7.320000000     0.974328634    -1.455285644     0.178992329
     7.330000000     1.034825126    -1.445263316     0.176126868
     7.340000000     1.094580931    -1.440380776     0.173227576
     7.350000000     1.152470398    -1.441442597     0.170315635
     7.360000000     1.207313913    -1.449215667     0.167411942
     7.370000000     1.257915732    -1.464348068     0.164536942
     7.380000000     1.303105435    -1.487263726     0.161710519
     7.390000000     1.341781032    -1.518043241     0.158951916
     7.400000000     1.372951518    -1.556313827     0.156279661
     7.410000000     1.395776565    -1.601178639     0.153711485
     7.420000000     1.409601136    -1.651211776     0.151264214
     7.430000000     1.413983007    -1.704531069     0.148953628
     7.440000000     1.408711575    -1.758942963     0.146794269
     7.450000000     1.393816829    -1.812138974     0.144799220
     7.460000000     1.369567962    -1.861914505     0.142979832
     7.470000000     1.336461709    -1.906376805     0.141345438
     7.480000000     1.295201167    -1.944107327     0.139903046
     7.490000000     1.246666373    -1.974248249     0.138657035
     7.500000000     1.191878419    -1.996499821     0.137608874
     7.510000000     1.131959201    -2.011041371     0.136756880
     7.520000000     1.068089070    -2.018409357     0.136096036
     7.530000000     1.001464661    -2.019368744     0.135617878
     7.540000000     0.933259035    -2.014801464     0.135310476
     7.550000000     0.864585967    -2.005619264     0.135158509
     7.560000000     0.796469816    -1.992697949     0.135143453
     7.570000000     0.729821978    -1.976828075     0.135243873
     7.580000000     0.665424403    -1.958680006     0.135435830
     7.590000000     0.603920213    -1.938784435     0.135693388
     7.600000000     0.545811010    -1.917530777     0.135989210
     7.610000000     0.491460150    -1.895184545     0.136295237
     7.620000000     0.441100978    -1.871920666     0.136583407
     7.630000000     0.394848903    -1.847864196     0.136826411
     7.640000000     0.352716113    -1.823126696     0.136998438
     7.650000000     0.314627790    -1.797828773     0.137075893
     7.660000000     0.280438798    -1.772106098     0.137038039
     7.670000000     0.249949966    -1.746103307     0.136867543
     7.680000000     0.222923285    -1.719963396     0.136550901
     7.690000000     0.199095555    -1.693818975     0.136078711
     7.700000000     0.178190170    -1.667787958     0.135445781
     7.710000000     0.159926939    -1.641972817     0.134651073
     7.720000000     0.144029957    -1.616460883     0.133697482
     7.730000000     0.130233644    -1.591323589     0.132591452
     7.740000000     0.118287135    -1.566613942     0.131342469
     7.750000000     0.107957258    -1.542363044     0.129962446
     7.760000000     0.099030325    -1.518577376     0.128465039
     7.770000000     0.091312972    -1.495238835     0.126864930
     7.780000000     0.084632239    -1.472308926     0.125177115
     7.790000000     0.078835081    -1.449737079     0.123416246
     7.800000000     0.073787458    -1.427471107     0.121596034
     7.810000000     0.069373114    -1.405466608     0.119728770
     7.820000000     0.065492156    -1.383692452     0.117824956
     7.830000000     0.062059500    -1.362131433     0.115893076
     7.840000000     0.059003263    -1.340777273     0.113939492
     7.850000000     0.056263139    -1.319630277     0.111968474
     7.860000000     0.053788818    -1.298693534     0.109982327
     7.870000000     0.051538483    -1.277970406     0.107981624
     7.880000000     0.049477415    -1.257462988     0.105965495
     7.890000000     0.047576734    -1.237170893     0.103931964
     7.900000000     0.045812305    -1.217090065     0.101878301
     7.910000000     0.044163794    -1.197211896     0.099801371
     7.920000000     0.042613906    -1.177523175     0.097697963
     7.930000000     0.041147785    -1.158007174     0.095565081
     7.940000000     0.039752555    -1.138645660     0.093400184
     7.950000000     0.038417008    -1.119421039     0.091201388
     7.960000000     0.037131394    -1.100317759     0.088967603
     7.970000000     0.035887301    -1.081322425     0.086698633
     7.980000000     0.034677590    -1.062422808     0.084395223
     7.990000000     0.033496379    -1.043606473     0.082059074
     8.000000000     0.032339024    -1.024859720     0.079692820
     8.010000000     0.031202119    -1.006167176     0.077299987
     8.020000000     0.030083458    -0.987511910     0.074884925
     8.030000000     0.028981984    -0.968875867     0.072452721
     8.040000000     0.027897708    -0.950240408     0.070009103
     8.050000000     0.026831585    -0.931586902     0.067560330
     8.060000000     0.025785380    -0.912897347     0.065113069
     8.070000000     0.024761496    -0.894155002     0.062674268
     8.080000000     0.023762803    -0.875344978     0.060251015
     8.090000000     0.022792452    -0.856454606     0.057850403
     8.100000000     0.021853705    -0.837473385     0.055479382
     8.110000000     0.020949784    -0.818392461     0.053144625
     8.120000000     0.020083743    -0.799203747     0.050852388
     8.130000000     0.019258387    -0.779898948     0.048608394
     8.140000000     0.018476241    -0.760468724     0.046417718
     8.150000000     0.017739581    -0.740902075     0.044284704
     8.160000000     0.017050546    -0.721185958     0.042212898
     8.170000000     0.016411348    -0.701305080     0.040205001
     8.180000000     0.015824600    -0.681241868     0.038262857
     8.190000000     0.015293800    -0.660976616     0.036387461
     8.200000000     0.014824014    -0.640487816     0.034578992
     8.210000000     0.014422808    -0.619752618     0.032836874
     8.220000000     0.014101509    -0.598747314     0.031159849
     8.230000000     0.013876867    -0.577447655     0.029546076
     8.240000000     0.013773243    -0.555828883     0.027993236
     8.250000000     0.013825406    -0.533865444     0.026498652
     8.260000000     0.014082084    -0.511530533     0.025059411
     8.270000000     0.014610382    -0.488795651     0.023672485
     8.280000000     0.015501157    -0.465630408     0.022334851
     8.290000000     0.016875431    -0.442002659     0.021043606
     8.300000000     0.018891854    -0.417878957     0.019796065
     8.310000000     0.021755140    -0.393225133     0.018589849
     8.320000000     0.025725288    -0.368006756     0.017422956
     8.330000000     0.031127278    -0.342189240     0.016293812
     8.340000000     0.038360721    -0.315737519     0.015201301
     8.350000000     0.047908792    -0.288615439     0.014144778
     8.360000000     0.060345531    -0.260785182     0.013124053
     8.370000000     0.076340459    -0.232207229     0.012139360
     8.380000000     0.096659234    -0.202841319     0.011191312
     8.390000000     0.122159017    -0.172648839     0.010280825
     8.400000000     0.153777183    -0.141596820     0.009409048
     8.410000000     0.192512126    -0.109663493     0.008577269
     8.420000000     0.239395148    -0.076845223     0.007786821
     8.430000000     0.295452861    -0.043164677     0.007038994
     8.440000000     0.361660068    -0.008680449     0.006334941
     8.450000000     0.438883885     0.026501117     0.005675593
     8.460000000     0.527820658     0.062210610     0.005061597
     8.470000000     0.628928219     0.098195033     0.004493251
     8.480000000     0.742356880     0.134090157     0.003970466
     8.490000000     0.867883429     0.169383756     0.003492744
     8.500000000     1.004852980     0.203367706     0.003059169
     8.510000000     1.152133848     0.235077142     0.002668420
     8.520000000     1.308090559     0.263215724     0.002318794
     8.530000000     1.470579579     0.286068306     0.002008247
     8.540000000     1.636971345     0.301407184     0.001734442
     8.550000000     1.804200776     0.306406958     0.001494808
     8.560000000     1.968846591     0.297597793     0.001286601
     8.570000000     2.127237723     0.270907812     0.001106970
     8.580000000     2.275582947     0.221869326     0.000953023
     8.590000000     2.410117803     0.146078346     0.000821884
     8.600000000     2.527261116     0.039976732     0.000710753
     8.610000000     2.623772192    -0.098064260     0.000616957
     8.620000000     2.696899110    -0.266561116     0.000537986
     8.630000000     2.744508680    -0.460059973     0.000471532
     8.640000000     2.765189506    -0.669134021     0.000415508
     8.650000000     2.758321208    -0.881565472     0.000368066
     8.660000000     2.724105070    -1.084512537     0.000327599
     8.670000000     2.663553998    -1.266911767     0.000292740
     8.680000000     2.578442483    -1.421223833     0.000262355
     8.690000000     2.471220025    -1.544017854     0.000235521
     8.700000000     2.344893896    -1.635484395     0.000211511
     8.710000000     2.202889080    -1.698352322     0.000189771
     8.720000000     2.048894464    -1.736715316     0.000169890
     8.730000000     1.886704882    -1.755084897     0.000151580
     8.740000000     1.720068349    -1.757772324     0.000134645
     8.750000000     1.552546875    -1.748565028     0.000118964
     8.760000000     1.387397717    -1.730611777     0.000104465
     8.770000000     1.227480014    -1.706432014     0.000091109
     8.780000000     1.075189595    -1.677986369     0.000078876
     8.790000000     0.932422666    -1.646768667     0.000067751
     8.800000000     0.800567064    -1.613897739     0.000057716
     8.810000000     0.680518174    -1.580198998     0.000048748
     8.820000000     0.572715370    -1.546272439     0.000040812
     8.830000000     0.477194072    -1.512547159     0.000033860
     8.840000000     0.393648251    -1.479323974     0.000027834
     8.850000000     0.321498307    -1.446808189     0.000022667
     8.860000000     0.259959761    -1.415134500     0.000018285
     8.870000000     0.208108892    -1.384385765     0.000014609
     8.880000000     0.164942363    -1.354607087     0.000011561
     8.890000000     0.129428779    -1.325816325     0.000009060
     8.900000000     0.100551038    -1.298011912     0.000007031
     8.910000000     0.077339137    -1.271178665     0.000005403
     8.920000000     0.058893741    -1.245292072     0.000004111
     8.930000000     0.044401335    -1.220321456     0.000003098
     8.940000000     0.033142096    -1.196232297     0.000002311
     8.950000000     0.024491815    -1.172987923     0.000001707
     8.960000000     0.017919217    -1.150550733     0.000001249
     8.970000000     0.012979984    -1.128883073     0.000000904
     8.980000000     0.009308642    -1.107947850     0.000000648
     8.990000000     0.006609301    -1.087708956     0.000000460
     9.000000000     0.004646028    -1.068131551     0.000000323
     9.010000000     0.003233443    -1.049182239     0.000000225
     9.020000000     0.002227951    -1.030829165     0.000000155
     9.030000000     0.001519858    -1.013042067     0.000000106
     9.040000000     0.001026497    -0.995792273     0.000000071
     9.050000000     0.000686387    -0.979052679     0.000000048
     9.060000000     0.000454399    -0.962797710     0.000000032
     9.070000000     0.000297827    -0.947003259     0.000000021
     9.080000000     0.000193262    -0.931646624     0.000000013
     9.090000000     0.000124161    -0.916706441     0.000000009
     9.100000000     0.000078974    -0.902162610     0.000000005
     9.110000000     0.000049732    -0.887996226     0.000000003
     9.120000000     0.000031006    -0.874189506     0.000000002
     9.130000000     0.000019139    -0.860725724     0.000000001
     9.140000000     0.000011696    -0.847589142     0.000000001
     9.150000000     0.000007077    -0.834764952     0.000000000
     9.160000000     0.000004239    -0.822239211     0.000000000
     9.170000000     0.000002514    -0.809998789     0.000000000
     9.180000000     0.000001476    -0.798031314     0.000000000
     9.190000000     0.000000858    -0.786325123     0.000000000
     9.200000000     0.000000494    -0.774869216     0.000000000
     9.210000000     0.000000282    -0.763653215     0.000000000
     9.220000000     0.000000160    -0.752667316     0.000000000
     9.230000000     0.000000090    -0.741902261     0.000000000
     9.240000000     0.000000052    -0.731349295     0.000000000
     9.250000000     0.000000031    -0.721000138     0.000000000
     9.260000000     0.000000022    -0.710846952     0.000000001
     9.270000000     0.000000019    -0.700882316     0.000000001
     9.280000000     0.000000023    -0.691099195     0.000000002
     9.290000000     0.000000033    -0.681490919     0.000000003
     9.300000000     0.000000049    -0.672051158     0.000000005
     9.310000000     0.000000077    -0.662773904     0.000000008
     9.320000000     0.000000119    -0.653653446     0.000000013
     9.330000000     0.000000183    -0.644684359     0.000000019
     9.340000000     0.000000280    -0.635861478     0.000000030
     9.350000000     0.000000423    -0.627179891     0.000000045
     9.360000000     0.000000634    -0.618634916     0.000000067
     9.370000000     0.000000940    -0.610222094     0.000000099
     9.380000000     0.000001381    -0.601937172     0.000000146
     9.390000000     0.000002007    -0.593776090     0.000000212
     9.400000000     0.000002889    -0.585734976     0.000000305
     9.410000000     0.000004116    -0.577810127     0.000000435
     9.420000000     0.000005806    -0.569998006     0.000000613
     9.430000000     0.000008109    -0.562295230     0.000000856
     9.440000000     0.000011213    -0.554698562     0.000001184
     9.450000000     0.000015351    -0.547204902     0.000001621
     9.460000000     0.000020806    -0.539811282     0.000002197
     9.470000000     0.000027919    -0.532514859     0.000002948
     9.480000000     0.000037092    -0.525312906     0.000003917
     9.490000000     0.000048788    -0.518202809     0.000005151
     9.500000000     0.000063533    -0.511182066     0.000006708
     9.510000000     0.000081912    -0.504248272     0.000008649
     9.520000000     0.000104556    -0.497399130     0.000011040
     9.530000000     0.000132132    -0.490632437     0.000013952
     9.540000000     0.000165320    -0.483946090     0.000017456
     9.550000000     0.000204786    -0.477338083     0.000021623
     9.560000000     0.000251150    -0.470806513     0.000026519
     9.570000000     0.000304945    -0.464349582     0.000032199
     9.580000000     0.000366578    -0.457965606     0.000038707
     9.590000000     0.000436284    -0.451653029     0.000046067
     9.600000000     0.000514078    -0.445410440     0.000054281
     9.610000000     0.000599717    -0.439236593     0.000063324
     9.620000000     0.000692660    -0.433130444     0.000073138
     9.630000000     0.000792047    -0.427091192     0.000083632
     9.640000000     0.000896684    -0.421118321     0.000094680
     9.650000000     0.001005042    -0.415211668     0.000106122
     9.660000000     0.001115286    -0.409371473     0.000117763
     9.670000000     0.001225309    -0.403598434     0.000129380
     9.680000000     0.001332790    -0.397893715     0.000140729
     9.690000000     0.001435275    -0.392258888     0.000151550
     9.700000000     0.001530261    -0.386695741     0.000161580
     9.710000000     0.001615299    -0.381205909     0.000170559
     9.720000000     0.001688097    -0.375790278     0.000178245
     9.730000000     0.001746622    -0.370448224     0.000184425
     9.740000000     0.001789194    -0.365176872     0.000188920
     9.750000000     0.001814567    -0.359970679     0.000191599
     9.760000000     0.001821989    -0.354821699     0.000192383
     9.770000000     0.001811238    -0.349720613     0.000191248
     9.780000000     0.001782635    -0.344658281     0.000188228
     9.790000000     0.001737026    -0.339627232     0.000183412
     9.800000000     0.001675742    -0.334622568     0.000176941
     9.810000000     0.001600535    -0.329642080     0.000169000
     9.820000000     0.001513492    -0.324685747     0.000159809
     9.830000000     0.001416942    -0.319754969     0.000149614
     9.840000000     0.001313352    -0.314851832     0.000138676
     9.850000000     0.001205223    -0.309978550     0.000127259
     9.860000000     0.001094991    -0.305137137     0.000115620
     9.870000000     0.000984943    -0.300329241     0.000104000
     9.880000000     0.000877139    -0.295556103     0.000092617
     9.890000000     0.000773362    -0.290818583     0.000081659
     9.900000000     0.000675078    -0.286117212     0.000071281
     9.910000000     0.000583422    -0.281452248     0.000061603
     9.920000000     0.000499193    -0.276823743     0.000052710
     9.930000000     0.000422874    -0.272231585     0.000044651
     9.940000000     0.000354659    -0.267675542     0.000037448
     9.950000000     0.000294488    -0.263155299     0.000031095
     9.960000000     0.000242092    -0.258670474     0.000025562
     9.970000000     0.000197039    -0.254220645     0.000020805
     9.980000000     0.000158774    -0.249805362     0.000016765
     9.990000000     0.000126667    -0.245424155     0.000013375
    10.000000000     0.000100048    -0.241076548     0.000010564
    10.010000000     0.000078236    -0.236762057     0.000008261
    10.020000000     0.000060571    -0.232480201     0.000006396
    10.030000000     0.000046427    -0.228230503     0.000004902
    10.040000000     0.000035233    -0.224012490     0.000003720
    10.050000000     0.000026471    -0.219825696     0.000002795
    10.060000000     0.000019691    -0.215669664     0.000002079
    10.070000000     0.000014501    -0.211543947     0.000001531
    10.080000000     0.000010573    -0.207448106     0.000001116
    10.090000000     0.000007632    -0.203381710     0.000000806
    10.100000000     0.000005455    -0.199344341     0.000000576
    10.110000000     0.000003860    -0.195335588     0.000000408
    10.120000000     0.000002704    -0.191355050     0.000000285
    10.130000000     0.000001875    -0.187402335     0.000000198
    10.140000000     0.000001288    -0.183477061     0.000000136
    10.150000000     0.000000875    -0.179578854     0.000000092
    10.160000000     0.000000589    -0.175707350     0.000000062
    10.170000000     0.000000393    -0.171862190     0.000000041
    10.180000000     0.000000259    -0.168043027     0.000000027
    10.190000000     0.000000169    -0.164249519     0.000000018
    10.200000000     0.000000109    -0.160481334     0.000000012
    10.210000000     0.000000070    -0.156738145     0.000000007
    10.220000000     0.000000044    -0.153019634     0.000000005
    10.230000000     0.000000028    -0.149325490     0.000000003
    10.240000000     0.000000017    -0.145655406     0.000000002
    10.250000000     0.000000011    -0.142009085     0.000000001
    10.260000000     0.000000006    -0.138386234     0.000000001
    10.270000000     0.000000004    -0.134786568     0.000000000
    10.280000000     0.000000002    -0.131209805     0.000000000
    10.290000000     0.000000001    -0.127655671     0.000000000
    10.300000000     0.000000001    -0.124123898     0.000000000
    10.310000000     0.000000000    -0.120614222     0.000000000
    10.320000000     0.000000000    -0.117126384     0.000000000
    10.330000000     0.000000000    -0.113660132     0.000000000
    10.340000000     0.000000000    -0.110215216     0.000000000
    10.350000000     0.000000000    -0.106791394     0.000000000
    10.360000000     0.000000000    -0.103388426     0.000000000
    10.370000000     0.000000000    -0.100006078     0.000000000
    10.380000000     0.000000000    -0.096644120     0.000000000
    10.390000000     0.000000000    -0.093302327     0.000000000
    10.400000000     0.000000000    -0.089980476     0.000000000
    10.410000000     0.000000000    -0.086678350     0.000000000
    10.420000000     0.000000000    -0.083395736     0.000000000
    10.430000000     0.000000000    -0.080132424     0.000000000
    10.440000000     0.000000000    -0.076888208     0.000000000
    10.450000000     0.000000000    -0.073662885     0.000000000
    10.460000000     0.000000000    -0.070456257     0.000000000
    10.470000000     0.000000000    -0.067268128     0.000000000
    10.480000000     0.000000000    -0.064098305     0.000000000
    10.490000000     0.000000000    -0.060946601     0.000000000
    10.500000000     0.000000000    -0.057812829     0.000000000
    10.510000000     0.000000000    -0.054696808     0.000000000
    10.520000000     0.000000000    -0.051598357     0.000000000
    10.530000000     0.000000000    -0.048517300     0.000000000
    10.540000000     0.000000000    -0.045453464     0.000000000
    10.550000000     0.000000000    -0.042406677     0.000000000
    10.560000000     0.000000000    -0.039376773     0.000000000
    10.570000000     0.000000000    -0.036363584     0.000000000
    10.580000000     0.000000000    -0.033366949     0.000000000
    10.590000000     0.000000000    -0.030386708     0.000000000
    10.600000000     0.000000000    -0.027422702     0.000000000
    10.610000000     0.000000000    -0.024474777     0.000000000
    10.620000000     0.000000000    -0.021542780     0.000000000
    10.630000000     0.000000000    -0.018626561     0.000000000
    10.640000000     0.000000000    -0.015725971     0.000000000
    10.650000000     0.000000000    -0.012840864     0.000000000
    10.660000000     0.000000000    -0.009971097     0.000000000
    10.670000000     0.000000000    -0.007116528     0.000000000
    10.680000000     0.000000000    -0.004277018     0.000000000
    10.690000000     0.000000000    -0.001452428     0.000000000
    10.700000000     0.000000000     0.001357375     0.000000000
    10.710000000     0.000000000     0.004152526     0.000000000
    10.720000000     0.000000000     0.006933156     0.000000000
    10.730000000     0.000000000     0.009699395     0.000000000
    10.740000000     0.000000000     0.012451370     0.000000000
    10.750000000     0.000000000     0.015189209     0.000000000
    10.760000000     0.000000000     0.017913033     0.000000000
    10.770000000     0.000000000     0.020622968     0.000000000
    10.780000000     0.000000000     0.023319132     0.000000000
    10.790000000     0.000000000     0.026001645     0.000000000
    10.800000000     0.000000000     0.028670625     0.000000000
    10.810000000     0.000000000     0.031326187     0.000000000
    10.820000000     0.000000000     0.033968446     0.000000000
    10.830000000     0.000000000     0.036597515     0.000000000
    10.840000000     0.000000000     0.039213505     0.000000000
    10.850000000     0.000000000     0.041816525     0.000000000
    10.860000000     0.000000000     0.044406684     0.000000000
    10.870000000     0.000000000     0.046984089     0.000000000
    10.880000000     0.000000000     0.049548845     0.000000000
    10.890000000     0.000000000     0.052101056     0.000000000
    10.900000000     0.000000000     0.054640826     0.000000000
    10.910000000     0.000000000     0.057168255     0.000000000
    10.920000000     0.000000000     0.059683444     0.000000000
    10.930000000     0.000000000     0.062186492     0.000000000
    10.940000000     0.000000000     0.064677496     0.000000000
    10.950000000     0.000000000     0.067156553     0.000000000
    10.960000000     0.000000000     0.069623758     0.000000000
    10.970000000     0.000000000     0.072079205     0.000000000
    10.980000000     0.000000000     0.074522987     0.000000000
    10.990000000     0.000000000     0.076955196     0.000000000
    11.000000000     0.000000000     0.079375921     0.000000000
