 # Column 1: omega
 # Column 2: eps2(omega)
 # Column 3: eps1(omega)
 # Column 4: JDOS(omega)
     0.000000000     0.000000000     2.122685075     0.000000000
     0.010000000     0.000000000     2.122694118     0.000000000
     0.020000000     0.000000000     2.122721248     0.000000000
     0.030000000     0.000000000     2.122766471     0.000000000
     0.040000000     0.000000000     2.122829795     0.000000000
     0.050000000     0.000000000     2.122911236     0.000000000
     0.060000000     0.000000000     2.123010808     0.000000000
     0.070000000     0.000000000     2.123128533     0.000000000
     0.080000000     0.000000000     2.123264435     0.000000000
     0.090000000     0.000000000     2.123418542     0.000000000
     0.100000000     0.000000000     2.123590887     0.000000000
     0.110000000     0.000000000     2.123781505     0.000000000
     0.120000000     0.000000000     2.123990436     0.000000000
     0.130000000     0.000000000     2.124217723     0.000000000
     0.140000000     0.000000000     2.124463415     0.000000000
     0.150000000     0.000000000     2.124727562     0.000000000
     0.160000000     0.000000000     2.125010221     0.000000000
     0.170000000     0.000000000     2.125311450     0.000000000
     0.180000000     0.000000000     2.125631314     0.000000000
     0.190000000     0.000000000     2.125969879     0.000000000
     0.200000000     0.000000000     2.126327219     0.000000000
     0.210000000     0.000000000     2.126703409     0.000000000
     0.220000000     0.000000000     2.127098530     0.000000000
     0.230000000     0.000000000     2.127512667     0.000000000
     0.240000000     0.000000000     2.127945908     0.000000000
     0.250000000     0.000000000     2.128398347     0.000000000
     0.260000000     0.000000000     2.128870083     0.000000000
     0.270000000     0.000000000     2.129361219     0.000000000
     0.280000000     0.000000000     2.129871862     0.000000000
     0.290000000     0.000000000     2.130402124     0.000000000
     0.300000000     0.000000000     2.130952123     0.000000000
     0.310000000     0.000000000     2.131521980     0.000000000
     0.320000000     0.000000000     2.132111824     0.000000000
     0.330000000     0.000000000     2.132721785     0.000000000
     0.340000000     0.000000000     2.133352003     0.000000000
     0.350000000     0.000000000     2.134002619     0.000000000
     0.360000000     0.000000000     2.134673783     0.000000000
     0.370000000     0.000000000     2.135365648     0.000000000
     0.380000000     0.000000000     2.136078374     0.000000000
     0.390000000     0.000000000     2.136812127     0.000000000
     0.400000000     0.000000000     2.137567079     0.000000000
     0.410000000     0.000000000     2.138343406     0.000000000
     0.420000000     0.000000000     2.139141293     0.000000000
     0.430000000     0.000000000     2.139960931     0.000000000
     0.440000000     0.000000000     2.140802517     0.000000000
     0.450000000     0.000000000     2.141666254     0.000000000
     0.460000000     0.000000000     2.142552353     0.000000000
     0.470000000     0.000000000     2.143461032     0.000000000
     0.480000000     0.000000000     2.144392517     0.000000000
     0.490000000     0.000000000     2.145347040     0.000000000
     0.500000000     0.000000000     2.146324841     0.000000000
     0.510000000     0.000000000     2.147326170     0.000000000
     0.520000000     0.000000000     2.148351282     0.000000000
     0.530000000     0.000000000     2.149400443     0.000000000
     0.540000000     0.000000000     2.150473927     0.000000000
     0.550000000     0.000000000     2.151572016     0.000000000
     0.560000000     0.000000000     2.152695002     0.000000000
     0.570000000     0.000000000     2.153843187     0.000000000
     0.580000000     0.000000000     2.155016882     0.000000000
     0.590000000     0.000000000     2.156216409     0.000000000
     0.600000000     0.000000000     2.157442098     0.000000000
     0.610000000     0.000000000     2.158694293     0.000000000
     0.620000000     0.000000000     2.159973348     0.000000000
     0.630000000     0.000000000     2.161279627     0.000000000
     0.640000000     0.000000000     2.162613508     0.000000000
     0.650000000     0.000000000     2.163975380     0.000000000
     0.660000000     0.000000000     2.165365646     0.000000000
     0.670000000     0.000000000     2.166784721     0.000000000
     0.680000000     0.000000000     2.168233033     0.000000000
     0.690000000     0.000000000     2.169711027     0.000000000
     0.700000000     0.000000000     2.171219159     0.000000000
     0.710000000     0.000000000     2.172757903     0.000000000
     0.720000000     0.000000000     2.174327748     0.000000000
     0.730000000     0.000000000     2.175929199     0.000000000
     0.740000000     0.000000000     2.177562778     0.000000000
     0.750000000     0.000000000     2.179229025     0.000000000
     0.760000000     0.000000000     2.180928497     0.000000000
     0.770000000     0.000000000     2.182661773     0.000000000
     0.780000000     0.000000000     2.184429448     0.000000000
     0.790000000     0.000000000     2.186232141     0.000000000
     0.800000000     0.000000000     2.188070489     0.000000000
     0.810000000     0.000000000     2.189945155     0.000000000
     0.820000000     0.000000000     2.191856822     0.000000000
     0.830000000     0.000000000     2.193806199     0.000000000
     0.840000000     0.000000000     2.195794019     0.000000000
     0.850000000     0.000000000     2.197821043     0.000000000
     0.860000000     0.000000000     2.199888057     0.000000000
     0.870000000     0.000000000     2.201995878     0.000000000
     0.880000000     0.000000000     2.204145352     0.000000000
     0.890000000     0.000000000     2.206337354     0.000000000
     0.900000000     0.000000000     2.208572794     0.000000000
     0.910000000     0.000000000     2.210852615     0.000000000
     0.920000000     0.000000000     2.213177798     0.000000000
     0.930000000     0.000000000     2.215549356     0.000000000
     0.940000000     0.000000000     2.217968346     0.000000000
     0.950000000     0.000000000     2.220435863     0.000000000
     0.960000000     0.000000000     2.222953046     0.000000000
     0.970000000     0.000000000     2.225521078     0.000000000
     0.980000000     0.000000000     2.228141188     0.000000000
     0.990000000     0.000000000     2.230814657     0.000000000
     1.000000000     0.000000000     2.233542816     0.000000000
     1.010000000     0.000000000     2.236327049     0.000000000
     1.020000000     0.000000000     2.239168799     0.000000000
     1.030000000     0.000000000     2.242069569     0.000000000
     1.040000000     0.000000000     2.245030923     0.000000000
     1.050000000     0.000000000     2.248054493     0.000000000
     1.060000000     0.000000000     2.251141980     0.000000000
     1.070000000     0.000000000     2.254295160     0.000000000
     1.080000000     0.000000000     2.257515884     0.000000000
     1.090000000     0.000000000     2.260806087     0.000000000
     1.100000000     0.000000000     2.264167788     0.000000000
     1.110000000     0.000000000     2.267603099     0.000000000
     1.120000000     0.000000000     2.271114227     0.000000000
     1.130000000     0.000000000     2.274703481     0.000000000
     1.140000000     0.000000000     2.278373276     0.000000000
     1.150000000     0.000000001     2.282126142     0.000000000
     1.160000000     0.000000001     2.285964728     0.000000000
     1.170000000     0.000000002     2.289891812     0.000000000
     1.180000000     0.000000003     2.293910304     0.000000001
     1.190000000     0.000000004     2.298023260     0.000000001
     1.200000000     0.000000007     2.302233886     0.000000002
     1.210000000     0.000000012     2.306545548     0.000000003
     1.220000000     0.000000019     2.310961785     0.000000005
     1.230000000     0.000000031     2.315486316     0.000000008
     1.240000000     0.000000050     2.320123055     0.000000012
     1.250000000     0.000000079     2.324876119     0.000000019
     1.260000000     0.000000125     2.329749845     0.000000029
     1.270000000     0.000000196     2.334748802     0.000000045
     1.280000000     0.000000304     2.339877809     0.000000068
     1.290000000     0.000000471     2.345141947     0.000000103
     1.300000000     0.000000723     2.350546580     0.000000154
     1.310000000     0.000001105     2.356097372     0.000000227
     1.320000000     0.000001678     2.361800311     0.000000331
     1.330000000     0.000002537     2.367661722     0.000000479
     1.340000000     0.000003819     2.373688302     0.000000687
     1.350000000     0.000005725     2.379887135     0.000000974
     1.360000000     0.000008551     2.386265724     0.000001368
     1.370000000     0.000012730     2.392832017     0.000001902
     1.380000000     0.000018894     2.399594438     0.000002619
     1.390000000     0.000027964     2.406561923     0.000003571
     1.400000000     0.000041272     2.413743946     0.000004822
     1.410000000     0.000060744     2.421150563     0.000006446
     1.420000000     0.000089142     2.428792446     0.000008533
     1.430000000     0.000130407     2.436680922     0.000011185
     1.440000000     0.000190124     2.444828019     0.000014519
     1.450000000     0.000276140     2.453246501     0.000018664
     1.460000000     0.000399396     2.461949913     0.000023759
     1.470000000     0.000575002     2.470952624     0.000029955
     1.480000000     0.000823620     2.480269866     0.000037403
     1.490000000     0.001173219     2.489917764     0.000046257
     1.500000000     0.001661240     2.499913373     0.000056666
     1.510000000     0.002337232     2.510274693     0.000068764
     1.520000000     0.003265987     2.521020671     0.000082670
     1.530000000     0.004531179     2.532171195     0.000098474
     1.540000000     0.006239463     2.543747038     0.000116237
     1.550000000     0.008524963     2.555769786     0.000135987
     1.560000000     0.011553984     2.568261697     0.000157710
     1.570000000     0.015529713     2.581245495     0.000181359
     1.580000000     0.020696608     2.594744072     0.000206853
     1.590000000     0.027344030     2.608780069     0.000234086
     1.600000000     0.035808653     2.623375295     0.000262943
     1.610000000     0.046475055     2.638549959     0.000293311
     1.620000000     0.059773883     2.654321642     0.000325106
     1.630000000     0.076176974     2.670703965     0.000358296
     1.640000000     0.096188844     2.687704865     0.000392929
     1.650000000     0.120334104     2.705324338     0.000429159
     1.660000000     0.149140530     2.723551451     0.000467285
     1.670000000     0.183117755     2.742360262     0.000507770
     1.680000000     0.222731934     2.761704094     0.000551278
     1.690000000     0.268377050     2.781507423     0.000598689
     1.700000000     0.320343984     2.801654481     0.000651124
     1.710000000     0.378788844     2.821973714     0.000709953
     1.720000000     0.443702421     2.842217367     0.000776807
     1.730000000     0.514882893     2.862035666     0.000853573
     1.740000000     0.591914042     2.880945291     0.000942389
     1.750000000     0.674151204     2.898292291     0.001045629
     1.760000000     0.760716965     2.913210777     0.001165884
     1.770000000     0.850508157     2.924581356     0.001305931
     1.780000000     0.942215133     2.930998155     0.001468702
     1.790000000     1.034353490     2.930760589     0.001657239
     1.800000000     1.125307565     2.921915225     0.001874650
     1.810000000     1.213384094     2.902380838     0.002124053
     1.820000000     1.296873586     2.870188862     0.002408514
     1.830000000     1.374116215     2.823850851     0.002730980
     1.840000000     1.443568516     2.762815113     0.003094200
     1.850000000     1.503866919     2.687902806     0.003500651
     1.860000000     1.553884186     2.601553634     0.003952445
     1.870000000     1.592775210     2.507717003     0.004451250
     1.880000000     1.620009262     2.411328706     0.004998199
     1.890000000     1.635386695     2.317482931     0.005593818
     1.900000000     1.639039173     2.230552238     0.006237951
     1.910000000     1.631413639     2.153536089     0.006929713
     1.920000000     1.613241327     2.087813539     0.007667454
     1.930000000     1.585494164     2.033301974     0.008448756
     1.940000000     1.549331625     1.988881368     0.009270454
     1.950000000     1.506041678     1.952896481     0.010128694
     1.960000000     1.456979652     1.923590698     0.011019020
     1.970000000     1.403508759     1.899402850     0.011936491
     1.980000000     1.346945676     1.879122763     0.012875835
     1.990000000     1.288513968     1.861930554     0.013831613
     2.000000000     1.229307389     1.847346422     0.014798412
     2.010000000     1.170264267     1.835115321     0.015771035
     2.020000000     1.112153307     1.825059626     0.016744695
     2.030000000     1.055570356     1.816945038     0.017715193
     2.040000000     1.000945018     1.810402750     0.018679081
     2.050000000     0.948555448     1.804930578     0.019633789
     2.060000000     0.898549335     1.799968962     0.020577727
     2.070000000     0.850968932     1.795025803     0.021510342
     2.080000000     0.805777978     1.789809752     0.022432140
     2.090000000     0.762888553     1.784325958     0.023344668
     2.100000000     0.722186164     1.778895966     0.024250464
     2.110000000     0.683551741     1.774087491     0.025152971
     2.120000000     0.646879625     1.770573652     0.026056431
     2.130000000     0.612091029     1.768969222     0.026965758
     2.140000000     0.579142862     1.769698526     0.027886396
     2.150000000     0.548032135     1.772932121     0.028824170
     2.160000000     0.518796432     1.778598383     0.029785127
     2.170000000     0.491511131     1.786448765     0.030775380
     2.180000000     0.466284152     1.796143481     0.031800940
     2.190000000     0.443249053     1.807327494     0.032867554
     2.200000000     0.422557229     1.819678411     0.033980534
     2.210000000     0.404369858     1.832921573     0.035144586
     2.220000000     0.388850124     1.846819877     0.036363629
     2.230000000     0.376156026     1.861153642     0.037640622
     2.240000000     0.366433936     1.875706580     0.038977385
     2.250000000     0.359812913     1.890266974     0.040374430
     2.260000000     0.356399618     1.904642365     0.041830804
     2.270000000     0.356273624     1.918677625     0.043343958
     2.280000000     0.359482863     1.932265018     0.044909643
     2.290000000     0.366038973     1.945340540     0.046521850
     2.300000000     0.375912386     1.957868829     0.048172804
     2.310000000     0.389027108     1.969823396     0.049853009
     2.320000000     0.405255291     1.981167678     0.051551370
     2.330000000     0.424411844     1.991838627     0.053255374
     2.340000000     0.446249504     2.001732625     0.054951338
     2.350000000     0.470454875     2.010694404     0.056624724
     2.360000000     0.496646065     2.018510781     0.058260506
     2.370000000     0.524372539     2.024909865     0.059843572
     2.380000000     0.553117791     2.029563795     0.061359158
     2.390000000     0.582305297     2.032091716     0.062793280
     2.400000000     0.611308038     2.032061646     0.064133155
     2.410000000     0.639461668     2.028995141     0.065367579
     2.420000000     0.666081084     2.022384909     0.066487255
     2.430000000     0.690479913     2.011738922     0.067485040
     2.440000000     0.711992140     1.996660548     0.068356098
     2.450000000     0.729994850     1.976960600     0.069097963
     2.460000000     0.743930927     1.952776926     0.069710479
     2.470000000     0.753330420     1.924659485     0.070195650
     2.480000000     0.757829321     1.893576542     0.070557381
     2.490000000     0.757184596     1.860820214     0.070801133
     2.500000000     0.751284503     1.827831682     0.070933519
     2.510000000     0.740153512     1.796004048     0.070961846
     2.520000000     0.723951464     1.766526452     0.070893638
     2.530000000     0.702966990     1.740303007     0.070736174
     2.540000000     0.677605531     1.717939610     0.070496048
     2.550000000     0.648372675     1.699769888     0.070178800
     2.560000000     0.615853761     1.685894816     0.069788615
     2.570000000     0.580690939     1.676224233     0.069328130
     2.580000000     0.543558929     1.670518032     0.068798338
     2.590000000     0.505140804     1.668427060     0.068198605
     2.600000000     0.466104984     1.669532816     0.067526801
     2.610000000     0.427084517     1.673384069     0.066779523
     2.620000000     0.388659490     1.679528162     0.065952405
     2.630000000     0.351343173     1.687535134     0.065040498
     2.640000000     0.315572210     1.697013856     0.064038687
     2.650000000     0.281700920     1.707620951     0.062942137
     2.660000000     0.249999537     1.719064091     0.061746731
     2.670000000     0.220655989     1.731101247     0.060449481
     2.680000000     0.193780694     1.743536984     0.059048899
     2.690000000     0.169413740     1.756216602     0.057545296
     2.700000000     0.147533758     1.769019123     0.055941014
     2.710000000     0.128067837     1.781850336     0.054240560
     2.720000000     0.110901850     1.794637103     0.052450666
     2.730000000     0.095890636     1.807323644     0.050580240
     2.740000000     0.082867611     1.819869628     0.048640247
     2.750000000     0.071653469     1.832249031     0.046643493
     2.760000000     0.062063738     1.844448362     0.044604355
     2.770000000     0.053915088     1.856463486     0.042538437
     2.780000000     0.047030359     1.868295359     0.040462193
     2.790000000     0.041242338     1.879945864     0.038392514
     2.800000000     0.036396411     1.891414947     0.036346303
     2.810000000     0.032352199     1.902699642     0.034340046
     2.820000000     0.028984361     1.913794829     0.032389407
     2.830000000     0.026182705     1.924695214     0.030508844
     2.840000000     0.023851773     1.935397904     0.028711277
     2.850000000     0.021910048     1.945904970     0.027007797
     2.860000000     0.020288895     1.956225363     0.025407450
     2.870000000     0.018931354     1.966375517     0.023917081
     2.880000000     0.017790852     1.976378160     0.022541251
     2.890000000     0.016829916     1.986259365     0.021282232
     2.900000000     0.016018919     1.996044610     0.020140067
     2.910000000     0.015334900     2.005755040     0.019112703
     2.920000000     0.014760472     2.015405088     0.018196182
     2.930000000     0.014282843     2.025001984     0.017384883
     2.940000000     0.013892947     2.034546949     0.016671806
     2.950000000     0.013584686     2.044037362     0.016048886
     2.960000000     0.013354285     2.053469046     0.015507325
     2.970000000     0.013199749     2.062838016     0.015037927
     2.980000000     0.013120416     2.072141394     0.014631425
     2.990000000     0.013116588     2.081377552     0.014278796
     3.000000000     0.013189226     2.090545872     0.013971537
     3.010000000     0.013339699     2.099646588     0.013701913
     3.020000000     0.013569561     2.108681055     0.013463158
     3.030000000     0.013880349     2.117652487     0.013249632
     3.040000000     0.014273383     2.126566847     0.013056922
     3.050000000     0.014749573     2.135433372     0.012881899
     3.060000000     0.015309214     2.144264292     0.012722725
     3.070000000     0.015951790     2.153073619     0.012578815
     3.080000000     0.016675789     2.161875240     0.012450760
     3.090000000     0.017478548     2.170680714     0.012340215
     3.100000000     0.018356145     2.179497175     0.012249766
     3.110000000     0.019303363     2.188325632     0.012182769
     3.120000000     0.020313742     2.197159941     0.012143187
     3.130000000     0.021379733     2.205986679     0.012135416
     3.140000000     0.022492962     2.214786055     0.012164118
     3.150000000     0.023644595     2.223533821     0.012234053
     3.160000000     0.024825798     2.232203983     0.012349940
     3.170000000     0.026028259     2.240772091     0.012516315
     3.180000000     0.027244730     2.249218960     0.012737419
     3.190000000     0.028469565     2.257534826     0.013017104
     3.200000000     0.029699186     2.265723837     0.013358760
     3.210000000     0.030932447     2.273808173     0.013765255
     3.220000000     0.032170847     2.281830024     0.014238905
     3.230000000     0.033418573     2.289849038     0.014781457
     3.240000000     0.034682351     2.297934020     0.015394090
     3.250000000     0.035971109     2.306150415     0.016077435
     3.260000000     0.037295481     2.314547706     0.016831615
     3.270000000     0.038667166     2.323150999     0.017656291
     3.280000000     0.040098218     2.331958783     0.018550733
     3.290000000     0.041600294     2.340946031     0.019513900
     3.300000000     0.043183949     2.350070310     0.020544529
     3.310000000     0.044858001     2.359278741     0.021641232
     3.320000000     0.046629044     2.368514667     0.022802606
     3.330000000     0.048501124     2.377723902     0.024027326
     3.340000000     0.050475597     2.386860713     0.025314246
     3.350000000     0.052551184     2.395893266     0.026662475
     3.360000000     0.054724186     2.404807495     0.028071446
     3.370000000     0.056988852     2.413608087     0.029540948
     3.380000000     0.059337840     2.422316026     0.031071139
     3.390000000     0.061762742     2.430963436     0.032662520
     3.400000000     0.064254615     2.439587413     0.034315880
     3.410000000     0.066804496     2.448224389     0.036032213
     3.420000000     0.069403848     2.456905938     0.037812606
     3.430000000     0.072044949     2.465656352     0.039658112
     3.440000000     0.074721183     2.474491898     0.041569617
     3.450000000     0.077427269     2.483421051     0.043547706
     3.460000000     0.080159423     2.492444720     0.045592547
     3.470000000     0.082915482     2.501555956     0.047703800
     3.480000000     0.085695012     2.510739788     0.049880563
     3.490000000     0.088499406     2.519974408     0.052121357
     3.500000000     0.091332006     2.529234435     0.054424163
     3.510000000     0.094198227     2.538495734     0.056786502
     3.520000000     0.097105691     2.547740424     0.059205563
     3.530000000     0.100064348     2.556960773     0.061678367
     3.540000000     0.103086557     2.566161359     0.064201955
     3.550000000     0.106187096     2.575359541     0.066773596
     3.560000000     0.109383073     2.584584420     0.069390989
     3.570000000     0.112693710     2.593874340     0.072052456
     3.580000000     0.116139975     2.603272826     0.074757101
     3.590000000     0.119744068     2.612822948     0.077504932
     3.600000000     0.123528746     2.622560515     0.080296925
     3.610000000     0.127516537     2.632507155     0.083135036
     3.620000000     0.131728850     2.642664936     0.086022140
     3.630000000     0.136185040     2.653014237     0.088961917
     3.640000000     0.140901479     2.663515785     0.091958662
     3.650000000     0.145890679     2.674116389     0.095017052
     3.660000000     0.151160527     2.684756685     0.098141858
     3.670000000     0.156713665     2.695378738     0.101337618
     3.680000000     0.162547049     2.705931937     0.104608288
     3.690000000     0.168651695     2.716376393     0.107956883
     3.700000000     0.175012629     2.726683677     0.111385115
     3.710000000     0.181608997     2.736835019     0.114893050
     3.720000000     0.188414341     2.746817890     0.118478798
     3.730000000     0.195396965     2.756622881     0.122138249
     3.740000000     0.202520390     2.766243024     0.125864862
     3.750000000     0.209743830     2.775676251     0.129649534
     3.760000000     0.217022665     2.784929391     0.133480541
     3.770000000     0.224308902     2.794020759     0.137343574
     3.780000000     0.231551594     2.802979079     0.141221865
     3.790000000     0.238697249     2.811838493     0.145096406
     3.800000000     0.245690235     2.820631266     0.148946264
     3.810000000     0.252473226     2.829380501     0.152748979
     3.820000000     0.258987741     2.838095214     0.156481034
     3.830000000     0.265174804     2.846769653     0.160118390
     3.840000000     0.270975793     2.855387700     0.163637058
     3.850000000     0.276333494     2.863931207     0.167013691
     3.860000000     0.281193399     2.872388939     0.170226179
     3.870000000     0.285505211     2.880762272     0.173254213
     3.880000000     0.289224573     2.889065500     0.176079807
     3.890000000     0.292314918     2.897321977     0.178687748
     3.900000000     0.294749398     2.905560178     0.181065967
     3.910000000     0.296512769     2.913814268     0.183205808
     3.920000000     0.297603117     2.922131054     0.185102199
     3.930000000     0.298033306     2.930580658     0.186753716
     3.940000000     0.297832019     2.939264587     0.188162547
     3.950000000     0.297044280     2.948314977     0.189334361
     3.960000000     0.295731365     2.957882646     0.190278107
     3.970000000     0.293970039     2.968116736     0.191005750
     3.980000000     0.291851102     2.979142438     0.191531959
     3.990000000     0.289477241     2.991044530     0.191873790
     4.000000000     0.286960274     3.003862936     0.192050347
     4.010000000     0.284417856     3.017602056     0.192082469
     4.020000000     0.281969816     3.032249159     0.191992438
     4.030000000     0.279734259     3.047792013     0.191803710
     4.040000000     0.277823651     3.064225636     0.191540689
     4.050000000     0.276341062     3.081543919     0.191228520
     4.060000000     0.275376755     3.099720792     0.190892901
     4.070000000     0.275005306     3.118692009     0.190559898
     4.080000000     0.275283394     3.138347947     0.190255749
     4.090000000     0.276248352     3.158541204     0.190006632
     4.100000000     0.277917563     3.179105310     0.189838384
     4.110000000     0.280288686     3.199877121     0.189776160
     4.120000000     0.283340705     3.220716240     0.189844004
     4.130000000     0.287035690     3.241517874     0.190064348
     4.140000000     0.291321185     3.262218826     0.190457425
     4.150000000     0.296133062     3.282798328     0.191040604
     4.160000000     0.301398704     3.303275909     0.191827676
     4.170000000     0.307040345     3.323707516     0.192828101
     4.180000000     0.312978449     3.344179535     0.194046259
     4.190000000     0.319134979     3.364799516     0.195480740
     4.200000000     0.325436477     3.385683143     0.197123706
     4.210000000     0.331816873     3.406939037     0.198960389
     4.220000000     0.338219995     3.428654748     0.200968748
     4.230000000     0.344601752     3.450887632     0.203119349
     4.240000000     0.350931985     3.473663026     0.205375482
     4.250000000     0.357196002     3.496980045     0.207693562
     4.260000000     0.363395782     3.520823181     0.210023820
     4.270000000     0.369550850     3.545176417     0.212311295
     4.280000000     0.375698797     3.570036271     0.214497111
     4.290000000     0.381895398     3.595421032     0.216520017
     4.300000000     0.388214290     3.621375013     0.218318142
     4.310000000     0.394746133     3.647968149     0.219830909
     4.320000000     0.401597221     3.675292169     0.221001045
     4.330000000     0.408887498     3.703454831     0.221776586
     4.340000000     0.416747984     3.732573219     0.222112805
     4.350000000     0.425317660     3.762766287     0.221973965
     4.360000000     0.434739908     3.794146448     0.221334805
     4.370000000     0.445158674     3.826810307     0.220181692
     4.380000000     0.456714567     3.860829052     0.218513356
     4.390000000     0.469541158     3.896238778     0.216341180
     4.400000000     0.483761775     3.933030721     0.213689004
     4.410000000     0.499487094     3.971141895     0.210592459
     4.420000000     0.516813803     4.010448027     0.207097839
     4.430000000     0.535824585     4.050761810     0.203260575
     4.440000000     0.556589569     4.091839752     0.199143381
     4.450000000     0.579169321     4.133400040     0.194814151
     4.460000000     0.603619344     4.175151706     0.190343719
     4.470000000     0.629995927     4.216831900     0.185803586
     4.480000000     0.658363091     4.258244254     0.181263713
     4.490000000     0.688800288     4.299289128     0.176790493
     4.500000000     0.721410454     4.339978470     0.172444973
     4.510000000     0.756327950     4.380433762     0.168281403
     4.520000000     0.793725982     4.420871858     0.164346157
     4.530000000     0.833823044     4.461585755     0.160677055
     4.540000000     0.876888056     4.502923066     0.157303078
     4.550000000     0.923243885     4.545257095     0.154244473
     4.560000000     0.973269034     4.588942016     0.151513203
     4.570000000     1.027397356     4.634251162     0.149113685
     4.580000000     1.086115707     4.681311967     0.147043775
     4.590000000     1.149959479     4.730060429     0.145295902
     4.600000000     1.219505994     4.780232931     0.143858314
     4.610000000     1.295365726     4.831397557     0.142716339
     4.620000000     1.378171296     4.883012767     0.141853622
     4.630000000     1.468564226     4.934497013     0.141253265
     4.640000000     1.567179386     4.985297230     0.140898835
     4.650000000     1.674627169     5.034949254     0.140775205
     4.660000000     1.791473484     5.083122571     0.140869193
     4.670000000     1.918217810     5.129635530     0.141170007
     4.680000000     2.055269734     5.174423611     0.141669471
     4.690000000     2.202924659     5.217453959     0.142362056
     4.700000000     2.361339579     5.258605189     0.143244726
     4.710000000     2.530510124     5.297554586     0.144316619
     4.720000000     2.710250263     5.333714143     0.145578605
     4.730000000     2.900176223     5.366231801     0.147032734
     4.740000000     3.099696231     5.394045638     0.148681634
     4.750000000     3.308007585     5.415963435     0.150527877
     4.760000000     3.524102345     5.430737455     0.152573362
     4.770000000     3.746782517     5.437108239     0.154818742
     4.780000000     3.974685105     5.433803658     0.157262930
     4.790000000     4.206316713     5.419505389     0.159902704
     4.800000000     4.440096701     5.392827851     0.162732435
     4.810000000     4.674407139     5.352373015     0.165743944
     4.820000000     4.907647170     5.296905079     0.168926495
     4.830000000     5.138288796     5.225629283     0.172266917
     4.840000000     5.364930797     5.138489296     0.175749843
     4.850000000     5.586347289     5.036366173     0.179358058
     4.860000000     5.801527632     4.921097120     0.183072914
     4.870000000     6.009704725     4.795311718     0.186874812
     4.880000000     6.210369418     4.662148006     0.190743697
     4.890000000     6.403269582     4.524919888     0.194659563
     4.900000000     6.588393404     4.386775237     0.198602924
     4.910000000     6.765937479     4.250356641     0.202555240
     4.920000000     6.936261378     4.117482973     0.206499276
     4.930000000     7.099831237     3.988901430     0.210419378
     4.940000000     7.257155758     3.864183762     0.214301664
     4.950000000     7.408718496     3.741826311     0.218134128
     4.960000000     7.554910627     3.619557158     0.221906645
     4.970000000     7.695968397     3.494783723     0.225610903
     4.980000000     7.831919174     3.365069337     0.229240254
     4.990000000     7.962539541     3.228524539     0.232789510
     5.000000000     8.087328150     3.084025853     0.236254679
     5.010000000     8.205495214     2.931214436     0.239632672
     5.020000000     8.315969558     2.770280784     0.242920985
     5.030000000     8.417423171     2.601612459     0.246117366
     5.040000000     8.508312217     2.425442174     0.249219492
     5.050000000     8.586932600     2.241636229     0.252224654
     5.060000000     8.651487350     2.049694346     0.255129474
     5.070000000     8.700162474     1.848935982     0.257929658
     5.080000000     8.731207467     1.638788195     0.260619801
     5.090000000     8.743016408     1.419089657     0.263193252
     5.100000000     8.734205514     1.190358053     0.265642044
     5.110000000     8.703683232     0.953993503     0.267956907
     5.120000000     8.650709305     0.712390437     0.270127359
     5.130000000     8.574939882     0.468913995     0.272141880
     5.140000000     8.476456431     0.227691940     0.273988164
     5.150000000     8.355777165    -0.006792876     0.275653454
     5.160000000     8.213850562    -0.230249434     0.277124929
     5.170000000     8.052031568    -0.439128180     0.278390141
     5.180000000     7.872041930    -0.631014254     0.279437489
     5.190000000     7.675916927    -0.804760639     0.280256685
     5.200000000     7.465941379    -0.960358844     0.280839219
     5.210000000     7.244578255    -1.098631347     0.281178770
     5.220000000     7.014393412    -1.220861660     0.281271568
     5.230000000     6.777980009    -1.328459157     0.281116671
     5.240000000     6.537885920    -1.422717149     0.280716152
     5.250000000     6.296547104    -1.504687437     0.280075183
     5.260000000     6.056229361    -1.575166422     0.279202018
     5.270000000     5.818980310    -1.634765153     0.278107879
     5.280000000     5.586592779    -1.684023241     0.276806742
     5.290000000     5.360580151    -1.723528645     0.275315056
     5.300000000     5.142163599    -1.754016978     0.273651397
     5.310000000     4.932270630    -1.776434410     0.271836074
     5.320000000     4.731543867    -1.791953492     0.269890715
     5.330000000     4.540358700    -1.801934952     0.267837853
     5.340000000     4.358848137    -1.807835479     0.265700508
     5.350000000     4.186933068    -1.811073584     0.263501807
     5.360000000     4.024356090    -1.812880806     0.261264627
     5.370000000     3.870717077    -1.814176063     0.259011291
     5.380000000     3.725508801    -1.815495399     0.256763297
     5.390000000     3.588151068    -1.816985895     0.254541106
     5.400000000     3.458022123    -1.818448010     0.252363977
     5.410000000     3.334486310    -1.819406270     0.250249837
     5.420000000     3.216917340    -1.819203706     0.248215213
     5.430000000     3.104716809    -1.817126361     0.246275182
     5.440000000     2.997327947    -1.812550917     0.244443369
     5.450000000     2.894244845    -1.805081158     0.242731970
     5.460000000     2.795017674    -1.794627562     0.241151789
     5.470000000     2.699254536    -1.781404615     0.239712296
     5.480000000     2.606620731    -1.765857676     0.238421688
     5.490000000     2.516836200    -1.748557353     0.237286936
     5.500000000     2.429671875    -1.730099734     0.236313822
     5.510000000     2.344945539    -1.711031968     0.235506945
     5.520000000     2.262517631    -1.691801043     0.234869676
     5.530000000     2.182287262    -1.672712507     0.234404072
     5.540000000     2.104188522    -1.653890254     0.234110718
     5.550000000     2.028186996    -1.635243279     0.233988507
     5.560000000     1.954276303    -1.616458506     0.234034351
     5.570000000     1.882474431    -1.597038451     0.234242825
     5.580000000     1.812819606    -1.576387132     0.234605773
     5.590000000     1.745365535    -1.553927349     0.235111874
     5.600000000     1.680175938    -1.529219936     0.235746214
     5.610000000     1.617318426    -1.502055000     0.236489896
     5.620000000     1.556857933    -1.472492808     0.237319720
     5.630000000     1.498850009    -1.440844462     0.238207985
     5.640000000     1.443334411    -1.407598993     0.239122462
     5.650000000     1.390329457    -1.373320042     0.240026558
     5.660000000     1.339827619    -1.338543968     0.240879732
     5.670000000     1.291792757    -1.303707168     0.241638163
     5.680000000     1.246159324    -1.269117011     0.242255688
     5.690000000     1.202833668    -1.234965670     0.242685006
     5.700000000     1.161697450    -1.201373724     0.242879104
     5.710000000     1.122612962    -1.168441653     0.242792884
     5.720000000     1.085430016    -1.136284314     0.242384907
     5.730000000     1.049993896    -1.105029953     0.241619183
     5.740000000     1.016153797    -1.074780938     0.240466934
     5.750000000     0.983771137    -1.045551700     0.238908207
     5.760000000     0.952727115    -1.017211410     0.236933283
     5.770000000     0.922928997    -0.989459671     0.234543770
     5.780000000     0.894314679    -0.961852829     0.231753321
     5.790000000     0.866855257    -0.933879569     0.228587926
     5.800000000     0.840555481    -0.905063649     0.225085746
     5.810000000     0.815452161    -0.875059155     0.221296481
     5.820000000     0.791610712    -0.843707390     0.217280302
     5.830000000     0.769120216    -0.811042624     0.213106371
     5.840000000     0.748087419    -0.777254944     0.208851031
     5.850000000     0.728630175    -0.742630961     0.204595734
     5.860000000     0.710870850    -0.707493484     0.200424798
     5.870000000     0.694930140    -0.672153773     0.196423084
     5.880000000     0.680921732    -0.636881240     0.192673693
     5.890000000     0.668948085    -0.601889613     0.189255761
     5.900000000     0.659097530    -0.567336249     0.186242429
     5.910000000     0.651442739    -0.533330990     0.183699061
     5.920000000     0.646040500    -0.499950909     0.181681736
     5.930000000     0.642932630    -0.467256007     0.180236067
     5.940000000     0.642147769    -0.435299340     0.179396355
     5.950000000     0.643703744    -0.404126250     0.179185072
     5.960000000     0.647610157    -0.373763209     0.179612678
     5.970000000     0.653870845    -0.344204531     0.180677742
     5.980000000     0.662485907    -0.315409039     0.182367353
     5.990000000     0.673452984    -0.287314882     0.184657772
     6.000000000     0.686767607    -0.259870720     0.187515310
     6.010000000     0.702422423    -0.233071317     0.190897386
     6.020000000     0.720405260    -0.206981539     0.194753724
     6.030000000     0.740696020    -0.181737505     0.199027662
     6.040000000     0.763262495    -0.157524455     0.203657534
     6.050000000     0.788055299    -0.134541264     0.208578073
     6.060000000     0.815002158    -0.112965983     0.213721834
     6.070000000     0.844001913    -0.092934036     0.219020561
     6.080000000     0.874918621    -0.074533920     0.224406510
     6.090000000     0.907576222    -0.057818552     0.229813671
     6.100000000     0.941754255    -0.042826286     0.235178878
     6.110000000     0.977185107    -0.029604487     0.240442793
     6.120000000     1.013553264    -0.018229798     0.245550742
     6.130000000     1.050496941    -0.008822032     0.250453408
     6.140000000     1.087612368    -0.001551681     0.255107364
     6.150000000     1.124460859     0.003357420     0.259475470
     6.160000000     1.160578569     0.005629922     0.263527125
     6.170000000     1.195488677     0.004948374     0.267238397
     6.180000000     1.228715464     0.000975831     0.270592030
     6.190000000     1.259799574    -0.006603815     0.273577369
     6.200000000     1.288313555    -0.018028375     0.276190178
     6.210000000     1.313876682    -0.033389702     0.278432399
     6.220000000     1.336167990    -0.052566712     0.280311837
     6.230000000     1.354936540    -0.075170099     0.281841791
     6.240000000     1.370008055    -0.100508616     0.283040627
     6.250000000     1.381287324    -0.127589021     0.283931304
     6.260000000     1.388756084    -0.155167605     0.284540843
     6.270000000     1.392466450    -0.181870735     0.284899758
     6.280000000     1.392530351    -0.206382391     0.285041428
     6.290000000     1.389105806    -0.227661152     0.285001436
     6.300000000     1.382381145    -0.245121814     0.284816860
     6.310000000     1.372558520    -0.258722541     0.284525545
     6.320000000     1.359838127    -0.268936561     0.284165346
     6.330000000     1.344404503    -0.276631769     0.283773376
     6.340000000     1.326416107    -0.282905445     0.283385253
     6.350000000     1.305999075    -0.288917773     0.283034389
     6.360000000     1.283245653    -0.295747969     0.282751318
     6.370000000     1.258217373    -0.304276713     0.282563093
     6.380000000     1.230952585    -0.315088946     0.282492773
     6.390000000     1.201477536    -0.328394371     0.282559006
     6.400000000     1.169819868    -0.343974447     0.282775735
     6.410000000     1.136023171    -0.361175950     0.283152029
     6.420000000     1.100161157    -0.378972609     0.283692057
     6.430000000     1.062350064    -0.396101807     0.284395190
     6.440000000     1.022758089    -0.411255747     0.285256253
     6.450000000     0.981610935    -0.423280462     0.286265899
     6.460000000     0.939192957    -0.431329361     0.287411101
     6.470000000     0.895843743    -0.434936492     0.288675747
     6.480000000     0.851950430    -0.434006796     0.290041312
     6.490000000     0.807936365    -0.428747414     0.291487579
     6.500000000     0.764247030    -0.419573847     0.292993387
     6.510000000     0.721334316    -0.407019103     0.294537377
     6.520000000     0.679640330    -0.391661275     0.296098698
     6.530000000     0.639581854    -0.374073250     0.297657652
     6.540000000     0.601536492    -0.354790863     0.299196259
     6.550000000     0.565831291    -0.334293419     0.300698704
     6.560000000     0.532734422    -0.312991914     0.302151673
     6.570000000     0.502450173    -0.291223268     0.303544541
     6.580000000     0.475117295    -0.269250928     0.304869432
     6.590000000     0.450810458    -0.247271837     0.306121137
     6.600000000     0.429544391    -0.225427728     0.307296899
     6.610000000     0.411280147    -0.203817192     0.308396082
     6.620000000     0.395932839    -0.182505779     0.309419738
     6.630000000     0.383380201    -0.161533950     0.310370087
     6.640000000     0.373471330    -0.140924807     0.311249944
     6.650000000     0.366035084    -0.120693366     0.312062115
     6.660000000     0.360887680    -0.100856711     0.312808786
     6.670000000     0.357839206    -0.081441779     0.313490943
     6.680000000     0.356698856    -0.062487032     0.314107837
     6.690000000     0.357278846    -0.044036740     0.314656539
     6.700000000     0.359397075    -0.026130466     0.315131587
     6.710000000     0.362878685    -0.008793236     0.315524762
     6.720000000     0.367556712     0.007968137     0.315825002
     6.730000000     0.373272117     0.024160280     0.316018453
     6.740000000     0.379873408     0.039792216     0.316088680
     6.750000000     0.387216128     0.054863408     0.316017014
     6.760000000     0.395162400     0.069355821     0.315783034
     6.770000000     0.403580677     0.083231599     0.315365168
     6.780000000     0.412345798     0.096434409     0.314741393
     6.790000000     0.421339376     0.108891474     0.313889998
     6.800000000     0.430450487     0.120515672     0.312790396
     6.810000000     0.439576580     0.131210961     0.311423948
     6.820000000     0.448624498     0.140886868     0.309774760
     6.830000000     0.457511470     0.149486027     0.307830449
     6.840000000     0.466165946     0.157021963     0.305582819
     6.850000000     0.474528172     0.163614890     0.303028447
     6.860000000     0.482550401     0.169506611     0.300169150
     6.870000000     0.490196737     0.175038060     0.297012310
     6.880000000     0.497442593     0.180586859     0.293571048
     6.890000000     0.504273838     0.186481694     0.289864248
     6.900000000     0.510685733     0.192922890     0.285916403
     6.910000000     0.516681743     0.199935598     0.281757304
     6.920000000     0.522272391     0.207366822     0.277421559
     6.930000000     0.527474232     0.214921919     0.272947961
     6.940000000     0.532309054     0.222228994     0.268378708
     6.950000000     0.536803360     0.228919765     0.263758496
     6.960000000     0.540988121     0.234715880     0.259133506
     6.970000000     0.544898789     0.239505611     0.254550306
     6.980000000     0.548575488     0.243389768     0.250054703
     6.990000000     0.552063288     0.246675330     0.245690574
     7.000000000     0.555412470     0.249808029     0.241498715
     7.010000000     0.558678674     0.253259095     0.237515743
     7.020000000     0.561922859     0.257403603     0.233773090
     7.030000000     0.565211026     0.262432748     0.230296131
     7.040000000     0.568613708     0.268325980     0.227103473
     7.050000000     0.572205226     0.274883098     0.224206443
     7.060000000     0.576062811     0.281796565     0.221608786
     7.070000000     0.580265639     0.288737841     0.219306613
     7.080000000     0.584893893     0.295435220     0.217288580
     7.090000000     0.590027937     0.301727490     0.215536310
     7.100000000     0.595747674     0.307583576     0.214025053
     7.110000000     0.602132137     0.313084832     0.212724541
     7.120000000     0.609259335     0.318376768     0.211600021
     7.130000000     0.617206327     0.323608414     0.210613430
     7.140000000     0.626049468     0.328881834     0.209724652
     7.150000000     0.635864745     0.334226529     0.208892813
     7.160000000     0.646728084     0.339599229     0.208077566
     7.170000000     0.658715503     0.344899805     0.207240310
     7.180000000     0.671902978     0.349993567     0.206345294
     7.190000000     0.686365880     0.354734814     0.205360572
     7.200000000     0.702177879     0.358989583     0.204258769
     7.210000000     0.719409214     0.362654975     0.203017636
     7.220000000     0.738124258     0.365670507     0.201620391
     7.230000000     0.758378374     0.368017547     0.200055838
     7.240000000     0.780214058     0.369706726     0.198318278
     7.250000000     0.803656461     0.370758068     0.196407239
     7.260000000     0.828708401     0.371180831     0.194327048
     7.270000000     0.855345032     0.370957987     0.192086288
     7.280000000     0.883508395     0.370035300     0.189697179
     7.290000000     0.913102108     0.368311279     0.187174919
     7.300000000     0.943986474     0.365625403     0.184537026
     7.310000000     0.975974322     0.361747674     0.181802713
     7.320000000     1.008827879     0.356378217     0.178992329
     7.330000000     1.042256991     0.349166294     0.176126868
     7.340000000     1.075918934     0.339751587     0.173227576
     7.350000000     1.109420075     0.327819281     0.170315635
     7.360000000     1.142319520     0.313150770     0.167411942
     7.370000000     1.174134867     0.295650720     0.164536942
     7.380000000     1.204350070     0.275340786     0.161710519
     7.390000000     1.232425320     0.252324339     0.158951916
     7.400000000     1.257808790     0.226737303     0.156279661
     7.410000000     1.279949942     0.198704549     0.153711485
     7.420000000     1.298314037     0.168320150     0.151264214
     7.430000000     1.312397377     0.135661900     0.148953628
     7.440000000     1.321742742     0.100835040     0.146794269
     7.450000000     1.325954432     0.064023442     0.144799220
     7.460000000     1.324712279     0.025521670     0.142979832
     7.470000000     1.317784008    -0.014264449     0.141345438
     7.480000000     1.305035344    -0.054837342     0.139903046
     7.490000000     1.286437333    -0.095623144     0.138657035
     7.500000000     1.262070444    -0.135969881     0.137608874
     7.510000000     1.232125164    -0.175140450     0.136756880
     7.520000000     1.196898918    -0.212328476     0.136096036
     7.530000000     1.156789367    -0.246715971     0.135617878
     7.540000000     1.112284282    -0.277563777     0.135310476
     7.550000000     1.063948378    -0.304301711     0.135158509
     7.560000000     1.012407648    -0.326583581     0.135143453
     7.570000000     0.958331856    -0.344291885     0.135243873
     7.580000000     0.902415945    -0.357501788     0.135435830
     7.590000000     0.845361159    -0.366427547     0.135693388
     7.600000000     0.787856652    -0.371372393     0.135989210
     7.610000000     0.730562343    -0.372691516     0.136295237
     7.620000000     0.674093654    -0.370767232     0.136583407
     7.630000000     0.619008651    -0.365991406     0.136826411
     7.640000000     0.565797968    -0.358751583     0.136998438
     7.650000000     0.514877716    -0.349419989     0.137075893
     7.660000000     0.466585429    -0.338345842     0.137038039
     7.670000000     0.421178954    -0.325851126     0.136867543
     7.680000000     0.378838032    -0.312229095     0.136550901
     7.690000000     0.339668252    -0.297744206     0.136078711
     7.700000000     0.303706941    -0.282632216     0.135445781
     7.710000000     0.270930557    -0.267099877     0.134651073
     7.720000000     0.241263084    -0.251324473     0.133697482
     7.730000000     0.214585001    -0.235453863     0.132591452
     7.740000000     0.190742380    -0.219607468     0.131342469
     7.750000000     0.169555755    -0.203878233     0.129962446
     7.760000000     0.150828464    -0.188335375     0.128465039
     7.770000000     0.134354218    -0.173027846     0.126864930
     7.780000000     0.119923741    -0.157988334     0.125177115
     7.790000000     0.107330384    -0.143237321     0.123416246
     7.800000000     0.096374671    -0.128786418     0.121596034
     7.810000000     0.086867792    -0.114640424     0.119728770
     7.820000000     0.078634103    -0.100798222     0.117824956
     7.830000000     0.071512706    -0.087253217     0.115893076
     7.840000000     0.065358239    -0.073994156     0.113939492
     7.850000000     0.060040970    -0.061006792     0.111968474
     7.860000000     0.055446349    -0.048276293     0.109982327
     7.870000000     0.051474128    -0.035789711     0.107981624
     7.880000000     0.048037184    -0.023537642     0.105965495
     7.890000000     0.045060144    -0.011514528     0.103931964
     7.900000000     0.042477929     0.000282150     0.101878301
     7.910000000     0.040234296     0.011853059     0.099801371
     7.920000000     0.038280450     0.023197819     0.097697963
     7.930000000     0.036573780     0.034315176     0.095565081
     7.940000000     0.035076763     0.045202824     0.093400184
     7.950000000     0.033756057     0.055857372     0.091201388
     7.960000000     0.032581788     0.066274871     0.088967603
     7.970000000     0.031527032     0.076452015     0.086698633
     7.980000000     0.030567468     0.086387774     0.084395223
     7.990000000     0.029681188     0.096084992     0.082059074
     8.000000000     0.028848614     0.105551506     0.079692820
     8.010000000     0.028052509     0.114800606     0.077299987
     8.020000000     0.027278024     0.123850926     0.074884925
     8.030000000     0.026512760     0.132725885     0.072452721
     8.040000000     0.025746808     0.141452677     0.070009103
     8.050000000     0.024972752     0.150060673     0.067560330
     8.060000000     0.024185596     0.158579202     0.065113069
     8.070000000     0.023382640     0.167034914     0.062674268
     8.080000000     0.022563269     0.175449248     0.060251015
     8.090000000     0.021728689     0.183836704     0.057850403
     8.100000000     0.020881608     0.192204511     0.055479382
     8.110000000     0.020025883     0.200553855     0.053144625
     8.120000000     0.019166162     0.208882242     0.050852388
     8.130000000     0.018307532     0.217186201     0.048608394
     8.140000000     0.017455195     0.225463431     0.046417718
     8.150000000     0.016614207     0.233713888     0.044284704
     8.160000000     0.015789273     0.241939755     0.042212898
     8.170000000     0.014984631     0.250144717     0.040205001
     8.180000000     0.014204027     0.258333063     0.038262857
     8.190000000     0.013450780     0.266509069     0.036387461
     8.200000000     0.012727966     0.274676931     0.034578992
     8.210000000     0.012038694     0.282841266     0.032836874
     8.220000000     0.011386513     0.291007992     0.031159849
     8.230000000     0.010775936     0.299185178     0.029546076
     8.240000000     0.010213099     0.307383421     0.027993236
     8.250000000     0.009706586     0.315615426     0.026498652
     8.260000000     0.009268413     0.323894906     0.025059411
     8.270000000     0.008915217     0.332235237     0.023672485
     8.280000000     0.008669655     0.340648474     0.022334851
     8.290000000     0.008562032     0.349145034     0.021043606
     8.300000000     0.008632163     0.357733985     0.019796065
     8.310000000     0.008931449     0.366423611     0.018589849
     8.320000000     0.009525125     0.375221951     0.017422956
     8.330000000     0.010494612     0.384137169     0.016293812
     8.340000000     0.011939842     0.393177761     0.015201301
     8.350000000     0.013981403     0.402352621     0.014144778
     8.360000000     0.016762281     0.411670988     0.013124053
     8.370000000     0.020448943     0.421142241     0.012139360
     8.380000000     0.025231442     0.430775500     0.011191312
     8.390000000     0.031322240     0.440579034     0.010280825
     8.400000000     0.038953377     0.450559425     0.009409048
     8.410000000     0.048371714     0.460720461     0.008577269
     8.420000000     0.059831975     0.471061715     0.007786821
     8.430000000     0.073587445     0.481576730     0.007038994
     8.440000000     0.089878335     0.492250700     0.006334941
     8.450000000     0.108917978     0.503057487     0.005675593
     8.460000000     0.130877240     0.513955697     0.005061597
     8.470000000     0.155867792     0.524883475     0.004493251
     8.480000000     0.183925060     0.535751561     0.003970466
     8.490000000     0.214991921     0.546434133     0.003492744
     8.500000000     0.248904338     0.556756898     0.003059169
     8.510000000     0.285380218     0.566481993     0.002668420
     8.520000000     0.324012758     0.575289424     0.002318794
     8.530000000     0.364269408     0.582755406     0.002008247
     8.540000000     0.405497349     0.588329104     0.001734442
     8.550000000     0.446936012     0.591311525     0.001494808
     8.560000000     0.487736739     0.590843933     0.001286601
     8.570000000     0.526989139     0.585918355     0.001106970
     8.580000000     0.563753203     0.575428680     0.000953023
     8.590000000     0.597095694     0.558284524     0.000821884
     8.600000000     0.626128910     0.533605029     0.000710753
     8.610000000     0.650049620     0.500987343     0.000616957
     8.620000000     0.668175790     0.460799707     0.000537986
     8.630000000     0.679978765     0.414394066     0.000471532
     8.640000000     0.685108788     0.364106722     0.000415508
     8.650000000     0.683412142     0.312965474     0.000368066
     8.660000000     0.674938728     0.264152708     0.000327599
     8.670000000     0.659939564     0.220410163     0.000292740
     8.680000000     0.638854387     0.183606381     0.000262355
     8.690000000     0.612290183     0.154591923     0.000235521
     8.700000000     0.580992145     0.133320042     0.000211511
     8.710000000     0.545808958     0.119115052     0.000189771
     8.720000000     0.507654692     0.110963091     0.000169890
     8.730000000     0.467469661     0.107746751     0.000151580
     8.740000000     0.426182569     0.108398228     0.000134645
     8.750000000     0.384676030     0.111979498     0.000118964
     8.760000000     0.343757139     0.117710765     0.000104465
     8.770000000     0.304134343     0.124968149     0.000091109
     8.780000000     0.266401286     0.133266219     0.000078876
     8.790000000     0.231027817     0.142235193     0.000067751
     8.800000000     0.198357819     0.151598190     0.000057716
     8.810000000     0.168613156     0.161151023     0.000048748
     8.820000000     0.141902704     0.170745344     0.000040812
     8.830000000     0.118235245     0.180275142     0.000033860
     8.840000000     0.097534960     0.189666181     0.000027834
     8.850000000     0.079658244     0.198867878     0.000022667
     8.860000000     0.064410729     0.207847143     0.000018285
     8.870000000     0.051563544     0.216583715     0.000014609
     8.880000000     0.040868092     0.225066686     0.000011561
     8.890000000     0.032068824     0.233291888     0.000009060
     8.900000000     0.024913730     0.241259958     0.000007031
     8.910000000     0.019162472     0.248974903     0.000005403
     8.920000000     0.014592220     0.256443032     0.000004111
     8.930000000     0.011001408     0.263672177     0.000003098
     8.940000000     0.008211684     0.270671114     0.000002311
     8.950000000     0.006068386     0.277449149     0.000001707
     8.960000000     0.004439881     0.284015811     0.000001249
     8.970000000     0.003216077     0.290380636     0.000000904
     8.980000000     0.002306421     0.296553016     0.000000648
     8.990000000     0.001637600     0.302542095     0.000000460
     9.000000000     0.001151156     0.308356697     0.000000323
     9.010000000     0.000801157     0.314005283     0.000000225
     9.020000000     0.000552024     0.319495927     0.000000155
     9.030000000     0.000376578     0.324836306     0.000000106
     9.040000000     0.000254337     0.330033697     0.000000071
     9.050000000     0.000170068     0.335094984     0.000000048
     9.060000000     0.000112587     0.340026669     0.000000032
     9.070000000     0.000073793     0.344834887     0.000000021
     9.080000000     0.000047885     0.349525418     0.000000013
     9.090000000     0.000030764     0.354103711     0.000000009
     9.100000000     0.000019567     0.358574895     0.000000005
     9.110000000     0.000012322     0.362943800     0.000000003
     9.120000000     0.000007682     0.367214976     0.000000002
     9.130000000     0.000004742     0.371392706     0.000000001
     9.140000000     0.000002898     0.375481027     0.000000001
     9.150000000     0.000001753     0.379483741     0.000000000
     9.160000000     0.000001050     0.383404432     0.000000000
     9.170000000     0.000000623     0.387246482     0.000000000
     9.180000000     0.000000366     0.391013081     0.000000000
     9.190000000     0.000000213     0.394707240     0.000000000
     9.200000000     0.000000122     0.398331805     0.000000000
     9.210000000     0.000000070     0.401889463     0.000000000
     9.220000000     0.000000040     0.405382757     0.000000000
     9.230000000     0.000000022     0.408814094     0.000000000
     9.240000000     0.000000013     0.412185752     0.000000000
     9.250000000     0.000000008     0.415499889     0.000000000
     9.260000000     0.000000006     0.418758553     0.000000001
     9.270000000     0.000000005     0.421963685     0.000000001
     9.280000000     0.000000006     0.425117128     0.000000002
     9.290000000     0.000000009     0.428220634     0.000000003
     9.300000000     0.000000014     0.431275867     0.000000005
     9.310000000     0.000000021     0.434284412     0.000000008
     9.320000000     0.000000033     0.437247774     0.000000013
     9.330000000     0.000000051     0.440167390     0.000000019
     9.340000000     0.000000077     0.443044629     0.000000030
     9.350000000     0.000000117     0.445880794     0.000000045
     9.360000000     0.000000175     0.448677131     0.000000067
     9.370000000     0.000000260     0.451434829     0.000000099
     9.380000000     0.000000382     0.454155025     0.000000146
     9.390000000     0.000000555     0.456838805     0.000000212
     9.400000000     0.000000799     0.459487207     0.000000305
     9.410000000     0.000001139     0.462101227     0.000000435
     9.420000000     0.000001607     0.464681818     0.000000613
     9.430000000     0.000002244     0.467229892     0.000000856
     9.440000000     0.000003103     0.469746326     0.000001184
     9.450000000     0.000004248     0.472231960     0.000001621
     9.460000000     0.000005758     0.474687600     0.000002197
     9.470000000     0.000007727     0.477114019     0.000002948
     9.480000000     0.000010266     0.479511963     0.000003917
     9.490000000     0.000013503     0.481882145     0.000005151
     9.500000000     0.000017584     0.484225252     0.000006708
     9.510000000     0.000022670     0.486541943     0.000008649
     9.520000000     0.000028937     0.488832851     0.000011040
     9.530000000     0.000036570     0.491098584     0.000013952
     9.540000000     0.000045755     0.493339722     0.000017456
     9.550000000     0.000056678     0.495556822     0.000021623
     9.560000000     0.000069509     0.497750412     0.000026519
     9.570000000     0.000084398     0.499920993     0.000032199
     9.580000000     0.000101456     0.502069034     0.000038707
     9.590000000     0.000120748     0.504194972     0.000046067
     9.600000000     0.000142279     0.506299202     0.000054281
     9.610000000     0.000165980     0.508382076     0.000063324
     9.620000000     0.000191704     0.510443889     0.000073138
     9.630000000     0.000219211     0.512484873     0.000083632
     9.640000000     0.000248170     0.514505178     0.000094680
     9.650000000     0.000278160     0.516504859     0.000106122
     9.660000000     0.000308672     0.518483859     0.000117763
     9.670000000     0.000339122     0.520441996     0.000129380
     9.680000000     0.000368869     0.522378957     0.000140729
     9.690000000     0.000397233     0.524294320     0.000151550
     9.700000000     0.000423522     0.526187601     0.000161580
     9.710000000     0.000447057     0.528058359     0.000170559
     9.720000000     0.000467205     0.529906362     0.000178245
     9.730000000     0.000483403     0.531731795     0.000184425
     9.740000000     0.000495185     0.533535466     0.000188920
     9.750000000     0.000502208     0.535318924     0.000191599
     9.760000000     0.000504262     0.537084379     0.000192383
     9.770000000     0.000501286     0.538834426     0.000191248
     9.780000000     0.000493370     0.540571607     0.000188228
     9.790000000     0.000480747     0.542298005     0.000183412
     9.800000000     0.000463786     0.544014988     0.000176941
     9.810000000     0.000442971     0.545723183     0.000169000
     9.820000000     0.000418881     0.547422609     0.000159809
     9.830000000     0.000392159     0.549112893     0.000149614
     9.840000000     0.000363489     0.550793473     0.000138676
     9.850000000     0.000333563     0.552463750     0.000127259
     9.860000000     0.000303055     0.554123182     0.000115620
     9.870000000     0.000272597     0.555771326     0.000104000
     9.880000000     0.000242761     0.557407855     0.000092617
     9.890000000     0.000214039     0.559032544     0.000081659
     9.900000000     0.000186838     0.560645262     0.000071281
     9.910000000     0.000161470     0.562245952     0.000061603
     9.920000000     0.000138159     0.563834613     0.000052710
     9.930000000     0.000117036     0.565411293     0.000044651
     9.940000000     0.000098157     0.566976068     0.000037448
     9.950000000     0.000081504     0.568529042     0.000031095
     9.960000000     0.000067003     0.570070335     0.000025562
     9.970000000     0.000054533     0.571600078     0.000020805
     9.980000000     0.000043943     0.573118409     0.000016765
     9.990000000     0.000035057     0.574625474     0.000013375
    10.000000000     0.000027690     0.576121418     0.000010564
    10.010000000     0.000021653     0.577606390     0.000008261
    10.020000000     0.000016764     0.579080537     0.000006396
    10.030000000     0.000012849     0.580544006     0.000004902
    10.040000000     0.000009751     0.581996941     0.000003720
    10.050000000     0.000007326     0.583439485     0.000002795
    10.060000000     0.000005450     0.584871779     0.000002079
    10.070000000     0.000004013     0.586293960     0.000001531
    10.080000000     0.000002926     0.587706165     0.000001116
    10.090000000     0.000002112     0.589108524     0.000000806
    10.100000000     0.000001510     0.590501169     0.000000576
    10.110000000     0.000001068     0.591884225     0.000000408
    10.120000000     0.000000748     0.593257819     0.000000285
    10.130000000     0.000000519     0.594622070     0.000000198
    10.140000000     0.000000356     0.595977100     0.000000136
    10.150000000     0.000000242     0.597323023     0.000000092
    10.160000000     0.000000163     0.598659954     0.000000062
    10.170000000     0.000000109     0.599988005     0.000000041
    10.180000000     0.000000072     0.601307285     0.000000027
    10.190000000     0.000000047     0.602617902     0.000000018
    10.200000000     0.000000030     0.603919960     0.000000012
    10.210000000     0.000000019     0.605213562     0.000000007
    10.220000000     0.000000012     0.606498808     0.000000005
    10.230000000     0.000000008     0.607775798     0.000000003
    10.240000000     0.000000005     0.609044627     0.000000002
    10.250000000     0.000000003     0.610305392     0.000000001
    10.260000000     0.000000002     0.611558183     0.000000001
    10.270000000     0.000000001     0.612803094     0.000000000
    10.280000000     0.000000001     0.614040213     0.000000000
    10.290000000     0.000000000     0.615269628     0.000000000
    10.300000000     0.000000000     0.616491424     0.000000000
    10.310000000     0.000000000     0.617705688     0.000000000
    10.320000000     0.000000000     0.618912500     0.000000000
    10.330000000     0.000000000     0.620111944     0.000000000
    10.340000000     0.000000000     0.621304098     0.000000000
    10.350000000     0.000000000     0.622489042     0.000000000
    10.360000000     0.000000000     0.623666852     0.000000000
    10.370000000     0.000000000     0.624837605     0.000000000
    10.380000000     0.000000000     0.626001375     0.000000000
    10.390000000     0.000000000     0.627158234     0.000000000
    10.400000000     0.000000000     0.628308256     0.000000000
    10.410000000     0.000000000     0.629451511     0.000000000
    10.420000000     0.000000000     0.630588068     0.000000000
    10.430000000     0.000000000     0.631717995     0.000000000
    10.440000000     0.000000000     0.632841361     0.000000000
    10.450000000     0.000000000     0.633958232     0.000000000
    10.460000000     0.000000000     0.635068671     0.000000000
    10.470000000     0.000000000     0.636172744     0.000000000
    10.480000000     0.000000000     0.637270514     0.000000000
    10.490000000     0.000000000     0.638362042     0.000000000
    10.500000000     0.000000000     0.639447390     0.000000000
    10.510000000     0.000000000     0.640526617     0.000000000
    10.520000000     0.000000000     0.641599784     0.000000000
    10.530000000     0.000000000     0.642666948     0.000000000
    10.540000000     0.000000000     0.643728166     0.000000000
    10.550000000     0.000000000     0.644783496     0.000000000
    10.560000000     0.000000000     0.645832992     0.000000000
    10.570000000     0.000000000     0.646876710     0.000000000
    10.580000000     0.000000000     0.647914704     0.000000000
    10.590000000     0.000000000     0.648947026     0.000000000
    10.600000000     0.000000000     0.649973730     0.000000000
    10.610000000     0.000000000     0.650994868     0.000000000
    10.620000000     0.000000000     0.652010489     0.000000000
    10.630000000     0.000000000     0.653020644     0.000000000
    10.640000000     0.000000000     0.654025383     0.000000000
    10.650000000     0.000000000     0.655024754     0.000000000
    10.660000000     0.000000000     0.656018807     0.000000000
    10.670000000     0.000000000     0.657007587     0.000000000
    10.680000000     0.000000000     0.657991142     0.000000000
    10.690000000     0.000000000     0.658969518     0.000000000
    10.700000000     0.000000000     0.659942760     0.000000000
    10.710000000     0.000000000     0.660910914     0.000000000
    10.720000000     0.000000000     0.661874023     0.000000000
    10.730000000     0.000000000     0.662832132     0.000000000
    10.740000000     0.000000000     0.663785283     0.000000000
    10.750000000     0.000000000     0.664733519     0.000000000
    10.760000000     0.000000000     0.665676882     0.000000000
    10.770000000     0.000000000     0.666615413     0.000000000
    10.780000000     0.000000000     0.667549153     0.000000000
    10.790000000     0.000000000     0.668478142     0.000000000
    10.800000000     0.000000000     0.669402421     0.000000000
    10.810000000     0.000000000     0.670322028     0.000000000
    10.820000000     0.000000000     0.671237003     0.000000000
    10.830000000     0.000000000     0.672147383     0.000000000
    10.840000000     0.000000000     0.673053207     0.000000000
    10.850000000     0.000000000     0.673954511     0.000000000
    10.860000000     0.000000000     0.674851333     0.000000000
    10.870000000     0.000000000     0.675743709     0.000000000
    10.880000000     0.000000000     0.676631675     0.000000000
    10.890000000     0.000000000     0.677515266     0.000000000
    10.900000000     0.000000000     0.678394518     0.000000000
    10.910000000     0.000000000     0.679269466     0.000000000
    10.920000000     0.000000000     0.680140142     0.000000000
    10.930000000     0.000000000     0.681006582     0.000000000
    10.940000000     0.000000000     0.681868819     0.000000000
    10.950000000     0.000000000     0.682726886     0.000000000
    10.960000000     0.000000000     0.683580814     0.000000000
    10.970000000     0.000000000     0.684430638     0.000000000
    10.980000000     0.000000000     0.685276387     0.000000000
    10.990000000     0.000000000     0.686118095     0.000000000
    11.000000000     0.000000000     0.686955792     0.000000000
