 # Column 1: omega
 # Column 2: eps2(omega)
 # Column 3: eps1(omega)
 # Column 4: JDOS(omega)
     0.000000000     0.000000000     2.454228982     0.000000000
     0.010000000     0.000000000     2.454248873     0.000000000
     0.020000000     0.000000000     2.454308553     0.000000000
     0.030000000     0.000000000     2.454408041     0.000000000
     0.040000000     0.000000000     2.454547367     0.000000000
     0.050000000     0.000000000     2.454726578     0.000000000
     0.060000000     0.000000000     2.454945729     0.000000000
     0.070000000     0.000000000     2.455204890     0.000000000
     0.080000000     0.000000000     2.455504145     0.000000000
     0.090000000     0.000000000     2.455843589     0.000000000
     0.100000000     0.000000000     2.456223330     0.000000000
     0.110000000     0.000000000     2.456643491     0.000000000
     0.120000000     0.000000000     2.457104206     0.000000000
     0.130000000     0.000000000     2.457605624     0.000000000
     0.140000000     0.000000000     2.458147906     0.000000000
     0.150000000     0.000000000     2.458731228     0.000000000
     0.160000000     0.000000000     2.459355781     0.000000000
     0.170000000     0.000000000     2.460021766     0.000000000
     0.180000000     0.000000000     2.460729402     0.000000000
     0.190000000     0.000000000     2.461478920     0.000000000
     0.200000000     0.000000000     2.462270568     0.000000000
     0.210000000     0.000000000     2.463104606     0.000000000
     0.220000000     0.000000000     2.463981312     0.000000000
     0.230000000     0.000000000     2.464900978     0.000000000
     0.240000000     0.000000000     2.465863911     0.000000000
     0.250000000     0.000000000     2.466870435     0.000000000
     0.260000000     0.000000000     2.467920891     0.000000000
     0.270000000     0.000000000     2.469015635     0.000000000
     0.280000000     0.000000000     2.470155041     0.000000000
     0.290000000     0.000000000     2.471339500     0.000000000
     0.300000000     0.000000000     2.472569421     0.000000000
     0.310000000     0.000000000     2.473845233     0.000000000
     0.320000000     0.000000000     2.475167380     0.000000000
     0.330000000     0.000000000     2.476536328     0.000000000
     0.340000000     0.000000000     2.477952563     0.000000000
     0.350000000     0.000000000     2.479416589     0.000000000
     0.360000000     0.000000000     2.480928932     0.000000000
     0.370000000     0.000000000     2.482490140     0.000000000
     0.380000000     0.000000000     2.484100781     0.000000000
     0.390000000     0.000000000     2.485761448     0.000000000
     0.400000000     0.000000000     2.487472756     0.000000000
     0.410000000     0.000000000     2.489235343     0.000000000
     0.420000000     0.000000000     2.491049873     0.000000000
     0.430000000     0.000000000     2.492917036     0.000000000
     0.440000000     0.000000000     2.494837546     0.000000000
     0.450000000     0.000000000     2.496812147     0.000000000
     0.460000000     0.000000000     2.498841609     0.000000000
     0.470000000     0.000000000     2.500926732     0.000000000
     0.480000000     0.000000000     2.503068345     0.000000000
     0.490000000     0.000000000     2.505267310     0.000000000
     0.500000000     0.000000000     2.507524518     0.000000000
     0.510000000     0.000000000     2.509840896     0.000000000
     0.520000000     0.000000000     2.512217405     0.000000000
     0.530000000     0.000000000     2.514655040     0.000000000
     0.540000000     0.000000000     2.517154836     0.000000000
     0.550000000     0.000000000     2.519717863     0.000000000
     0.560000000     0.000000000     2.522345235     0.000000000
     0.570000000     0.000000000     2.525038104     0.000000000
     0.580000000     0.000000000     2.527797667     0.000000000
     0.590000000     0.000000000     2.530625166     0.000000000
     0.600000000     0.000000000     2.533521888     0.000000000
     0.610000000     0.000000000     2.536489170     0.000000000
     0.620000000     0.000000000     2.539528401     0.000000000
     0.630000000     0.000000000     2.542641020     0.000000000
     0.640000000     0.000000000     2.545828522     0.000000000
     0.650000000     0.000000000     2.549092461     0.000000000
     0.660000000     0.000000000     2.552434448     0.000000000
     0.670000000     0.000000000     2.555856159     0.000000000
     0.680000000     0.000000000     2.559359334     0.000000000
     0.690000000     0.000000000     2.562945781     0.000000000
     0.700000000     0.000000000     2.566617381     0.000000000
     0.710000000     0.000000000     2.570376087     0.000000000
     0.720000000     0.000000000     2.574223933     0.000000000
     0.730000000     0.000000000     2.578163033     0.000000000
     0.740000000     0.000000000     2.582195587     0.000000000
     0.750000000     0.000000000     2.586323884     0.000000000
     0.760000000     0.000000000     2.590550310     0.000000000
     0.770000000     0.000000000     2.594877346     0.000000000
     0.780000000     0.000000000     2.599307579     0.000000000
     0.790000000     0.000000000     2.603843706     0.000000000
     0.800000000     0.000000000     2.608488535     0.000000000
     0.810000000     0.000000000     2.613244999     0.000000000
     0.820000000     0.000000000     2.618116153     0.000000000
     0.830000000     0.000000000     2.623105189     0.000000000
     0.840000000     0.000000000     2.628215437     0.000000000
     0.850000000     0.000000000     2.633450378     0.000000000
     0.860000000     0.000000000     2.638813646     0.000000000
     0.870000000     0.000000000     2.644309040     0.000000000
     0.880000000     0.000000000     2.649940536     0.000000000
     0.890000000     0.000000000     2.655712290     0.000000000
     0.900000000     0.000000000     2.661628652     0.000000000
     0.910000000     0.000000000     2.667694181     0.000000000
     0.920000000     0.000000000     2.673913649     0.000000000
     0.930000000     0.000000000     2.680292059     0.000000000
     0.940000000     0.000000000     2.686834658     0.000000000
     0.950000000     0.000000001     2.693546951     0.000000000
     0.960000000     0.000000002     2.700434715     0.000000000
     0.970000000     0.000000003     2.707504019     0.000000000
     0.980000000     0.000000006     2.714761239     0.000000000
     0.990000000     0.000000012     2.722213079     0.000000000
     1.000000000     0.000000021     2.729866590     0.000000000
     1.010000000     0.000000039     2.737729193     0.000000000
     1.020000000     0.000000069     2.745808703     0.000000000
     1.030000000     0.000000124     2.754113354     0.000000000
     1.040000000     0.000000218     2.762651826     0.000000000
     1.050000000     0.000000382     2.771433273     0.000000000
     1.060000000     0.000000661     2.780467358     0.000000000
     1.070000000     0.000001133     2.789764282     0.000000000
     1.080000000     0.000001923     2.799334823     0.000000000
     1.090000000     0.000003230     2.809190374     0.000000001
     1.100000000     0.000005374     2.819342983     0.000000001
     1.110000000     0.000008852     2.829805398     0.000000002
     1.120000000     0.000014437     2.840591115     0.000000003
     1.130000000     0.000023314     2.851714424     0.000000005
     1.140000000     0.000037276     2.863190467     0.000000008
     1.150000000     0.000059013     2.875035290     0.000000013
     1.160000000     0.000092502     2.887265904     0.000000020
     1.170000000     0.000143566     2.899900346     0.000000030
     1.180000000     0.000220620     2.912957743     0.000000047
     1.190000000     0.000335684     2.926458377     0.000000071
     1.200000000     0.000505721     2.940423752     0.000000106
     1.210000000     0.000754372     2.954876660     0.000000158
     1.220000000     0.001114177     2.969841247     0.000000234
     1.230000000     0.001629363     2.985343067     0.000000341
     1.240000000     0.002359265     3.001409140     0.000000493
     1.250000000     0.003382448     3.018067985     0.000000706
     1.260000000     0.004801553     3.035349644     0.000001000
     1.270000000     0.006748839     3.053285672     0.000001404
     1.280000000     0.009392341     3.071909093     0.000001951
     1.290000000     0.012942459     3.091254302     0.000002684
     1.300000000     0.017658701     3.111356889     0.000003656
     1.310000000     0.023856178     3.132253370     0.000004933
     1.320000000     0.031911286     3.153980775     0.000006589
     1.330000000     0.042265941     3.176576056     0.000008716
     1.340000000     0.055429545     3.200075240     0.000011417
     1.350000000     0.071977813     3.224512251     0.000014810
     1.360000000     0.092547558     3.249917282     0.000019025
     1.370000000     0.117826545     3.276314552     0.000024205
     1.380000000     0.148537668     3.303719255     0.000030498
     1.390000000     0.185416941     3.332133426     0.000038060
     1.400000000     0.229185122     3.361540339     0.000047046
     1.410000000     0.280513269     3.391896978     0.000057607
     1.420000000     0.339983049     3.423123940     0.000069880
     1.430000000     0.408043257     3.455091971     0.000083987
     1.440000000     0.484964598     3.487604117     0.000100026
     1.450000000     0.570795387     3.520372297     0.000118064
     1.460000000     0.665321291     3.552986929     0.000138140
     1.470000000     0.768032498     3.584878301     0.000160255
     1.480000000     0.878101784     3.615268806     0.000184382
     1.490000000     0.994376676     3.643116408     0.000210467
     1.500000000     1.115388321     3.667052415     0.000238443
     1.510000000     1.239378835     3.685321647     0.000268240
     1.520000000     1.364347675     3.695741484     0.000299808
     1.530000000     1.488116246     3.695708348     0.000333137
     1.540000000     1.608408463     3.682294474     0.000368290
     1.550000000     1.722943520     3.652487978     0.000405427
     1.560000000     1.829535877     3.603622469     0.000444841
     1.570000000     1.926196473     3.534000213     0.000486988
     1.580000000     2.011228648     3.443623655     0.000532517
     1.590000000     2.083312226     3.334831405     0.000582297
     1.600000000     2.141569754     3.212551540     0.000637442
     1.610000000     2.185609937     3.083926807     0.000699324
     1.620000000     2.215544856     2.957274474     0.000769581
     1.630000000     2.231979427     2.840640372     0.000850120
     1.640000000     2.235973585     2.740415131     0.000943104
     1.650000000     2.228979733     2.660452934     0.001050940
     1.660000000     2.212759809     2.601882362     0.001176244
     1.670000000     2.189287792     2.563496800     0.001321807
     1.680000000     2.160644408     2.542438730     0.001490552
     1.690000000     2.128911184     2.534900213     0.001685477
     1.700000000     2.096070728     2.536678534     0.001909595
     1.710000000     2.063919352     2.543553108     0.002165870
     1.720000000     2.033996854     2.551532800     0.002457137
     1.730000000     2.007536722     2.557054152     0.002786030
     1.740000000     1.985438258     2.557200811     0.003154904
     1.750000000     1.968260403     2.549970798     0.003565748
     1.760000000     1.956235495     2.534547821     0.004020109
     1.770000000     1.949299905     2.511457708     0.004519019
     1.780000000     1.947137651     2.482461209     0.005062923
     1.790000000     1.949232595     2.450104196     0.005651629
     1.800000000     1.954924790     2.417011584     0.006284264
     1.810000000     1.963466847     2.385171356     0.006959253
     1.820000000     1.974076750     2.355482250     0.007674323
     1.830000000     1.985984330     2.327705389     0.008426532
     1.840000000     1.998469454     2.300768152     0.009212319
     1.850000000     2.010890818     2.273242303     0.010027593
     1.860000000     2.022705029     2.243805063     0.010867837
     1.870000000     2.033476291     2.211560537     0.011728242
     1.880000000     2.042877554     2.176191337     0.012603852
     1.890000000     2.050684317     2.137976147     0.013489724
     1.900000000     2.056762544     2.097723827     0.014381091
     1.910000000     2.061052246     2.056650218     0.015273516
     1.920000000     2.063548329     2.016196203     0.016163030
     1.930000000     2.064280265     1.977784539     0.017046256
     1.940000000     2.063292050     1.942540196     0.017920495
     1.950000000     2.060623784     1.911033915     0.018783785
     1.960000000     2.056296014     1.883124679     0.019634927
     1.970000000     2.050297758     1.857957465     0.020473469
     1.980000000     2.042578874     1.834124401     0.021299666
     1.990000000     2.033047103     1.809945826     0.022114410
     2.000000000     2.021569814     1.783797246     0.022919142
     2.010000000     2.007980115     1.754406694     0.023715748
     2.020000000     1.992086695     1.721066036     0.024506451
     2.030000000     1.973686476     1.683725572     0.025293710
     2.040000000     1.952578952     1.642965174     0.026080118
     2.050000000     1.928581005     1.599857768     0.026868321
     2.060000000     1.901540970     1.555763816     0.027660945
     2.070000000     1.871350862     1.512111656     0.028460548
     2.080000000     1.837955860     1.470215212     0.029269583
     2.090000000     1.801360465     1.431154189     0.030090377
     2.100000000     1.761631060     1.395709017     0.030925124
     2.110000000     1.718894945     1.364328370     0.031775883
     2.120000000     1.673336255     1.337117093     0.032644590
     2.130000000     1.625189369     1.313849165     0.033533062
     2.140000000     1.574730634     1.294016705     0.034443012
     2.150000000     1.522269250     1.276921986     0.035376046
     2.160000000     1.468138155     1.261809895     0.036333671
     2.170000000     1.412685606     1.248021972     0.037317277
     2.180000000     1.356267966     1.235133804     0.038328115
     2.190000000     1.299243988     1.223031222     0.039367266
     2.200000000     1.241970655     1.211900303     0.040435581
     2.210000000     1.184800384     1.202142493     0.041533619
     2.220000000     1.128079301     1.194253668     0.042661553
     2.230000000     1.072146103     1.188708002     0.043819074
     2.240000000     1.017331068     1.185870577     0.045005277
     2.250000000     0.963954730     1.185945480     0.046218536
     2.260000000     0.912325891     1.188959463     0.047456387
     2.270000000     0.862738711     1.194780216     0.048715421
     2.280000000     0.815468822     1.203163555     0.049991188
     2.290000000     0.770768562     1.213814368     0.051278143
     2.300000000     0.728861542     1.226439612     0.052569628
     2.310000000     0.689936924     1.240774952     0.053857901
     2.320000000     0.654143828     1.256579819     0.055134227
     2.330000000     0.621586335     1.273611254     0.056389024
     2.340000000     0.592319525     1.291595813     0.057612061
     2.350000000     0.566346942     1.310216206     0.058792710
     2.360000000     0.543619765     1.329118485     0.059920229
     2.370000000     0.524037855     1.347934279     0.060984078
     2.380000000     0.507452719     1.366306996     0.061974224
     2.390000000     0.493672267     1.383912370     0.062881448
     2.400000000     0.482467161     1.400469647     0.063697603
     2.410000000     0.473578389     1.415746680     0.064415834
     2.420000000     0.466725688     1.429566717     0.065030722
     2.430000000     0.461616326     1.441823607     0.065538362
     2.440000000     0.457953809     1.452504769     0.065936356
     2.450000000     0.455446063     1.461711225     0.066223736
     2.460000000     0.453812708     1.469658288     0.066400807
     2.470000000     0.452791153     1.476645052     0.066468947
     2.480000000     0.452141289     1.482995590     0.066430354
     2.490000000     0.451648735     1.488991783     0.066287773
     2.500000000     0.451126628     1.494824846     0.066044229
     2.510000000     0.450416108     1.500583677     0.065702769
     2.520000000     0.449385686     1.506278638     0.065266240
     2.530000000     0.447929759     1.511882490     0.064737125
     2.540000000     0.445966539     1.517365537     0.064117427
     2.550000000     0.443435686     1.522709832     0.063408631
     2.560000000     0.440295876     1.527900910     0.062611721
     2.570000000     0.436522502     1.532907330     0.061727270
     2.580000000     0.432105631     1.537663497     0.060755577
     2.590000000     0.427048281     1.542069571     0.059696851
     2.600000000     0.421364993     1.546015604     0.058551425
     2.610000000     0.415080653     1.549427419     0.057319986
     2.620000000     0.408229448     1.552320774     0.056003799
     2.630000000     0.400853840     1.554841725     0.054604930
     2.640000000     0.393003461     1.557270204     0.053126428
     2.650000000     0.384733826     1.559974879     0.051572486
     2.660000000     0.376104820     1.563328360     0.049948540
     2.670000000     0.367178967     1.567612283     0.048261337
     2.680000000     0.358019515     1.572948041     0.046518938
     2.690000000     0.348688442     1.579275951     0.044730669
     2.700000000     0.339244475     1.586383005     0.042907033
     2.710000000     0.329741280     1.593962479     0.041059556
     2.720000000     0.320225936     1.601684693     0.039200612
     2.730000000     0.310737802     1.609263022     0.037343199
     2.740000000     0.301307863     1.616504912     0.035500692
     2.750000000     0.291958582     1.623340539     0.033686574
     2.760000000     0.282704262     1.629823869     0.031914163
     2.770000000     0.273551872     1.636105692     0.030196326
     2.780000000     0.264502260     1.642386217     0.028545205
     2.790000000     0.255551649     1.648861872     0.026971957
     2.800000000     0.246693313     1.655682033     0.025486515
     2.810000000     0.237919330     1.662925328     0.024097378
     2.820000000     0.229222282     1.670596461     0.022811441
     2.830000000     0.220596859     1.678638838     0.021633859
     2.840000000     0.212041259     1.686957150     0.020567973
     2.850000000     0.203558365     1.695444788     0.019615267
     2.860000000     0.195156651     1.704010947     0.018775391
     2.870000000     0.186850804     1.712601893     0.018046229
     2.880000000     0.178662051     1.721211586     0.017424019
     2.890000000     0.170618181     1.729879513     0.016903517
     2.900000000     0.162753272     1.738677593     0.016478208
     2.910000000     0.155107114     1.747691758     0.016140546
     2.920000000     0.147724343     1.757004970     0.015882228
     2.930000000     0.140653294     1.766685692     0.015694489
     2.940000000     0.133944611     1.776781428     0.015568397
     2.950000000     0.127649637     1.787314841     0.015495162
     2.960000000     0.121818648     1.798281407     0.015466428
     2.970000000     0.116499003     1.809649808     0.015474550
     2.980000000     0.111733283     1.821366232     0.015512838
     2.990000000     0.107557524     1.833361772     0.015575771
     3.000000000     0.103999632     1.845560506     0.015659158
     3.010000000     0.101078084     1.857885955     0.015760265
     3.020000000     0.098800995     1.870264863     0.015877869
     3.030000000     0.097165628     1.882628450     0.016012271
     3.040000000     0.096158382     1.894911945     0.016165248
     3.050000000     0.095755290     1.907053393     0.016339950
     3.060000000     0.095923006     1.918992789     0.016540752
     3.070000000     0.096620249     1.930672599     0.016773058
     3.080000000     0.097799612     1.942040532     0.017043073
     3.090000000     0.099409670     1.953054786     0.017357551
     3.100000000     0.101397242     1.963690731     0.017723522
     3.110000000     0.103709690     1.973946521     0.018148021
     3.120000000     0.106297138     1.983844836     0.018637826
     3.130000000     0.109114449     1.993429610     0.019199206
     3.140000000     0.112122878     2.002759372     0.019837709
     3.150000000     0.115291291     2.011900190     0.020557977
     3.160000000     0.118596880     2.020919928     0.021363612
     3.170000000     0.122025339     2.029883187     0.022257086
     3.180000000     0.125570494     2.038845672     0.023239697
     3.190000000     0.129233419     2.047848376     0.024311578
     3.200000000     0.133021093     2.056913852     0.025471745
     3.210000000     0.136944684     2.066046580     0.026718177
     3.220000000     0.141017586     2.075237291     0.028047931
     3.230000000     0.145253317     2.084468808     0.029457269
     3.240000000     0.149663437     2.093720393     0.030941794
     3.250000000     0.154255610     2.102968708     0.032496578
     3.260000000     0.159031941     2.112185650     0.034116287
     3.270000000     0.163987711     2.121335131     0.035795282
     3.280000000     0.169110588     2.130371275     0.037527698
     3.290000000     0.174380386     2.139239358     0.039307501
     3.300000000     0.179769376     2.147879150     0.041128528
     3.310000000     0.185243166     2.156229617     0.042984505
     3.320000000     0.190762066     2.164234243     0.044869064
     3.330000000     0.196282880     2.171846777     0.046775757
     3.340000000     0.201760993     2.179037163     0.048698088
     3.350000000     0.207152631     2.185796957     0.050629563
     3.360000000     0.212417121     2.192143250     0.052563767
     3.370000000     0.217519022     2.198120342     0.054494488
     3.380000000     0.222429965     2.203798781     0.056415861
     3.390000000     0.227130079     2.209271378     0.058322569
     3.400000000     0.231608907     2.214645728     0.060210056
     3.410000000     0.235865748     2.220033512     0.062074770
     3.420000000     0.239909396     2.225538356     0.063914412
     3.430000000     0.243757307     2.231245300     0.065728171
     3.440000000     0.247434242     2.237214355     0.067516937
     3.450000000     0.250970501     2.243478661     0.069283468
     3.460000000     0.254399851     2.250045892     0.071032493
     3.470000000     0.257757310     2.256901035     0.072770746
     3.480000000     0.261076942     2.264009154     0.074506909
     3.490000000     0.264389796     2.271317591     0.076251475
     3.500000000     0.267722149     2.278758138     0.078016506
     3.510000000     0.271094144     2.286250877     0.079815322
     3.520000000     0.274518924     2.293711492     0.081662111
     3.530000000     0.278002305     2.301062144     0.083571478
     3.540000000     0.281542991     2.308243210     0.085557958
     3.550000000     0.285133319     2.315221589     0.087635516
     3.560000000     0.288760474     2.321992645     0.089817047
     3.570000000     0.292408084     2.328576251     0.092113899
     3.580000000     0.296058091     2.335010048     0.094535456
     3.590000000     0.299692790     2.341342734     0.097088768
     3.600000000     0.303296884     2.347627711     0.099778265
     3.610000000     0.306859453     2.353915865     0.102605554
     3.620000000     0.310375688     2.360247615     0.105569298
     3.630000000     0.313848301     2.366647031     0.108665182
     3.640000000     0.317288489     2.373121604     0.111885957
     3.650000000     0.320716389     2.379668679     0.115221557
     3.660000000     0.324160952     2.386285969     0.118659274
     3.670000000     0.327659215     2.392981912     0.122183982
     3.680000000     0.331254942     2.399782634     0.125778412
     3.690000000     0.334996687     2.406733985     0.129423445
     3.700000000     0.338935304     2.413897815     0.133098442
     3.710000000     0.343121006     2.421341933     0.136781586
     3.720000000     0.347600082     2.429124655     0.140450248
     3.730000000     0.352411424     2.437277642     0.144081367
     3.740000000     0.357583025     2.445792610     0.147651845
     3.750000000     0.363128651     2.454616337     0.151138954
     3.760000000     0.369044871     2.463654920     0.154520759
     3.770000000     0.375308651     2.472784825     0.157776538
     3.780000000     0.381875705     2.481867056     0.160887204
     3.790000000     0.388679754     2.490761406     0.163835708
     3.800000000     0.395632826     2.499339117     0.166607414
     3.810000000     0.402626679     2.507493078     0.169190418
     3.820000000     0.409535354     2.515144651     0.171575808
     3.830000000     0.416218835     2.522245759     0.173757839
     3.840000000     0.422527687     2.528775079     0.175733998
     3.850000000     0.428308510     2.534729032     0.177504972
     3.860000000     0.433409969     2.540111362     0.179074487
     3.870000000     0.437689129     2.544928131     0.180449035
     3.880000000     0.441017756     2.549195058     0.181637508
     3.890000000     0.443288290     2.552959232     0.182650729
     3.900000000     0.444419133     2.556328198     0.183500942
     3.910000000     0.444358970     2.559491802     0.184201270
     3.920000000     0.443089873     2.562722597     0.184765186
     3.930000000     0.440628999     2.566350382     0.185206042
     3.940000000     0.437028779     2.570719425     0.185536683
     3.950000000     0.432375596     2.576144040     0.185769188
     3.960000000     0.426787014     2.582875769     0.185914752
     3.970000000     0.420407760     2.591087409     0.185983732
     3.980000000     0.413404694     2.600871844     0.185985843
     3.990000000     0.405961115     2.612250516     0.185930502
     4.000000000     0.398270772     2.625186692     0.185827279
     4.010000000     0.390532000     2.639600156     0.185686421
     4.020000000     0.382942379     2.655381344     0.185519390
     4.030000000     0.375694320     2.672403709     0.185339355
     4.040000000     0.368971908     2.690533645     0.185161590
     4.050000000     0.362949282     2.709637625     0.185003701
     4.060000000     0.357790729     2.729586927     0.184885642
     4.070000000     0.353652562     2.750261215     0.184829488
     4.080000000     0.350686741     2.771552176     0.184858939
     4.090000000     0.349046055     2.793367140     0.184998551
     4.100000000     0.348890559     2.815631547     0.185272731
     4.110000000     0.350394836     2.838289771     0.185704520
     4.120000000     0.353755524     2.861305714     0.186314247
     4.130000000     0.359198440     2.884665216     0.187118114
     4.140000000     0.366984582     2.908380492     0.188126811
     4.150000000     0.377414209     2.932493853     0.189344256
     4.160000000     0.390828215     2.957076822     0.190766555
     4.170000000     0.407606061     2.982222252     0.192381253
     4.180000000     0.428159638     3.008030206     0.194166976
     4.190000000     0.452922602     3.034590936     0.196093480
     4.200000000     0.482335001     3.061969082     0.198122162
     4.210000000     0.516823258     3.090191971     0.200207021
     4.220000000     0.556776018     3.119242399     0.202296038
     4.230000000     0.602516691     3.149053791     0.204332927
     4.240000000     0.654273968     3.179503963     0.206259167
     4.250000000     0.712151936     3.210403550     0.208016229
     4.260000000     0.776101741     3.241476726     0.209547870
     4.270000000     0.845896936     3.272334932     0.210802383
     4.280000000     0.921114709     3.302447280     0.211734682
     4.290000000     1.001125074     3.331112235     0.212308098
     4.300000000     1.085089790     3.357433565     0.212495819
     4.310000000     1.171972287     3.380301722     0.212281868
     4.320000000     1.260559222     3.398383069     0.211661588
     4.330000000     1.349493463     3.410125794     0.210641627
     4.340000000     1.437317498     3.413801421     0.209239405
     4.350000000     1.522525348     3.407610544     0.207482144
     4.360000000     1.603620361     3.389883879     0.205405497
     4.370000000     1.679175616     3.359396462     0.203051883
     4.380000000     1.747893341     3.315774581     0.200468634
     4.390000000     1.808659651     3.259910361     0.197706052
     4.400000000     1.860591161     3.194228957     0.194815497
     4.410000000     1.903070552     3.122629722     0.191847614
     4.420000000     1.935768976     3.050001976     0.188850772
     4.430000000     1.958654156     2.981395374     0.185869798
     4.440000000     1.971984125     2.921104934     0.182945038
     4.450000000     1.976287611     2.871980270     0.180111779
     4.460000000     1.972333050     2.835149047     0.177400013
     4.470000000     1.961088922     2.810150291     0.174834519
     4.480000000     1.943678619     2.795333884     0.172435218
     4.490000000     1.921333172     2.788354555     0.170217739
     4.500000000     1.895345017     2.786639246     0.168194120
     4.510000000     1.867025513     2.787773772     0.166373575
     4.520000000     1.837668251     2.789797865     0.164763267
     4.530000000     1.808519372     2.791409157     0.163369003
     4.540000000     1.780755253     2.792067645     0.162195824
     4.550000000     1.755467128     2.791981562     0.161248443
     4.560000000     1.733651540     2.791962722     0.160531512
     4.570000000     1.716205095     2.793173337     0.160049719
     4.580000000     1.703921775     2.796829901     0.159807719
     4.590000000     1.697491129     2.803946409     0.159809932
     4.600000000     1.697495939     2.815170115     0.160060225
     4.610000000     1.704408399     2.830712537     0.160561528
     4.620000000     1.718584446     2.850347705     0.161315424
     4.630000000     1.740256431     2.873451649     0.162321740
     4.640000000     1.769524909     2.899071307     0.163578197
     4.650000000     1.806350729     2.926015630     0.165080124
     4.660000000     1.850548903     2.952956339     0.166820276
     4.670000000     1.901785792     2.978522417     0.168788770
     4.680000000     1.959581000     3.001377617     0.170973121
     4.690000000     2.023315095     3.020279176     0.173358410
     4.700000000     2.092243750     3.034121028     0.175927537
     4.710000000     2.165518345     3.041965007     0.178661561
     4.720000000     2.242212479     3.043063881     0.181540100
     4.730000000     2.321353177     3.036882575     0.184541762
     4.740000000     2.401955160     3.023123566     0.187644583
     4.750000000     2.483056077     3.001756657     0.190826455
     4.760000000     2.563750470     2.973047343     0.194065510
     4.770000000     2.643220196     2.937577310     0.197340461
     4.780000000     2.720759249     2.896252473     0.200630886
     4.790000000     2.795791288     2.850291890     0.203917444
     4.800000000     2.867878738     2.801184859     0.207182045
     4.810000000     2.936722926     2.750599529     0.210407965
     4.820000000     3.002155435     2.700232106     0.213579939
     4.830000000     3.064121521     2.651604231     0.216684230
     4.840000000     3.122657013     2.605841423     0.219708697
     4.850000000     3.177860627     2.563483687     0.222642876
     4.860000000     3.229863901     2.524378973     0.225478074
     4.870000000     3.278801097     2.487692126     0.228207497
     4.880000000     3.324781343     2.452035326     0.230826374
     4.890000000     3.367865010     2.415699610     0.233332097
     4.900000000     3.408045947     2.376945830     0.235724343
     4.910000000     3.445240647     2.334299830     0.238005149
     4.920000000     3.479284859     2.286791976     0.240178926
     4.930000000     3.509937580     2.234088192     0.242252373
     4.940000000     3.536891801     2.176482398     0.244234287
     4.950000000     3.559790957     2.114757937     0.246135219
     4.960000000     3.578249691     2.049966179     0.247967011
     4.970000000     3.591877322     1.983194915     0.249742184
     4.980000000     3.600302388     1.915393224     0.251473216
     4.990000000     3.603196661     1.847287055     0.253171723
     5.000000000     3.600297237     1.779381231     0.254847610
     5.010000000     3.591425533     1.712019259     0.256508212
     5.020000000     3.576502324     1.645467467     0.258157513
     5.030000000     3.555558275     1.579995700     0.259795480
     5.040000000     3.528739703     1.515934195     0.261417578
     5.050000000     3.496309567     1.453694759     0.263014515
     5.060000000     3.458643926     1.393756950     0.264572250
     5.070000000     3.416224216     1.336632347     0.266072275
     5.080000000     3.369625864     1.282823279     0.267492190
     5.090000000     3.319503767     1.232784779     0.268806541
     5.100000000     3.266575227     1.186889446     0.269987875
     5.110000000     3.211600928     1.145393515     0.271007985
     5.120000000     3.155364524     1.108407935     0.271839238
     5.130000000     3.098651409     1.075883243     0.272455954
     5.140000000     3.042227254     1.047616683     0.272835713
     5.150000000     2.986816867     1.023284504     0.272960549
     5.160000000     2.933083989     1.002493900     0.272817937
     5.170000000     2.881612635     0.984840056     0.272401533
     5.180000000     2.832890623     0.969948766     0.271711620
     5.190000000     2.787295913     0.957489434     0.270755239
     5.200000000     2.745086396     0.947157386     0.269546008
     5.210000000     2.706393662     0.938639364     0.268103654
     5.220000000     2.671221231     0.931579742     0.266453274
     5.230000000     2.639447547     0.925554535     0.264624404
     5.240000000     2.610833834     0.920048174     0.262649928
     5.250000000     2.585036723     0.914428991     0.260564909
     5.260000000     2.561625241     0.907933829     0.258405399
     5.270000000     2.540101521     0.899685882     0.256207293
     5.280000000     2.519924327     0.888769829     0.254005273
     5.290000000     2.500534242     0.874372415     0.251831898
     5.300000000     2.481379248     0.855970064     0.249716848
     5.310000000     2.461939321     0.833515415     0.247686368
     5.320000000     2.441748662     0.807554175     0.245762889
     5.330000000     2.420414353     0.779208795     0.243964846
     5.340000000     2.397630376     0.750005412     0.242306653
     5.350000000     2.373186257     0.721583593     0.240798828
     5.360000000     2.346969969     0.695381722     0.239448239
     5.370000000     2.318965067     0.672400800     0.238258429
     5.380000000     2.289242464     0.653108989     0.237229996
     5.390000000     2.257947594     0.637485979     0.236360997
     5.400000000     2.225283998     0.625158877     0.235647345
     5.410000000     2.191494594     0.615569428     0.235083171
     5.420000000     2.156841988     0.608126671     0.234661135
     5.430000000     2.121589193     0.602318345     0.234372675
     5.440000000     2.085982018     0.597766680     0.234208169
     5.450000000     2.050234187     0.594223828     0.234157034
     5.460000000     2.014516016     0.591516849     0.234207733
     5.470000000     1.978947117     0.589469971     0.234347734
     5.480000000     1.943593337     0.587841626     0.234563414
     5.490000000     1.908467779     0.586307332     0.234839939
     5.500000000     1.873535505     0.584499430     0.235161145
     5.510000000     1.838721278     0.582091644     0.235509452
     5.520000000     1.803919575     0.578899924     0.235865829
     5.530000000     1.769005993     0.574963620     0.236209853
     5.540000000     1.733849184     0.570572116     0.236519869
     5.550000000     1.698322505     0.566215240     0.236773281
     5.560000000     1.662314691     0.562465075     0.236946973
     5.570000000     1.625738994     0.559833384     0.237017861
     5.580000000     1.588540432     0.558667330     0.236963566
     5.590000000     1.550700934     0.559126643     0.236763180
     5.600000000     1.512242358     0.561237923     0.236398093
     5.610000000     1.473227510     0.564981101     0.235852840
     5.620000000     1.433759352     0.570355641     0.235115914
     5.630000000     1.393978728     0.577398056     0.234180509
     5.640000000     1.354060917     0.586156244     0.233045131
     5.650000000     1.314211340     0.596649118     0.231714036
     5.660000000     1.274660734     0.608842360     0.230197473
     5.670000000     1.235660026     0.622655716     0.228511691
     5.680000000     1.197475126     0.637995700     0.226678717
     5.690000000     1.160381735     0.654793656     0.224725893
     5.700000000     1.124660288     0.673029264     0.222685211
     5.710000000     1.090591037     0.692730345     0.220592454
     5.720000000     1.058449311     0.713952796     0.218486208
     5.730000000     1.028500943     0.736751834     0.216406771
     5.740000000     1.000997886     0.761155101     0.214395022
     5.750000000     0.976174039     0.787142528     0.212491305
     5.760000000     0.954241339     0.814633316     0.210734355
     5.770000000     0.935386205     0.843479661     0.209160334
     5.780000000     0.919766418     0.873467783     0.207801982
     5.790000000     0.907508559     0.904326242     0.206687926
     5.800000000     0.898706114     0.935739975     0.205842144
     5.810000000     0.893418346     0.967368081     0.205283604
     5.820000000     0.891670008     0.998864305     0.205026055
     5.830000000     0.893451948     1.029899832     0.205077982
     5.840000000     0.898722591     1.060187242     0.205442691
     5.850000000     0.907410267     1.089502721     0.206118524
     5.860000000     0.919416283     1.117701573     0.207099179
     5.870000000     0.934618608     1.144720909     0.208374121
     5.880000000     0.952875984     1.170564669     0.209929069
     5.890000000     0.974032279     1.195271062     0.211746532
     5.900000000     0.997920836     1.218869820     0.213806399
     5.910000000     1.024368597     1.241342281     0.216086543
     5.920000000     1.053199783     1.262597231     0.218563436
     5.930000000     1.084238911     1.282469294     0.221212747
     5.940000000     1.117312995     1.300738814     0.224009916
     5.950000000     1.152252802     1.317168142     0.226930671
     5.960000000     1.188893105     1.331549687     0.229951473
     5.970000000     1.227071947     1.343761337     0.233049880
     5.980000000     1.266628993     1.353819747     0.236204814
     5.990000000     1.307403126     1.361912332     0.239396713
     6.000000000     1.349229501     1.368383157     0.242607593
     6.010000000     1.391936311     1.373657124     0.245820996
     6.020000000     1.435341559     1.378112883     0.249021861
     6.030000000     1.479250099     1.381944002     0.252196325
     6.040000000     1.523451221     1.385059807     0.255331478
     6.050000000     1.567716956     1.387063304     0.258415102
     6.060000000     1.611801234     1.387314200     0.261435419
     6.070000000     1.655439946     1.385058010     0.264380870
     6.080000000     1.698351852     1.379587588     0.267239949
     6.090000000     1.740240251     1.370400408     0.270001099
     6.100000000     1.780795240     1.357318651     0.272652696
     6.110000000     1.819696400     1.340546624     0.275183095
     6.120000000     1.856615769     1.320650314     0.277580759
     6.130000000     1.891220995     1.298458208     0.279834450
     6.140000000     1.923178639     1.274901593     0.281933458
     6.150000000     1.952157699     1.250831998     0.283867870
     6.160000000     1.977833468     1.226862846     0.285628852
     6.170000000     1.999891948     1.203274105     0.287208931
     6.180000000     2.018035011     1.179996607     0.288602265
     6.190000000     2.031986515     1.156668946     0.289804894
     6.200000000     2.041499507     1.132745009     0.290814967
     6.210000000     2.046364518     1.107626882     0.291632933
     6.220000000     2.046418834     1.080802194     0.292261718
     6.230000000     2.041556444     1.051970460     0.292706853
     6.240000000     2.031738234     1.021144967     0.292976590
     6.250000000     2.017001821     0.988714742     0.293081970
     6.260000000     1.997470386     0.955448994     0.293036863
     6.270000000     1.973359765     0.922430206     0.292857949
     6.280000000     1.944983139     0.890916646     0.292564650
     6.290000000     1.912752717     0.862159534     0.292178984
     6.300000000     1.877177960     0.837223042     0.291725335
     6.310000000     1.838860073     0.816859120     0.291230124
     6.320000000     1.798482707     0.801465675     0.290721373
     6.330000000     1.756798995     0.791119441     0.290228156
     6.340000000     1.714615267     0.785648913     0.289779937
     6.350000000     1.672771942     0.784712387     0.289405811
     6.360000000     1.632122208     0.787864533     0.289133664
     6.370000000     1.593509210     0.794613238     0.288989268
     6.380000000     1.557742500     0.804472884     0.288995373
     6.390000000     1.525574528     0.817012211     0.289170808
     6.400000000     1.497677925     0.831885439     0.289529657
     6.410000000     1.474624331     0.848833925     0.290080561
     6.420000000     1.456865474     0.867653365     0.290826175
     6.430000000     1.444717153     0.888133643     0.291762843
     6.440000000     1.438346767     0.909988759     0.292880516
     6.450000000     1.437764947     0.932798151     0.294162928
     6.460000000     1.442821774     0.955976763     0.295588057
     6.470000000     1.453207997     0.978781663     0.297128835
     6.480000000     1.468461500     1.000352337     0.298754109
     6.490000000     1.487979116     1.019772998     0.300429786
     6.500000000     1.511033690     1.036140495     0.302120114
     6.510000000     1.536796039     1.048622945     0.303789032
     6.520000000     1.564361231     1.056503190     0.305401500
     6.530000000     1.592778318     1.059214509     0.306924744
     6.540000000     1.621082457     1.056384589     0.308329327
     6.550000000     1.648328116     1.047898737     0.309589994
     6.560000000     1.673621959     1.033973518     0.310686230
     6.570000000     1.696153895     1.015208520     0.311602510
     6.580000000     1.715224839     0.992574363     0.312328230
     6.590000000     1.730269821     0.967313169     0.312857334
     6.600000000     1.740875283     0.940769685     0.313187678
     6.610000000     1.746789695     0.914211276     0.313320192
     6.620000000     1.747926958     0.888702234     0.313257916
     6.630000000     1.744362444     0.865065543     0.313004983
     6.640000000     1.736321927     0.843917673     0.312565648
     6.650000000     1.724164053     0.825731447     0.311943439
     6.660000000     1.708357323     0.810882871     0.311140503
     6.670000000     1.689452911     0.799661588     0.310157192
     6.680000000     1.668054778     0.792251673     0.308991937
     6.690000000     1.644788767     0.788703422     0.307641405
     6.700000000     1.620272296     0.788914138     0.306100932
     6.710000000     1.595086287     0.792624977     0.304365195
     6.720000000     1.569750747     0.799431690     0.302429062
     6.730000000     1.544705210     0.808804433     0.300288565
     6.740000000     1.520294935     0.820114693     0.297941893
     6.750000000     1.496763387     0.832670945     0.295390363
     6.760000000     1.474251158     0.845764711     0.292639250
     6.770000000     1.452801110     0.858724596     0.289698446
     6.780000000     1.432369118     0.870971063     0.286582878
     6.790000000     1.412839528     0.882063349     0.283312644
     6.800000000     1.394044136     0.891732922     0.279912872
     6.810000000     1.375783359     0.899903012     0.276413273
     6.820000000     1.357848159     0.906697372     0.272847435
     6.830000000     1.340041314     0.912440376     0.269251875
     6.840000000     1.322196728     0.917644709     0.265664905
     6.850000000     1.304195679     0.922978018     0.262125367
     6.860000000     1.285979180     0.929202800     0.258671301
     6.870000000     1.267555931     0.937094957     0.255338609
     6.880000000     1.249005732     0.947357495     0.252159784
     6.890000000     1.230478538     0.960548438     0.249162758
     6.900000000     1.212189708     0.977035902     0.246369922
     6.910000000     1.194412242     0.996984211     0.243797372
     6.920000000     1.177467049     1.020367068     0.241454393
     6.930000000     1.161712359     1.046998058     0.239343222
     6.940000000     1.147533488     1.076566564     0.237459080
     6.950000000     1.135334028     1.108670293     0.235790478
     6.960000000     1.125529439     1.142842866     0.234319768
     6.970000000     1.118543749     1.178581515     0.233023924
     6.980000000     1.114809815     1.215381373     0.231875487
     6.990000000     1.114773245     1.252778371     0.230843647
     7.000000000     1.118899757     1.290395558     0.229895399
     7.010000000     1.127685422     1.327982565     0.228996710
     7.020000000     1.141668924     1.365438094     0.228113649
     7.030000000     1.161444691     1.402810261     0.227213426
     7.040000000     1.187675559     1.440275591     0.226265297
     7.050000000     1.221103462     1.478100421     0.225241300
     7.060000000     1.262556567     1.516588070     0.224116797
     7.070000000     1.312951256     1.556015315     0.222870827
     7.080000000     1.373287449     1.596565801     0.221486261
     7.090000000     1.444635904     1.638273541     0.219949786
     7.100000000     1.528116398     1.680990238     0.218251737
     7.110000000     1.624866045     1.724383498     0.216385830
     7.120000000     1.735997462     1.767962626     0.214348810
     7.130000000     1.862547055     1.811119972     0.212140079
     7.140000000     2.005414349     1.853171308     0.209761327
     7.150000000     2.165294005     1.893380137     0.207216202
     7.160000000     2.342602944     1.930957705     0.204510046
     7.170000000     2.537405754     1.965039272     0.201649711
     7.180000000     2.749342235     1.994642075     0.198643461
     7.190000000     2.977561520     2.018610014     0.195500959
     7.200000000     3.220667561     2.035549027     0.192233319
     7.210000000     3.476680807     2.043760862     0.188853222
     7.220000000     3.743020683     2.041189220     0.185375051
     7.230000000     4.016512800     2.025393177     0.181815039
     7.240000000     4.293423815     1.993554649     0.178191390
     7.250000000     4.569525466     1.942518159     0.174524358
     7.260000000     4.840187648     1.868866969     0.170836254
     7.270000000     5.100498511     1.769064521     0.167151375
     7.280000000     5.345407696     1.639717768     0.163495822
     7.290000000     5.569886956     1.478017115     0.159897230
     7.300000000     5.769100953     1.282351777     0.156384375
     7.310000000     5.938579825     1.053000144     0.152986686
     7.320000000     6.074384592     0.792704459     0.149733659
     7.330000000     6.173256471     0.506919798     0.146654197
     7.340000000     6.232741880     0.203598065     0.143775877
     7.350000000     6.251286165    -0.107511050     0.141124189
     7.360000000     6.228290920    -0.415940764     0.138721752
     7.370000000     6.164131946    -0.711769804     0.136587556
     7.380000000     6.060137266    -0.986796954     0.134736237
     7.390000000     5.918527025    -1.235350304     0.133177445
     7.400000000     5.742319304    -1.454548466     0.131915307
     7.410000000     5.535207726    -1.644006285     0.130948042
     7.420000000     5.301418097    -1.805147629     0.130267733
     7.430000000     5.045552142    -1.940370689     0.129860287
     7.440000000     4.772426584    -2.052290743     0.129705603
     7.450000000     4.486915461    -2.143205986     0.129777943
     7.460000000     4.193802730    -2.214847771     0.130046514
     7.470000000     3.897650974    -2.268407254     0.130476244
     7.480000000     3.602690566    -2.304767369     0.131028734
     7.490000000     3.312732054    -2.324815901     0.131663346
     7.500000000     3.031102962    -2.329703234     0.132338398
     7.510000000     2.760608819    -2.320955848     0.133012404
     7.520000000     2.503516967    -2.300436866     0.133645323
     7.530000000     2.261560795    -2.270207145     0.134199743
     7.540000000     2.035961369    -2.232357229     0.134641960
     7.550000000     1.827463083    -2.188861882     0.134942901
     7.560000000     1.636379791    -2.141479471     0.135078844
     7.570000000     1.462648026    -2.091695957     0.135031902
     7.580000000     1.305884126    -2.040702671     0.134790265
     7.590000000     1.165442482    -1.989396597     0.134348178
     7.600000000     1.040472554    -1.938397147     0.133705670
     7.610000000     0.929972768    -1.888079394     0.132868066
     7.620000000     0.832839875    -1.838625626     0.131845294
     7.630000000     0.747912808    -1.790092353     0.130651054
     7.640000000     0.674010442    -1.742481427     0.129301875
     7.650000000     0.609963059    -1.695798644     0.127816144
     7.660000000     0.554637582    -1.650086867     0.126213118
     7.670000000     0.506956896    -1.605431467     0.124512013
     7.680000000     0.465913751    -1.561946377     0.122731174
     7.690000000     0.430579877    -1.519752852     0.120887382
     7.700000000     0.400111005    -1.478959780     0.118995319
     7.710000000     0.373748526    -1.439648493     0.117067187
     7.720000000     0.350818489    -1.401861526     0.115112505
     7.730000000     0.330728623    -1.365595284     0.113138064
     7.740000000     0.312963956    -1.330799064     0.111148013
     7.750000000     0.297081545    -1.297383419     0.109144083
     7.760000000     0.282704730    -1.265237263     0.107125890
     7.770000000     0.269517201    -1.234247711     0.105091310
     7.780000000     0.257257118    -1.204314010     0.103036893
     7.790000000     0.245711408    -1.175350191     0.100958285
     7.800000000     0.234710320    -1.147277739     0.098850647
     7.810000000     0.224122270    -1.120015045     0.096709039
     7.820000000     0.213848972    -1.093471168     0.094528773
     7.830000000     0.203820842    -1.067547805     0.092305710
     7.840000000     0.193992655    -1.042147894     0.090036507
     7.850000000     0.184339441    -1.017185677     0.087718810
     7.860000000     0.174852625    -0.992593409     0.085351396
     7.870000000     0.165536416    -0.968323416     0.082934260
     7.880000000     0.156404466    -0.944347315     0.080468665
     7.890000000     0.147476828    -0.920654604     0.077957146
     7.900000000     0.138777255    -0.897251243     0.075403482
     7.910000000     0.130330848    -0.874157326     0.072812633
     7.920000000     0.122162103    -0.851402830     0.070190650
     7.930000000     0.114293347    -0.829021273     0.067544566
     7.940000000     0.106743571    -0.807042259     0.064882251
     7.950000000     0.099527647    -0.785484785     0.062212266
     7.960000000     0.092655897    -0.764353379     0.059543683
     7.970000000     0.086133969    -0.743638350     0.056885902
     7.980000000     0.079962985    -0.723319916     0.054248455
     7.990000000     0.074139886    -0.703374402     0.051640807
     8.000000000     0.068657937    -0.683780088     0.049072153
     8.010000000     0.063507327    -0.664520855     0.046551226
     8.020000000     0.058675812    -0.645587100     0.044086114
     8.030000000     0.054149371    -0.626974598     0.041684097
     8.040000000     0.049912820    -0.608682466     0.039351507
     8.050000000     0.045950380    -0.590711137     0.037093623
     8.060000000     0.042246168    -0.573060763     0.034914597
     8.070000000     0.038784603    -0.555729973     0.032817422
     8.080000000     0.035550738    -0.538714860     0.030803935
     8.090000000     0.032530498    -0.522008169     0.028874871
     8.100000000     0.029710854    -0.505598998     0.027029944
     8.110000000     0.027079935    -0.489473312     0.025267967
     8.120000000     0.024627085    -0.473615393     0.023587000
     8.130000000     0.022342887    -0.458009846     0.021984516
     8.140000000     0.020219168    -0.442643473     0.020457583
     8.150000000     0.018248993    -0.427506319     0.019003038
     8.160000000     0.016426671    -0.412591631     0.017617664
     8.170000000     0.014747788    -0.397894974     0.016298342
     8.180000000     0.013209275    -0.383413040     0.015042184
     8.190000000     0.011809534    -0.369142636     0.013846636
     8.200000000     0.010548626    -0.355080106     0.012709540
     8.210000000     0.009428542    -0.341221189     0.011629168
     8.220000000     0.008453550    -0.327561139     0.010604222
     8.230000000     0.007630622    -0.314094924     0.009633793
     8.240000000     0.006969942    -0.300817374     0.008717302
     8.250000000     0.006485460    -0.287723209     0.007854418
     8.260000000     0.006195476    -0.274806996     0.007044960
     8.270000000     0.006123213    -0.262063061     0.006288797
     8.280000000     0.006297307    -0.249485434     0.005585747
     8.290000000     0.006752175    -0.237067851     0.004935486
     8.300000000     0.007528152    -0.224803854     0.004337467
     8.310000000     0.008671334    -0.212686975     0.003790863
     8.320000000     0.010233029    -0.200710989     0.003294524
     8.330000000     0.012268736    -0.188870223     0.002846958
     8.340000000     0.014836582    -0.177159922     0.002446335
     8.350000000     0.017995172    -0.165576686     0.002090503
     8.360000000     0.021800846    -0.154119023     0.001777025
     8.370000000     0.026304370    -0.142788072     0.001503226
     8.380000000     0.031547153    -0.131588563     0.001266247
     8.390000000     0.037557124    -0.120530080     0.001063103
     8.400000000     0.044344482    -0.109628736     0.000890745
     8.410000000     0.051897561    -0.098909363     0.000746114
     8.420000000     0.060179105    -0.088408345     0.000626195
     8.430000000     0.069123281    -0.078177215     0.000528059
     8.440000000     0.078633732    -0.068287097     0.000448903
     8.450000000     0.088582981    -0.058833955     0.000386079
     8.460000000     0.098813410    -0.049944348     0.000337113
     8.470000000     0.109139980    -0.041780906     0.000299722
     8.480000000     0.119354727    -0.034545913     0.000271822
     8.490000000     0.129232972    -0.028480162     0.000251533
     8.500000000     0.138541014    -0.023852776     0.000237177
     8.510000000     0.147044988    -0.020936553     0.000227276
     8.520000000     0.154520417    -0.019964004     0.000220545
     8.530000000     0.160761934    -0.021063784     0.000215888
     8.540000000     0.165592570    -0.024187239     0.000212388
     8.550000000     0.168872047    -0.029048555     0.000209299
     8.560000000     0.170503505    -0.035111125     0.000206032
     8.570000000     0.170438227    -0.041644944     0.000202148
     8.580000000     0.168678035    -0.047850555     0.000197345
     8.590000000     0.165275187    -0.053009049     0.000191442
     8.600000000     0.160329790    -0.056602012     0.000184363
     8.610000000     0.153984894    -0.058363260     0.000176125
     8.620000000     0.146419617    -0.058260618     0.000166821
     8.630000000     0.137840744    -0.056433958     0.000156601
     8.640000000     0.128473368    -0.053121846     0.000145655
     8.650000000     0.118551141    -0.048599268     0.000134201
     8.660000000     0.108306737    -0.043135226     0.000122467
     8.670000000     0.097963051    -0.036969373     0.000110680
     8.680000000     0.087725573    -0.030302688     0.000099053
     8.690000000     0.077776286    -0.023296831     0.000087780
     8.700000000     0.068269269    -0.016077941     0.000077025
     8.710000000     0.059328091    -0.008742186     0.000066921
     8.720000000     0.051044924    -0.001361490     0.000057567
     8.730000000     0.043481229     0.006011268     0.000049031
     8.740000000     0.036669764     0.013337884     0.000041346
     8.750000000     0.030617624     0.020591298     0.000034519
     8.760000000     0.025309986     0.027752821     0.000028534
     8.770000000     0.020714258     0.034810001     0.000023352
     8.780000000     0.016784326     0.041754992     0.000018921
     8.790000000     0.013464664     0.048583326     0.000015178
     8.800000000     0.010694098     0.055292996     0.000012055
     8.810000000     0.008409107     0.061883761     0.000009479
     8.820000000     0.006546552     0.068356639     0.000007379
     8.830000000     0.005045828     0.074713522     0.000005688
     8.840000000     0.003850431     0.080956901     0.000004340
     8.850000000     0.002908997     0.087089652     0.000003279
     8.860000000     0.002175876     0.093114889     0.000002453
     8.870000000     0.001611322     0.099035853     0.000001816
     8.880000000     0.001181374     0.104855831     0.000001332
     8.890000000     0.000857530     0.110578096     0.000000967
     8.900000000     0.000616267     0.116205872     0.000000695
     8.910000000     0.000438475     0.121742306     0.000000494
     8.920000000     0.000308872     0.127190446     0.000000348
     8.930000000     0.000215411     0.132553231     0.000000243
     8.940000000     0.000148736     0.137833487     0.000000168
     8.950000000     0.000101676     0.143033924     0.000000115
     8.960000000     0.000068815     0.148157131     0.000000078
     8.970000000     0.000046111     0.153205586     0.000000052
     8.980000000     0.000030590     0.158181652     0.000000034
     8.990000000     0.000020091     0.163087584     0.000000023
     9.000000000     0.000013065     0.167925534     0.000000015
     9.010000000     0.000008411     0.172697553     0.000000009
     9.020000000     0.000005361     0.177405601     0.000000006
     9.030000000     0.000003383     0.182051547     0.000000004
     9.040000000     0.000002114     0.186637175     0.000000002
     9.050000000     0.000001307     0.191164191     0.000000001
     9.060000000     0.000000801     0.195634225     0.000000001
     9.070000000     0.000000485     0.200048838     0.000000001
     9.080000000     0.000000291     0.204409523     0.000000000
     9.090000000     0.000000173     0.208717712     0.000000000
     9.100000000     0.000000102     0.212974779     0.000000000
     9.110000000     0.000000059     0.217182042     0.000000000
     9.120000000     0.000000034     0.221340768     0.000000000
     9.130000000     0.000000020     0.225452175     0.000000000
     9.140000000     0.000000011     0.229517437     0.000000000
     9.150000000     0.000000006     0.233537685     0.000000000
     9.160000000     0.000000004     0.237514011     0.000000000
     9.170000000     0.000000003     0.241447467     0.000000000
     9.180000000     0.000000002     0.245339075     0.000000000
     9.190000000     0.000000003     0.249189819     0.000000000
     9.200000000     0.000000004     0.253000656     0.000000000
     9.210000000     0.000000006     0.256772515     0.000000000
     9.220000000     0.000000011     0.260506296     0.000000000
     9.230000000     0.000000018     0.264202877     0.000000000
     9.240000000     0.000000031     0.267863111     0.000000000
     9.250000000     0.000000051     0.271487832     0.000000001
     9.260000000     0.000000085     0.275077852     0.000000001
     9.270000000     0.000000139     0.278633968     0.000000001
     9.280000000     0.000000225     0.282156958     0.000000002
     9.290000000     0.000000360     0.285647588     0.000000004
     9.300000000     0.000000572     0.289106607     0.000000006
     9.310000000     0.000000898     0.292534755     0.000000009
     9.320000000     0.000001397     0.295932760     0.000000014
     9.330000000     0.000002153     0.299301341     0.000000021
     9.340000000     0.000003283     0.302641209     0.000000032
     9.350000000     0.000004957     0.305953069     0.000000049
     9.360000000     0.000007409     0.309237617     0.000000073
     9.370000000     0.000010965     0.312495550     0.000000108
     9.380000000     0.000016067     0.315727556     0.000000158
     9.390000000     0.000023308     0.318934325     0.000000229
     9.400000000     0.000033475     0.322116542     0.000000328
     9.410000000     0.000047599     0.325274892     0.000000467
     9.420000000     0.000067010     0.328410058     0.000000657
     9.430000000     0.000093397     0.331522721     0.000000916
     9.440000000     0.000128879     0.334613563     0.000001264
     9.450000000     0.000176072     0.337683257     0.000001727
     9.460000000     0.000238153     0.340732474     0.000002336
     9.470000000     0.000318917     0.343761871     0.000003128
     9.480000000     0.000422822     0.346772091     0.000004148
     9.490000000     0.000555001     0.349763749     0.000005444
     9.500000000     0.000721252     0.352737425     0.000007075
     9.510000000     0.000927977     0.355693647     0.000009103
     9.520000000     0.001182074     0.358632863     0.000011596
     9.530000000     0.001490765     0.361555420     0.000014624
     9.540000000     0.001861361     0.364461513     0.000018259
     9.550000000     0.002300961     0.367351136     0.000022572
     9.560000000     0.002816079     0.370224002     0.000027625
     9.570000000     0.003412224     0.373079445     0.000033473
     9.580000000     0.004093429     0.375916286     0.000040155
     9.590000000     0.004861767     0.378732649     0.000047692
     9.600000000     0.005716866     0.381525735     0.000056080
     9.610000000     0.006655473     0.384291508     0.000065288
     9.620000000     0.007671087     0.387024308     0.000075251
     9.630000000     0.008753706     0.389716366     0.000085871
     9.640000000     0.009889721     0.392357221     0.000097015
     9.650000000     0.011061988     0.394933063     0.000108514
     9.660000000     0.012250093     0.397426090     0.000120169
     9.670000000     0.013430823     0.399814016     0.000131751
     9.680000000     0.014578839     0.402070034     0.000143013
     9.690000000     0.015667522     0.404163685     0.000153693
     9.700000000     0.016669967     0.406063232     0.000163526
     9.710000000     0.017560069     0.407740145     0.000172258
     9.720000000     0.018313643     0.409175919     0.000179650
     9.730000000     0.018909512     0.410370418     0.000185495
     9.740000000     0.019330495     0.411349462     0.000189625
     9.750000000     0.019564226     0.412167989     0.000191918
     9.760000000     0.019603762     0.412905539     0.000192306
     9.770000000     0.019447923     0.413653554     0.000190777
     9.780000000     0.019101351     0.414498278     0.000187377
     9.790000000     0.018574281     0.415505607     0.000182207
     9.800000000     0.017882037     0.416713093     0.000175416
     9.810000000     0.017044294     0.418130298     0.000167198
     9.820000000     0.016084149     0.419745064     0.000157780
     9.830000000     0.015027067     0.421531926     0.000147410
     9.840000000     0.013899764     0.423459715     0.000136352
     9.850000000     0.012729099     0.425497002     0.000124868
     9.860000000     0.011541041     0.427615263     0.000113213
     9.870000000     0.010359752     0.429790275     0.000101625
     9.880000000     0.009206843     0.432002383     0.000090316
     9.890000000     0.008100825     0.434236146     0.000079466
     9.900000000     0.007056750     0.436479733     0.000069224
     9.910000000     0.006086075     0.438724251     0.000059702
     9.920000000     0.005196692     0.440963137     0.000050978
     9.930000000     0.004393126     0.443191625     0.000043095
     9.940000000     0.003676863     0.445406322     0.000036069
     9.950000000     0.003046760     0.447604868     0.000029888
     9.960000000     0.002499517     0.449785675     0.000024519
     9.970000000     0.002030163     0.451947725     0.000019915
     9.980000000     0.001632537     0.454090423     0.000016015
     9.990000000     0.001299726     0.456213477     0.000012750
    10.000000000     0.001024467     0.458316820     0.000010050
    10.010000000     0.000799468     0.460400542     0.000007842
    10.020000000     0.000617677     0.462464844     0.000006059
    10.030000000     0.000472475     0.464510006     0.000004635
    10.040000000     0.000357810     0.466536356     0.000003510
    10.050000000     0.000268278     0.468544256     0.000002632
    10.060000000     0.000199146     0.470534085     0.000001954
    10.070000000     0.000146359     0.472506232     0.000001436
    10.080000000     0.000106493     0.474461085     0.000001045
    10.090000000     0.000076715     0.476399029     0.000000753
    10.100000000     0.000054714     0.478320442     0.000000537
    10.110000000     0.000038634     0.480225692     0.000000379
    10.120000000     0.000027009     0.482115133     0.000000265
    10.130000000     0.000018693     0.483989111     0.000000183
    10.140000000     0.000012810     0.485847956     0.000000126
    10.150000000     0.000008690     0.487691986     0.000000085
    10.160000000     0.000005837     0.489521506     0.000000057
    10.170000000     0.000003882     0.491336809     0.000000038
    10.180000000     0.000002556     0.493138176     0.000000025
    10.190000000     0.000001666     0.494925877     0.000000016
    10.200000000     0.000001075     0.496700167     0.000000011
    10.210000000     0.000000687     0.498461296     0.000000007
    10.220000000     0.000000434     0.500209500     0.000000004
    10.230000000     0.000000272     0.501945006     0.000000003
    10.240000000     0.000000169     0.503668034     0.000000002
    10.250000000     0.000000104     0.505378793     0.000000001
    10.260000000     0.000000063     0.507077486     0.000000001
    10.270000000     0.000000038     0.508764306     0.000000000
    10.280000000     0.000000023     0.510439441     0.000000000
    10.290000000     0.000000013     0.512103071     0.000000000
    10.300000000     0.000000008     0.513755370     0.000000000
    10.310000000     0.000000004     0.515396507     0.000000000
    10.320000000     0.000000003     0.517026642     0.000000000
    10.330000000     0.000000001     0.518645935     0.000000000
    10.340000000     0.000000001     0.520254536     0.000000000
    10.350000000     0.000000000     0.521852591     0.000000000
    10.360000000     0.000000000     0.523440245     0.000000000
    10.370000000     0.000000000     0.525017635     0.000000000
    10.380000000     0.000000000     0.526584895     0.000000000
    10.390000000     0.000000000     0.528142155     0.000000000
    10.400000000     0.000000000     0.529689542     0.000000000
    10.410000000     0.000000000     0.531227179     0.000000000
    10.420000000     0.000000000     0.532755186     0.000000000
    10.430000000     0.000000000     0.534273679     0.000000000
    10.440000000     0.000000000     0.535782773     0.000000000
    10.450000000     0.000000000     0.537282577     0.000000000
    10.460000000     0.000000000     0.538773200     0.000000000
    10.470000000     0.000000000     0.540254747     0.000000000
    10.480000000     0.000000000     0.541727321     0.000000000
    10.490000000     0.000000000     0.543191023     0.000000000
    10.500000000     0.000000000     0.544645951     0.000000000
    10.510000000     0.000000000     0.546092201     0.000000000
    10.520000000     0.000000000     0.547529867     0.000000000
    10.530000000     0.000000000     0.548959041     0.000000000
    10.540000000     0.000000000     0.550379813     0.000000000
    10.550000000     0.000000000     0.551792271     0.000000000
    10.560000000     0.000000000     0.553196502     0.000000000
    10.570000000     0.000000000     0.554592589     0.000000000
    10.580000000     0.000000000     0.555980617     0.000000000
    10.590000000     0.000000000     0.557360667     0.000000000
    10.600000000     0.000000000     0.558732818     0.000000000
    10.610000000     0.000000000     0.560097150     0.000000000
    10.620000000     0.000000000     0.561453738     0.000000000
    10.630000000     0.000000000     0.562802658     0.000000000
    10.640000000     0.000000000     0.564143986     0.000000000
    10.650000000     0.000000000     0.565477793     0.000000000
    10.660000000     0.000000000     0.566804151     0.000000000
    10.670000000     0.000000000     0.568123132     0.000000000
    10.680000000     0.000000000     0.569434803     0.000000000
    10.690000000     0.000000000     0.570739234     0.000000000
    10.700000000     0.000000000     0.572036491     0.000000000
    10.710000000     0.000000000     0.573326640     0.000000000
    10.720000000     0.000000000     0.574609747     0.000000000
    10.730000000     0.000000000     0.575885875     0.000000000
    10.740000000     0.000000000     0.577155087     0.000000000
    10.750000000     0.000000000     0.578417444     0.000000000
    10.760000000     0.000000000     0.579673009     0.000000000
    10.770000000     0.000000000     0.580921841     0.000000000
    10.780000000     0.000000000     0.582163999     0.000000000
    10.790000000     0.000000000     0.583399542     0.000000000
    10.800000000     0.000000000     0.584628527     0.000000000
    10.810000000     0.000000000     0.585851011     0.000000000
    10.820000000     0.000000000     0.587067050     0.000000000
    10.830000000     0.000000000     0.588276698     0.000000000
    10.840000000     0.000000000     0.589480011     0.000000000
    10.850000000     0.000000000     0.590677042     0.000000000
    10.860000000     0.000000000     0.591867843     0.000000000
    10.870000000     0.000000000     0.593052467     0.000000000
    10.880000000     0.000000000     0.594230966     0.000000000
    10.890000000     0.000000000     0.595403389     0.000000000
    10.900000000     0.000000000     0.596569788     0.000000000
    10.910000000     0.000000000     0.597730211     0.000000000
    10.920000000     0.000000000     0.598884708     0.000000000
    10.930000000     0.000000000     0.600033326     0.000000000
    10.940000000     0.000000000     0.601176113     0.000000000
    10.950000000     0.000000000     0.602313117     0.000000000
    10.960000000     0.000000000     0.603444383     0.000000000
    10.970000000     0.000000000     0.604569958     0.000000000
    10.980000000     0.000000000     0.605689886     0.000000000
    10.990000000     0.000000000     0.606804212     0.000000000
    11.000000000     0.000000000     0.607912981     0.000000000
