 # Column 1: omega
 # Column 2: eps2(omega)
 # Column 3: eps1(omega)
 # Column 4: JDOS(omega)
     0.000000000     0.000000000     3.944797794     0.000000000
     0.010000000     0.000000000     3.944810040     0.000000000
     0.020000000     0.000000000     3.944846781     0.000000000
     0.030000000     0.000000000     3.944908019     0.000000000
     0.040000000     0.000000000     3.944993757     0.000000000
     0.050000000     0.000000000     3.945104003     0.000000000
     0.060000000     0.000000000     3.945238763     0.000000000
     0.070000000     0.000000000     3.945398046     0.000000000
     0.080000000     0.000000000     3.945581865     0.000000000
     0.090000000     0.000000000     3.945790231     0.000000000
     0.100000000     0.000000000     3.946023160     0.000000000
     0.110000000     0.000000000     3.946280666     0.000000000
     0.120000000     0.000000000     3.946562769     0.000000000
     0.130000000     0.000000000     3.946869487     0.000000000
     0.140000000     0.000000000     3.947200842     0.000000000
     0.150000000     0.000000000     3.947556857     0.000000000
     0.160000000     0.000000000     3.947937558     0.000000000
     0.170000000     0.000000000     3.948342969     0.000000000
     0.180000000     0.000000000     3.948773121     0.000000000
     0.190000000     0.000000000     3.949228043     0.000000000
     0.200000000     0.000000000     3.949707766     0.000000000
     0.210000000     0.000000000     3.950212325     0.000000000
     0.220000000     0.000000000     3.950741755     0.000000000
     0.230000000     0.000000000     3.951296093     0.000000000
     0.240000000     0.000000000     3.951875379     0.000000000
     0.250000000     0.000000000     3.952479654     0.000000000
     0.260000000     0.000000000     3.953108960     0.000000000
     0.270000000     0.000000000     3.953763341     0.000000000
     0.280000000     0.000000000     3.954442846     0.000000000
     0.290000000     0.000000000     3.955147522     0.000000000
     0.300000000     0.000000000     3.955877420     0.000000000
     0.310000000     0.000000000     3.956632592     0.000000000
     0.320000000     0.000000000     3.957413092     0.000000000
     0.330000000     0.000000000     3.958218977     0.000000000
     0.340000000     0.000000000     3.959050306     0.000000000
     0.350000000     0.000000000     3.959907137     0.000000000
     0.360000000     0.000000000     3.960789535     0.000000000
     0.370000000     0.000000000     3.961697563     0.000000000
     0.380000000     0.000000000     3.962631288     0.000000000
     0.390000000     0.000000000     3.963590779     0.000000000
     0.400000000     0.000000000     3.964576106     0.000000000
     0.410000000     0.000000000     3.965587343     0.000000000
     0.420000000     0.000000000     3.966624564     0.000000000
     0.430000000     0.000000000     3.967687848     0.000000000
     0.440000000     0.000000000     3.968777273     0.000000000
     0.450000000     0.000000000     3.969892922     0.000000000
     0.460000000     0.000000000     3.971034879     0.000000000
     0.470000000     0.000000000     3.972203230     0.000000000
     0.480000000     0.000000000     3.973398066     0.000000000
     0.490000000     0.000000000     3.974619477     0.000000000
     0.500000000     0.000000000     3.975867557     0.000000000
     0.510000000     0.000000000     3.977142402     0.000000000
     0.520000000     0.000000000     3.978444113     0.000000000
     0.530000000     0.000000000     3.979772790     0.000000000
     0.540000000     0.000000000     3.981128537     0.000000000
     0.550000000     0.000000000     3.982511463     0.000000000
     0.560000000     0.000000000     3.983921675     0.000000000
     0.570000000     0.000000000     3.985359288     0.000000000
     0.580000000     0.000000000     3.986824416     0.000000000
     0.590000000     0.000000000     3.988317177     0.000000000
     0.600000000     0.000000000     3.989837692     0.000000000
     0.610000000     0.000000000     3.991386087     0.000000000
     0.620000000     0.000000000     3.992962488     0.000000000
     0.630000000     0.000000000     3.994567025     0.000000000
     0.640000000     0.000000000     3.996199832     0.000000000
     0.650000000     0.000000000     3.997861047     0.000000000
     0.660000000     0.000000000     3.999550809     0.000000000
     0.670000000     0.000000000     4.001269261     0.000000000
     0.680000000     0.000000000     4.003016552     0.000000000
     0.690000000     0.000000000     4.004792832     0.000000000
     0.700000000     0.000000000     4.006598255     0.000000000
     0.710000000     0.000000000     4.008432979     0.000000000
     0.720000000     0.000000000     4.010297166     0.000000000
     0.730000000     0.000000000     4.012190984     0.000000000
     0.740000000     0.000000000     4.014114600     0.000000000
     0.750000000     0.000000000     4.016068190     0.000000000
     0.760000000     0.000000000     4.018051931     0.000000000
     0.770000000     0.000000000     4.020066007     0.000000000
     0.780000000     0.000000000     4.022110605     0.000000000
     0.790000000     0.000000000     4.024185916     0.000000000
     0.800000000     0.000000000     4.026292138     0.000000000
     0.810000000     0.000000000     4.028429471     0.000000000
     0.820000000     0.000000000     4.030598121     0.000000000
     0.830000000     0.000000000     4.032798301     0.000000000
     0.840000000     0.000000000     4.035030228     0.000000000
     0.850000000     0.000000000     4.037294123     0.000000000
     0.860000000     0.000000000     4.039590214     0.000000000
     0.870000000     0.000000000     4.041918736     0.000000000
     0.880000000     0.000000000     4.044279928     0.000000000
     0.890000000     0.000000000     4.046674035     0.000000000
     0.900000000     0.000000000     4.049101311     0.000000000
     0.910000000     0.000000000     4.051562015     0.000000000
     0.920000000     0.000000000     4.054056411     0.000000000
     0.930000000     0.000000000     4.056584772     0.000000000
     0.940000000     0.000000000     4.059147380     0.000000000
     0.950000000     0.000000000     4.061744520     0.000000000
     0.960000000     0.000000000     4.064376489     0.000000000
     0.970000000     0.000000000     4.067043591     0.000000000
     0.980000000     0.000000000     4.069746137     0.000000000
     0.990000000     0.000000000     4.072484447     0.000000000
     1.000000000     0.000000000     4.075258852     0.000000000
     1.010000000     0.000000000     4.078069690     0.000000000
     1.020000000     0.000000000     4.080917310     0.000000000
     1.030000000     0.000000000     4.083802072     0.000000000
     1.040000000     0.000000000     4.086724344     0.000000000
     1.050000000     0.000000000     4.089684508     0.000000000
     1.060000000     0.000000000     4.092682954     0.000000000
     1.070000000     0.000000000     4.095720088     0.000000000
     1.080000000     0.000000000     4.098796324     0.000000000
     1.090000000     0.000000000     4.101912094     0.000000000
     1.100000000     0.000000000     4.105067838     0.000000000
     1.110000000     0.000000000     4.108264014     0.000000000
     1.120000000     0.000000000     4.111501094     0.000000000
     1.130000000     0.000000000     4.114779564     0.000000000
     1.140000000     0.000000000     4.118099929     0.000000000
     1.150000000     0.000000000     4.121462707     0.000000000
     1.160000000     0.000000001     4.124868438     0.000000000
     1.170000000     0.000000001     4.128317677     0.000000000
     1.180000000     0.000000002     4.131811001     0.000000001
     1.190000000     0.000000003     4.135349005     0.000000001
     1.200000000     0.000000005     4.138932309     0.000000002
     1.210000000     0.000000009     4.142561551     0.000000004
     1.220000000     0.000000014     4.146237398     0.000000006
     1.230000000     0.000000022     4.149960538     0.000000009
     1.240000000     0.000000034     4.153731687     0.000000015
     1.250000000     0.000000053     4.157551589     0.000000023
     1.260000000     0.000000081     4.161421016     0.000000035
     1.270000000     0.000000123     4.165340772     0.000000054
     1.280000000     0.000000185     4.169311694     0.000000082
     1.290000000     0.000000276     4.173334653     0.000000123
     1.300000000     0.000000407     4.177410555     0.000000182
     1.310000000     0.000000595     4.181540348     0.000000268
     1.320000000     0.000000861     4.185725017     0.000000389
     1.330000000     0.000001234     4.189965594     0.000000561
     1.340000000     0.000001752     4.194263153     0.000000800
     1.350000000     0.000002464     4.198618820     0.000001130
     1.360000000     0.000003432     4.203033771     0.000001579
     1.370000000     0.000004736     4.207509235     0.000002187
     1.380000000     0.000006476     4.212046503     0.000002997
     1.390000000     0.000008775     4.216646923     0.000004069
     1.400000000     0.000011789     4.221311910     0.000005469
     1.410000000     0.000015702     4.226042950     0.000007279
     1.420000000     0.000020746     4.230841599     0.000009594
     1.430000000     0.000027198     4.235709492     0.000012522
     1.440000000     0.000035398     4.240648346     0.000016184
     1.450000000     0.000045760     4.245659964     0.000020715
     1.460000000     0.000058798     4.250746240     0.000026259
     1.470000000     0.000075147     4.255909162     0.000032966
     1.480000000     0.000095609     4.261150821     0.000040992
     1.490000000     0.000121205     4.266473407     0.000050487
     1.500000000     0.000153249     4.271879220     0.000061596
     1.510000000     0.000193451     4.277370666     0.000074448
     1.520000000     0.000244047     4.282950259     0.000089150
     1.530000000     0.000307968     4.288620624     0.000105785
     1.540000000     0.000389063     4.294384484     0.000124401
     1.550000000     0.000492362     4.300244658     0.000145010
     1.560000000     0.000624407     4.306204048     0.000167589
     1.570000000     0.000793634     4.312265620     0.000192078
     1.580000000     0.001010819     4.318432383     0.000218393
     1.590000000     0.001289577     4.324707369     0.000246426
     1.600000000     0.001646893     4.331093609     0.000276071
     1.610000000     0.002103683     4.337594128     0.000307232
     1.620000000     0.002685332     4.344211961     0.000339856
     1.630000000     0.003422199     4.350950219     0.000373953
     1.640000000     0.004350012     4.357812200     0.000409625
     1.650000000     0.005510119     4.364801559     0.000447102
     1.660000000     0.006949525     4.371922461     0.000486763
     1.670000000     0.008720650     4.379179647     0.000529173
     1.680000000     0.010880746     4.386578234     0.000575105
     1.690000000     0.013490920     4.394123199     0.000625561
     1.700000000     0.016614718     4.401818504     0.000681792
     1.710000000     0.020316256     4.409666036     0.000745303
     1.720000000     0.024657891     4.417664488     0.000817862
     1.730000000     0.029697491     4.425808278     0.000901494
     1.740000000     0.035485360     4.434086428     0.000998469
     1.750000000     0.042060956     4.442481225     0.001111290
     1.760000000     0.049449535     4.450966478     0.001242663
     1.770000000     0.057658922     4.459505248     0.001395470
     1.780000000     0.066676608     4.468047010     0.001572726
     1.790000000     0.076467407     4.476524346     0.001777540
     1.800000000     0.086971870     4.484849475     0.002013060
     1.810000000     0.098105667     4.492911151     0.002282413
     1.820000000     0.109760084     4.500572846     0.002588640
     1.830000000     0.121803732     4.507673417     0.002934624
     1.840000000     0.134085502     4.514031691     0.003323009
     1.850000000     0.146438702     4.519456363     0.003756119
     1.860000000     0.158686252     4.523762163     0.004235865
     1.870000000     0.170646718     4.526792486     0.004763666
     1.880000000     0.182140895     4.528447261     0.005340361
     1.890000000     0.192998603     4.528712342     0.005966136
     1.900000000     0.203065333     4.527683079     0.006640466
     1.910000000     0.212208362     4.525571770     0.007362070
     1.920000000     0.220321985     4.522690730     0.008128890
     1.930000000     0.227331570     4.519411796     0.008938107
     1.940000000     0.233196186     4.516114345     0.009786177
     1.950000000     0.237909683     4.513137900     0.010668904
     1.960000000     0.241500150     4.510749508     0.011581546
     1.970000000     0.244027825     4.509127542     0.012518952
     1.980000000     0.245581600     4.508360240     0.013475720
     1.990000000     0.246274340     4.508457789     0.014446380
     2.000000000     0.246237326     4.509375515     0.015425584
     2.010000000     0.245614144     4.511041515     0.016408299
     2.020000000     0.244554377     4.513379152     0.017389994
     2.030000000     0.243207440     4.516317506     0.018366805
     2.040000000     0.241716866     4.519789927     0.019335688
     2.050000000     0.240215324     4.523727089     0.020294520
     2.060000000     0.238820547     4.528051917     0.021242184
     2.070000000     0.237632322     4.532679865     0.022178603
     2.080000000     0.236730585     4.537523041     0.023104735
     2.090000000     0.236174610     4.542494348     0.024022543
     2.100000000     0.236003219     4.547509075     0.024934914
     2.110000000     0.236235863     4.552484735     0.025845568
     2.120000000     0.236874409     4.557342274     0.026758937
     2.130000000     0.237905423     4.562011203     0.027680026
     2.140000000     0.239302738     4.566438138     0.028614274
     2.150000000     0.241030091     4.570595129     0.029567393
     2.160000000     0.243043644     4.574483445     0.030545223
     2.170000000     0.245294221     4.578130958     0.031553567
     2.180000000     0.247729158     4.581585089     0.032598037
     2.190000000     0.250293684     4.584905108     0.033683895
     2.200000000     0.252931832     4.588155910     0.034815889
     2.210000000     0.255586909     4.591402028     0.035998088
     2.220000000     0.258201611     4.594699577     0.037233717
     2.230000000     0.260717913     4.598086399     0.038524991
     2.240000000     0.263076863     4.601574422     0.039872952
     2.250000000     0.265218460     4.605148601     0.041277311
     2.260000000     0.267081734     4.608772422     0.042736316
     2.270000000     0.268605184     4.612394667     0.044246633
     2.280000000     0.269727629     4.615951584     0.045803272
     2.290000000     0.270389531     4.619364161     0.047399548
     2.300000000     0.270534756     4.622537180     0.049027096
     2.310000000     0.270112706     4.625368765     0.050675952
     2.320000000     0.269080674     4.627774079     0.052334688
     2.330000000     0.267406274     4.629718326     0.053990620
     2.340000000     0.265069733     4.631247287     0.055630076
     2.350000000     0.262065840     4.632502017     0.057238723
     2.360000000     0.258405370     4.633709109     0.058801940
     2.370000000     0.254115807     4.635147307     0.060305228
     2.380000000     0.249241271     4.637100720     0.061734631
     2.390000000     0.243841574     4.639813100     0.063077165
     2.400000000     0.237990432     4.643454881     0.064321208
     2.410000000     0.231772915     4.648108127     0.065456861
     2.420000000     0.225282248     4.653768633     0.066476238
     2.430000000     0.218616183     4.660361086     0.067373672
     2.440000000     0.211873122     4.667761869     0.068145834
     2.450000000     0.205148250     4.675823899     0.068791738
     2.460000000     0.198529888     4.684398735     0.069312649
     2.470000000     0.192096265     4.693352833     0.069711878
     2.480000000     0.185912890     4.702576886     0.069994485
     2.490000000     0.180030628     4.711988992     0.070166898
     2.500000000     0.174484556     4.721533400     0.070236479
     2.510000000     0.169293620     4.731176538     0.070211041
     2.520000000     0.164461048     4.740901317     0.070098361
     2.530000000     0.159975454     4.750700211     0.069905712
     2.540000000     0.155812536     4.760567887     0.069639435
     2.550000000     0.151937213     4.770494900     0.069304578
     2.560000000     0.148306099     4.780464329     0.068904631
     2.570000000     0.144870140     4.790452691     0.068441358
     2.580000000     0.141577299     4.800435242     0.067914744
     2.590000000     0.138375163     4.810394156     0.067323058
     2.600000000     0.135213359     4.820326805     0.066663027
     2.610000000     0.132045698     4.830250790     0.065930108
     2.620000000     0.128831978     4.840203218     0.065118843
     2.630000000     0.125539396     4.850234134     0.064223275
     2.640000000     0.122143556     4.860397128     0.063237410
     2.650000000     0.118629036     4.870741752     0.062155682
     2.660000000     0.114989554     4.881310929     0.060973418
     2.670000000     0.111227739     4.892143071     0.059687258
     2.680000000     0.107354541     4.903275759     0.058295532
     2.690000000     0.103388346     4.914747346     0.056798553
     2.700000000     0.099353838     4.926594613     0.055198836
     2.710000000     0.095280687     4.938847042     0.053501218
     2.720000000     0.091202112     4.951520148     0.051712886
     2.730000000     0.087153416     4.964610920     0.049843306
     2.740000000     0.083170529     4.978097507     0.047904062
     2.750000000     0.079288640     4.991943537     0.045908620
     2.760000000     0.075540966     5.006105622     0.043872010
     2.770000000     0.071957688     5.020541640     0.041810461
     2.780000000     0.068565095     5.035217373     0.039740990
     2.790000000     0.065384954     5.050109790     0.037680961
     2.800000000     0.062434099     5.065206385     0.035647643
     2.810000000     0.059724252     5.080501329     0.033657766
     2.820000000     0.057262041     5.095990289     0.031727103
     2.830000000     0.055049221     5.111666199     0.029870089
     2.840000000     0.053083047     5.127517612     0.028099484
     2.850000000     0.051356795     5.143530048     0.026426100
     2.860000000     0.049860386     5.159689455     0.024858591
     2.870000000     0.048581099     5.175985926     0.023403318
     2.880000000     0.047504345     5.192415595     0.022064291
     2.890000000     0.046614468     5.208979462     0.020843179
     2.900000000     0.045895572     5.225679690     0.019739406
     2.910000000     0.045332325     5.242515605     0.018750296
     2.920000000     0.044910741     5.259481969     0.017871299
     2.930000000     0.044618897     5.276570817     0.017096247
     2.940000000     0.044447580     5.293776090     0.016417660
     2.950000000     0.044390812     5.311098816     0.015827079
     2.960000000     0.044446252     5.328550273     0.015315403
     2.970000000     0.044615430     5.346151532     0.014873238
     2.980000000     0.044903804     5.363929491     0.014491226
     2.990000000     0.045320605     5.381911277     0.014160358
     3.000000000     0.045878484     5.400119593     0.013872252
     3.010000000     0.046592940     5.418570847     0.013619387
     3.020000000     0.047481552     5.437276203     0.013395301
     3.030000000     0.048563044     5.456244219     0.013194730
     3.040000000     0.049856224     5.475483147     0.013013699
     3.050000000     0.051378841     5.495001310     0.012849563
     3.060000000     0.053146450     5.514805015     0.012701001
     3.070000000     0.055171337     5.534894829     0.012567960
     3.080000000     0.057461594     5.555261827     0.012451566
     3.090000000     0.060020424     5.575885239     0.012354002
     3.100000000     0.062845725     5.596731849     0.012278355
     3.110000000     0.065930036     5.617756737     0.012228458
     3.120000000     0.069260840     5.638905011     0.012208708
     3.130000000     0.072821267     5.660114849     0.012223894
     3.140000000     0.076591147     5.681322726     0.012279015
     3.150000000     0.080548377     5.702471451     0.012379119
     3.160000000     0.084670516     5.723520431     0.012529152
     3.170000000     0.088936510     5.744455652     0.012733814
     3.180000000     0.093328418     5.765295366     0.012997451
     3.190000000     0.097833010     5.786087860     0.013323950
     3.200000000     0.102443109     5.806900840     0.013716670
     3.210000000     0.107158550     5.827806769     0.014178379
     3.220000000     0.111986654     5.848871569     0.014711231
     3.230000000     0.116942160     5.870152354     0.015316744
     3.240000000     0.122046562     5.891703500     0.015995814
     3.250000000     0.127326882     5.913583918     0.016748739
     3.260000000     0.132813917     5.935857100     0.017575270
     3.270000000     0.138540074     5.958580760     0.018474673
     3.280000000     0.144536919     5.981790687     0.019445813
     3.290000000     0.150832604     6.005487392     0.020487245
     3.300000000     0.157449368     6.029631808     0.021597325
     3.310000000     0.164401285     6.054150526     0.022774319
     3.320000000     0.171692443     6.078946961     0.024016514
     3.330000000     0.179315710     6.103914092     0.025322329
     3.340000000     0.187252207     6.128945668     0.026690406
     3.350000000     0.195471544     6.153943909     0.028119690
     3.360000000     0.203932863     6.178822831     0.029609477
     3.370000000     0.212586632     6.203507926     0.031159440
     3.380000000     0.221377108     6.227935115     0.032769618
     3.390000000     0.230245329     6.252053132     0.034440373
     3.400000000     0.239132460     6.275832305     0.036172319
     3.410000000     0.247983290     6.299278841     0.037966217
     3.420000000     0.256749662     6.322449335     0.039822865
     3.430000000     0.265393636     6.345457652     0.041742961
     3.440000000     0.273890175     6.368467581     0.043726987
     3.450000000     0.282229201     6.391669848     0.045775086
     3.460000000     0.290416889     6.415249249     0.047886981
     3.470000000     0.298476121     6.439352863     0.050061917
     3.480000000     0.306446065     6.464070208     0.052298645
     3.490000000     0.314380896     6.489430862     0.054595458
     3.500000000     0.322347715     6.515417846     0.056950261
     3.510000000     0.330423764     6.541989602     0.059360697
     3.520000000     0.338693066     6.569101695     0.061824293
     3.530000000     0.347242635     6.596721370     0.064338647
     3.540000000     0.356158424     6.624832196     0.066901612
     3.550000000     0.365521167     6.653429959     0.069511491
     3.560000000     0.375402310     6.682513114     0.072167210
     3.570000000     0.385860156     6.712071369     0.074868460
     3.580000000     0.396936423     6.742075190     0.077615800
     3.590000000     0.408653313     6.772468170     0.080410710
     3.600000000     0.421011257     6.803163759     0.083255582
     3.610000000     0.433987430     6.834047625     0.086153648
     3.620000000     0.447535126     6.864986388     0.089108850
     3.630000000     0.461584082     6.895842358     0.092125648
     3.640000000     0.476041782     6.926491890     0.095208772
     3.650000000     0.490795771     6.956842838     0.098362933
     3.660000000     0.505716941     6.986845783     0.101592496
     3.670000000     0.520663748     7.016495335     0.104901132
     3.680000000     0.535487237     7.045820972     0.108291453
     3.690000000     0.550036720     7.074869894     0.111764663
     3.700000000     0.564165892     7.103686578     0.115320217
     3.710000000     0.577739133     7.132295868     0.118955516
     3.720000000     0.590637686     7.160697571     0.122665652
     3.730000000     0.602765386     7.188878643     0.126443210
     3.740000000     0.614053598     7.216842709     0.130278146
     3.750000000     0.624465039     7.244648138     0.134157748
     3.760000000     0.633996179     7.272439835     0.138066691
     3.770000000     0.642678013     7.300460427     0.141987187
     3.780000000     0.650575042     7.329034307     0.145899235
     3.790000000     0.657782450     7.358529399     0.149780971
     3.800000000     0.664421566     7.389309906     0.153609098
     3.810000000     0.670633833     7.421694046     0.157359403
     3.820000000     0.676573640     7.455924505     0.161007326
     3.830000000     0.682400481     7.492151648     0.164528574
     3.840000000     0.688270952     7.530425327     0.167899751
     3.850000000     0.694331187     7.570691214     0.171098979
     3.860000000     0.700710281     7.612789861     0.174106483
     3.870000000     0.707515204     7.656459302     0.176905124
     3.880000000     0.714827619     7.701344690     0.179480850
     3.890000000     0.722702850     7.747020296     0.181823046
     3.900000000     0.731171076     7.793028575     0.183924781
     3.910000000     0.740240639     7.838936585     0.185782931
     3.920000000     0.749903166     7.884402615     0.187398194
     3.930000000     0.760140018     7.929238637     0.188774989
     3.940000000     0.770929474     7.973450542     0.189921255
     3.950000000     0.782253943     8.017240808     0.190848176
     3.960000000     0.794106521     8.060968263     0.191569836
     3.970000000     0.806496199     8.105075389     0.192102843
     3.980000000     0.819451199     8.150008528     0.192465934
     3.990000000     0.833020016     8.196160180     0.192679580
     4.000000000     0.847269989     8.243849439     0.192765623
     4.010000000     0.862283438     8.293333051     0.192746942
     4.020000000     0.878151616     8.344821220     0.192647162
     4.030000000     0.894966950     8.398472179     0.192490405
     4.040000000     0.912814200     8.454357745     0.192301092
     4.050000000     0.931761286     8.512415900     0.192103751
     4.060000000     0.951850576     8.572419011     0.191922860
     4.070000000     0.973091387     8.633979358     0.191782666
     4.080000000     0.995454410     8.696593790     0.191706992
     4.090000000     1.018868551     8.759711309     0.191718983
     4.100000000     1.043220550     8.822801856     0.191840806
     4.110000000     1.068357485     8.885411265     0.192093259
     4.120000000     1.094092059     8.947199228     0.192495312
     4.130000000     1.120210366     9.007965749     0.193063560
     4.140000000     1.146481644     9.067672361     0.193811606
     4.150000000     1.172669420     9.126458074     0.194749393
     4.160000000     1.198543374     9.184642059     0.195882511
     4.170000000     1.223891242     9.242702187     0.197211500
     4.180000000     1.248530121     9.301224245     0.198731215
     4.190000000     1.272316644     9.360828562     0.200430263
     4.200000000     1.295155602     9.422091224     0.202290584
     4.210000000     1.317006722     9.485479261     0.204287207
     4.220000000     1.337889466     9.551313105     0.206388224
     4.230000000     1.357885807     9.619761202     0.208555016
     4.240000000     1.377141037     9.690864966     0.210742752
     4.250000000     1.395862714     9.764586521     0.212901184
     4.260000000     1.414317879     9.840865851     0.214975727
     4.270000000     1.432828650     9.919670790     0.216908801
     4.280000000     1.451766273    10.001026542     0.218641429
     4.290000000     1.471543694    10.085020569     0.220115004
     4.300000000     1.492606657    10.171788530     0.221273200
     4.310000000     1.515423368    10.261492161     0.222063919
     4.320000000     1.540472771    10.354299260     0.222441215
     4.330000000     1.568231571    10.450371102     0.222367089
     4.340000000     1.599160266    10.549857159     0.221813072
     4.350000000     1.633688587    10.652893680     0.220761518
     4.360000000     1.672200920    10.759601264     0.219206524
     4.370000000     1.715022466    10.870074690     0.217154431
     4.380000000     1.762407035    10.984357160     0.214623865
     4.390000000     1.814527477    11.102395395     0.211645305
     4.400000000     1.871469782    11.223983251     0.208260193
     4.410000000     1.933231840    11.348712321     0.204519622
     4.420000000     1.999727690    11.475950531     0.200482658
     4.430000000     2.070797865    11.604863506     0.196214384
     4.440000000     2.146226098    11.734483547     0.191783750
     4.450000000     2.225762280    11.863820303     0.187261344
     4.460000000     2.309151146    11.991995161     0.182717178
     4.470000000     2.396165722    12.118370517     0.178218596
     4.480000000     2.486644200    12.242643736     0.173828404
     4.490000000     2.580528586    12.364890669     0.169603281
     4.500000000     2.677903219    12.485569602     0.165592544
     4.510000000     2.779031187    12.605513741     0.161837294
     4.520000000     2.884386619    12.725929054     0.158369962
     4.530000000     2.994680995    12.848375373     0.155214241
     4.540000000     3.110881813    12.974674218     0.152385380
     4.550000000     3.234222258    13.106699418     0.149890797
     4.560000000     3.366200852    13.246073857     0.147730944
     4.570000000     3.508570470    13.393869553     0.145900374
     4.580000000     3.663316470    13.550424945     0.144388929
     4.590000000     3.832624060    13.715338269     0.143182982
     4.600000000     4.018835391    13.887616133     0.142266677
     4.610000000     4.224397225    14.065907988     0.141623095
     4.620000000     4.451800341    14.248755115     0.141235305
     4.630000000     4.703512208    14.434805361     0.141087264
     4.640000000     4.981904831    14.622965373     0.141164532
     4.650000000     5.289180018    14.812467046     0.141454782
     4.660000000     5.627294731    15.002818366     0.141948118
     4.670000000     5.997889537    15.193613427     0.142637178
     4.680000000     6.402223490    15.384216347     0.143517059
     4.690000000     6.841118967    15.573400551     0.144585079
     4.700000000     7.314920045    15.759070040     0.145840390
     4.710000000     7.823467805    15.938171532     0.147283496
     4.720000000     8.366095508    16.106836509     0.148915695
     4.730000000     8.941645845    16.260715819     0.150738489
     4.740000000     9.548511381    16.395415657     0.152752992
     4.750000000    10.184698024    16.506912644     0.154959379
     4.760000000    10.847909741    16.591821003     0.157356399
     4.770000000    11.535651147    16.647431122     0.159940972
     4.780000000    12.245342877    16.671548522     0.162707905
     4.790000000    12.974443224    16.662289347     0.165649728
     4.800000000    13.720568308    16.618039293     0.168756647
     4.810000000    14.481602352    16.537697943     0.172016630
     4.820000000    15.255789491    16.421152449     0.175415604
     4.830000000    16.041799055    16.269771085     0.178937747
     4.840000000    16.838757431    16.086677894     0.182565862
     4.850000000    17.646241411    15.876668361     0.186281804
     4.860000000    18.464230268    15.645762149     0.190066933
     4.870000000    19.293016462    15.400467271     0.193902575
     4.880000000    20.133077758    15.146845684     0.197770459
     4.890000000    20.984916332    14.889486414     0.201653118
     4.900000000    21.848872987    14.630537624     0.205534226
     4.910000000    22.724926652    14.368987904     0.209398863
     4.920000000    23.612490820    14.100379675     0.213233710
     4.930000000    24.510219243    13.817075990     0.217027148
     4.940000000    25.415833181    13.509094195     0.220769288
     4.950000000    26.325981662    13.165389241     0.224451915
     4.960000000    27.236144717    12.775362041     0.228068369
     4.970000000    28.140587482    12.330319793     0.231613365
     4.980000000    29.032370578    11.824613035     0.235082765
     4.990000000    29.903419422    11.256187575     0.238473311
     5.000000000    30.744652261    10.626346164     0.241782334
     5.010000000    31.546163900     9.938697094     0.245007453
     5.020000000    32.297459425     9.197581802     0.248146266
     5.030000000    32.987729782     8.406554875     0.251196049
     5.040000000    33.606159047     7.567508924     0.254153482
     5.050000000    34.142251551     6.680738740     0.257014394
     5.060000000    34.586165843     5.745823507     0.259773553
     5.070000000    34.929041866     4.762942579     0.262424513
     5.080000000    35.163307661     3.734231504     0.264959507
     5.090000000    35.282952454     2.664921248     0.267369425
     5.100000000    35.283754209     1.564111850     0.269643859
     5.110000000    35.163451475     0.445030437     0.271771230
     5.120000000    34.921851727    -0.675425414     0.273739001
     5.130000000    34.560871180    -1.778006077     0.275533964
     5.140000000    34.084504152    -2.843189400     0.277142602
     5.150000000    33.498723304    -3.853565998     0.278551510
     5.160000000    32.811315245    -4.795851952     0.279747857
     5.170000000    32.031658949    -5.661945219     0.280719877
     5.180000000    31.170456892    -6.448817368     0.281457353
     5.190000000    30.239430709    -7.157462934     0.281952088
     5.200000000    29.250994406    -7.791386117     0.282198322
     5.210000000    28.217918566    -8.355111883     0.282193087
     5.220000000    27.152998776    -8.853050730     0.281936474
     5.230000000    26.068740513    -9.288856468     0.281431798
     5.240000000    24.977071295    -9.665269849     0.280685663
     5.250000000    23.889088991    -9.984347859     0.279707909
     5.260000000    22.814853008   -10.247930576     0.278511459
     5.270000000    21.763222859   -10.458189655     0.277112068
     5.280000000    20.741746306   -10.618125702     0.275527989
     5.290000000    19.756597182   -10.731918470     0.273779575
     5.300000000    18.812561024   -10.805066884     0.271888842
     5.310000000    17.913064988   -10.844281211     0.269879002
     5.320000000    17.060247094   -10.857117935     0.267773996
     5.330000000    16.255058756   -10.851391223     0.265598049
     5.340000000    15.497393739   -10.834452243     0.263375249
     5.350000000    14.786236234   -10.812477930     0.261129178
     5.360000000    14.119820557   -10.789921632     0.258882592
     5.370000000    13.495795164   -10.769231379     0.256657166
     5.380000000    12.911384124   -10.750862764     0.254473292
     5.390000000    12.363539970   -10.733556009     0.252349944
     5.400000000    11.849082841   -10.714832432     0.250304590
     5.410000000    11.364822035   -10.691657093     0.248353156
     5.420000000    10.907657410   -10.661169952     0.246510026
     5.430000000    10.474659412   -10.621326692     0.244788072
     5.440000000    10.063127809   -10.571281126     0.243198708
     5.450000000     9.670630339   -10.511423054     0.241751940
     5.460000000     9.295023398   -10.443118655     0.240456431
     5.470000000     8.934457522   -10.368298561     0.239319536
     5.480000000     8.587370781   -10.289047036     0.238347324
     5.490000000     8.252473202   -10.207280730     0.237544566
     5.500000000     7.928725152   -10.124526492     0.236914671
     5.510000000     7.615312173   -10.041764713     0.236459585
     5.520000000     7.311618238    -9.959313914     0.236179620
     5.530000000     7.017198777    -9.876776735     0.236073235
     5.540000000     6.731754300    -9.793103990     0.236136751
     5.550000000     6.455104986    -9.706816813     0.236364026
     5.560000000     6.187166249    -9.616355144     0.236746080
     5.570000000     5.927925206    -9.520448500     0.237270706
     5.580000000     5.677417879    -9.418391307     0.237922093
     5.590000000     5.435707159    -9.310152130     0.238680475
     5.600000000     5.202861690    -9.196309294     0.239521863
     5.610000000     4.978936100    -9.077852080     0.240417890
     5.620000000     4.763953203    -8.955918189     0.241335809
     5.630000000     4.557888912    -8.831557247     0.242238685
     5.640000000     4.360660682    -8.705599799     0.243085808
     5.650000000     4.172120182    -8.578661721     0.243833362
     5.660000000     3.992050750    -8.451249288     0.244435338
     5.670000000     3.820169870    -8.323890553     0.244844703
     5.680000000     3.656136553    -8.197221304     0.245014799
     5.690000000     3.499563163    -8.071984707     0.244900917
     5.700000000     3.350030830    -7.948940808     0.244462004
     5.710000000     3.207107289    -7.828713581     0.243662423
     5.720000000     3.070365811    -7.711624800     0.242473677
     5.730000000     2.939403752    -7.597570309     0.240876025
     5.740000000     2.813859294    -7.485981253     0.238859870
     5.750000000     2.693425132    -7.375886345     0.236426876
     5.760000000     2.577858098    -7.266064579     0.233590705
     5.770000000     2.466984075    -7.155257838     0.230377341
     5.780000000     2.360697981    -7.042397854     0.226824967
     5.790000000     2.258958962    -6.926793080     0.222983373
     5.800000000     2.161781387    -6.808227631     0.218912919
     5.810000000     2.069222484    -6.686951254     0.214683099
     5.820000000     1.981367781    -6.563576098     0.210370739
     5.830000000     1.898315559    -6.438923232     0.206057939
     5.840000000     1.820161629    -6.313866452     0.201829811
     5.850000000     1.746985597    -6.189206139     0.197772136
     5.860000000     1.678839654    -6.065585942     0.193969015
     5.870000000     1.615740647    -5.943452231     0.190500609
     5.880000000     1.557665935    -5.823052947     0.187441045
     5.890000000     1.504553188    -5.704472544     0.184856566
     5.900000000     1.456304024    -5.587695420     0.182803959
     5.910000000     1.412791089    -5.472679611     0.181329313
     5.920000000     1.373867983    -5.359413542     0.180467120
     5.930000000     1.339381259    -5.247932780     0.180239729
     5.940000000     1.309183640    -5.138292870     0.180657146
     5.950000000     1.283147552    -5.030516992     0.181717163
     5.960000000     1.261178101    -4.924548860     0.183405784
     5.970000000     1.243224688    -4.820236226     0.185697931
     5.980000000     1.229290557    -4.717353006     0.188558367
     5.990000000     1.219439723    -4.615648173     0.191942832
     6.000000000     1.213800859    -4.514897362     0.195799312
     6.010000000     1.212567898    -4.414934955     0.200069428
     6.020000000     1.215997271    -4.315658374     0.204689889
     6.030000000     1.224401838    -4.217012356     0.209593974
     6.040000000     1.238141763    -4.118968673     0.214713003
     6.050000000     1.257612668    -4.021513834     0.219977765
     6.060000000     1.283231553    -3.924649724     0.225319863
     6.070000000     1.315421048    -3.828406833     0.230672960
     6.080000000     1.354592605    -3.732868175     0.235973896
     6.090000000     1.401129290    -3.638201160     0.241163666
     6.100000000     1.455368800    -3.544692543     0.246188235
     6.110000000     1.517587275    -3.452779443     0.250999209
     6.120000000     1.587984410    -3.363068575     0.255554336
     6.130000000     1.666670204    -3.276335664     0.259817865
     6.140000000     1.753653585    -3.193496961     0.263760763
     6.150000000     1.848832951    -3.115546955     0.267360798
     6.160000000     1.951988544    -3.043463855     0.270602514
     6.170000000     2.062776427    -2.978097800     0.273477111
     6.180000000     2.180723746    -2.920071599     0.275982226
     6.190000000     2.305224940    -2.869731546     0.278121651
     6.200000000     2.435538578    -2.827177491     0.279904990
     6.210000000     2.570784625    -2.792373855     0.281347243
     6.220000000     2.709942117    -2.765305437     0.282468357
     6.230000000     2.851847466    -2.746114316     0.283292717
     6.240000000     2.995193898    -2.735155841     0.283848593
     6.250000000     3.138532820    -2.732944055     0.284167543
     6.260000000     3.280278165    -2.740002050     0.284283773
     6.270000000     3.418714967    -2.756670746     0.284233460
     6.280000000     3.552013478    -2.782950978     0.284054039
     6.290000000     3.678250102    -2.818454781     0.283783472
     6.300000000     3.795436155    -2.862514235     0.283459500
     6.310000000     3.901555069    -2.914436541     0.283118893
     6.320000000     3.994608081    -2.973821409     0.282796723
     6.330000000     4.072667726    -3.040811870     0.282525665
     6.340000000     4.133937664    -3.116160640     0.282335353
     6.350000000     4.176816606    -3.201051832     0.282251804
     6.360000000     4.199963323    -3.296689817     0.282296932
     6.370000000     4.202359208    -3.403730883     0.282488168
     6.380000000     4.183364494    -3.521685612     0.282838195
     6.390000000     4.142764185    -3.648458010     0.283354815
     6.400000000     4.080800070    -3.780193522     0.284040950
     6.410000000     3.998185761    -3.911553916     0.284894784
     6.420000000     3.896102652    -4.036410340     0.285910031
     6.430000000     3.776175824    -4.148784786     0.287076343
     6.440000000     3.640430210    -4.243760977     0.288379815
     6.450000000     3.491228684    -4.318103269     0.289803595
     6.460000000     3.331194976    -4.370457943     0.291328563
     6.470000000     3.163125352    -4.401177017     0.292934048
     6.480000000     2.989893783    -4.411910350     0.294598576
     6.490000000     2.814355723    -4.405128569     0.296300589
     6.500000000     2.639255624    -4.383694748     0.298019134
     6.510000000     2.467142963    -4.350539870     0.299734483
     6.520000000     2.300300831    -4.308446849     0.301428655
     6.530000000     2.140690186    -4.259922166     0.303085829
     6.540000000     1.989911671    -4.207129677     0.304692634
     6.550000000     1.849185720    -4.151867098     0.306238300
     6.560000000     1.719350466    -4.095571727     0.307714669
     6.570000000     1.600875896    -4.039343882     0.309116081
     6.580000000     1.493891869    -3.983976670     0.310439119
     6.590000000     1.398226986    -3.929983960     0.311682258
     6.600000000     1.313455001    -3.877626257     0.312845409
     6.610000000     1.238945395    -3.826942885     0.313929402
     6.620000000     1.173914939    -3.777802277     0.314935420
     6.630000000     1.117477449    -3.729976121     0.315864413
     6.640000000     1.068689488    -3.683228733     0.316716533
     6.650000000     1.026590355    -3.637397962     0.317490599
     6.660000000     0.990235353    -3.592439428     0.318183630
     6.670000000     0.958721898    -3.548418689     0.318790473
     6.680000000     0.931208582    -3.505460142     0.319303534
     6.690000000     0.906927681    -3.463681402     0.319712645
     6.700000000     0.885191952    -3.423144756     0.320005055
     6.710000000     0.865396697    -3.383842488     0.320165577
     6.720000000     0.847018194    -3.345711585     0.320176861
     6.730000000     0.829609539    -3.308659422     0.320019810
     6.740000000     0.812794882    -3.272582746     0.319674109
     6.750000000     0.796262892    -3.237373664     0.319118851
     6.760000000     0.779760091    -3.202918578     0.318333241
     6.770000000     0.763084572    -3.169100716     0.317297352
     6.780000000     0.746080384    -3.135812025     0.315992898
     6.790000000     0.728632743    -3.102970419     0.314403998
     6.800000000     0.710664103    -3.070530946     0.312517915
     6.810000000     0.692130992    -3.038479901     0.310325720
     6.820000000     0.673021466    -3.006809126     0.307822882
     6.830000000     0.653352991    -2.975478940     0.305009748
     6.840000000     0.633170546    -2.944386185     0.301891899
     6.850000000     0.612544724    -2.913353978     0.298480378
     6.860000000     0.591569684    -2.882151013     0.294791768
     6.870000000     0.570360783    -2.850534288     0.290848116
     6.880000000     0.549051804    -2.818297782     0.286676714
     6.890000000     0.527791746    -2.785307763     0.282309716
     6.900000000     0.506741162    -2.751513390     0.277783616
     6.910000000     0.486068123    -2.716933029     0.273138583
     6.920000000     0.465943890    -2.681625819     0.268417662
     6.930000000     0.446538449    -2.645661700     0.263665867
     6.940000000     0.428016051    -2.609101792     0.258929185
     6.950000000     0.410530957    -2.571995357     0.254253496
     6.960000000     0.394223559    -2.534391300     0.249683467
     6.970000000     0.379217072    -2.496355027     0.245261421
     6.980000000     0.365614952    -2.457979854     0.241026242
     6.990000000     0.353499205    -2.419386937     0.237012332
     7.000000000     0.342929691    -2.380714990     0.233248667
     7.010000000     0.333944518    -2.342105716     0.229757993
     7.020000000     0.326561552    -2.303691011     0.226556176
     7.030000000     0.320781064    -2.265585346     0.223651766
     7.040000000     0.316589445    -2.227883998     0.221045767
     7.050000000     0.313963894    -2.190665976     0.218731654
     7.060000000     0.312877934    -2.153999230     0.216695622
     7.070000000     0.313307549    -2.117944963     0.214917086
     7.080000000     0.315237694    -2.082558139     0.213369399
     7.090000000     0.318668883    -2.047882881     0.212020770
     7.100000000     0.323623517    -2.013943580     0.210835357
     7.110000000     0.330151583    -1.980734307     0.209774476
     7.120000000     0.338335328    -1.948210130     0.208797894
     7.130000000     0.348292520    -1.916284402     0.207865142
     7.140000000     0.360177879    -1.884835326     0.206936797
     7.150000000     0.374182322    -1.853722516     0.205975689
     7.160000000     0.390529707    -1.822810515     0.204947963
     7.170000000     0.409470812    -1.791993327     0.203823990
     7.180000000     0.431274421    -1.761213545     0.202579056
     7.190000000     0.456215494    -1.730471892     0.201193842
     7.200000000     0.484560565    -1.699826863     0.199654667
     7.210000000     0.516550680    -1.669387953     0.197953510
     7.220000000     0.552382394    -1.639307902     0.196087819
     7.230000000     0.592187523    -1.609778580     0.194060137
     7.240000000     0.636012566    -1.581032453     0.191877585
     7.250000000     0.683798852    -1.553349019     0.189551232
     7.260000000     0.735364616    -1.527064417     0.187095407
     7.270000000     0.790390262    -1.502582045     0.184526985
     7.280000000     0.848408087    -1.480381767     0.181864696
     7.290000000     0.908797630    -1.461025432     0.179128478
     7.300000000     0.970787631    -1.445157209     0.176338918
     7.310000000     1.033465313    -1.433497673     0.173516775
     7.320000000     1.095793334    -1.426829715     0.170682617
     7.330000000     1.156634290    -1.425972286     0.167856547
     7.340000000     1.214782217    -1.431735729     0.165058024
     7.350000000     1.269000008    -1.444851346     0.162305759
     7.360000000     1.318061219    -1.465871181     0.159617662
     7.370000000     1.360794341    -1.495044462     0.157010821
     7.380000000     1.396127322    -1.532191958     0.154501493
     7.390000000     1.423129975    -1.576609823     0.152105078
     7.400000000     1.441051918    -1.627033035     0.149836067
     7.410000000     1.449353863    -1.681675726     0.147707952
     7.420000000     1.447730430    -1.738349140     0.145733083
     7.430000000     1.436123104    -1.794645231     0.143922480
     7.440000000     1.414722584    -1.848165114     0.142285596
     7.450000000     1.383960389    -1.896760693     0.140830048
     7.460000000     1.344490259    -1.938744504     0.139561324
     7.470000000     1.297160504    -1.973020300     0.138482478
     7.480000000     1.242978982    -1.999107977     0.137593847
     7.490000000     1.183072781    -2.017073042     0.136892785
     7.500000000     1.118644904    -2.027399351     0.136373462
     7.510000000     1.050930352    -2.030848252     0.136026719
     7.520000000     0.981153865    -2.028332250     0.135840026
     7.530000000     0.910491330    -2.020812546     0.135797523
     7.540000000     0.840036524    -2.009219066     0.135880189
     7.550000000     0.770774336    -1.994389994     0.136066119
     7.560000000     0.703561182    -1.977030499     0.136330930
     7.570000000     0.639112778    -1.957692699     0.136648271
     7.580000000     0.577999004    -1.936778934     0.136990443
     7.590000000     0.520645215    -1.914567202     0.137329102
     7.600000000     0.467339041    -1.891251791     0.137636019
     7.610000000     0.418241555    -1.866986775     0.137883875
     7.620000000     0.373401595    -1.841919492     0.138047046
     7.630000000     0.332772045    -1.816206784     0.138102351
     7.640000000     0.296226965    -1.790015209     0.138029723
     7.650000000     0.263578612    -1.763512393     0.137812765
     7.660000000     0.234593602    -1.736857328     0.137439167
     7.670000000     0.209007619    -1.710194180     0.136900953
     7.680000000     0.186538325    -1.683649970     0.136194557
     7.690000000     0.166896284    -1.657334063     0.135320701
     7.700000000     0.149793845    -1.631337218     0.134284108
     7.710000000     0.134952086    -1.605729243     0.133093045
     7.720000000     0.122105972    -1.580555872     0.131758734
     7.730000000     0.111007937    -1.555836499     0.130294658
     7.740000000     0.101430142    -1.531564679     0.128715813
     7.750000000     0.093165630    -1.507712652     0.127037931
     7.760000000     0.086028606    -1.484239670     0.125276734
     7.770000000     0.079854050    -1.461102033     0.123447247
     7.780000000     0.074496826    -1.438261771     0.121563204
     7.790000000     0.069830446    -1.415691485     0.119636581
     7.800000000     0.065745589    -1.393374745     0.117677263
     7.810000000     0.062148500    -1.371303437     0.115692857
     7.820000000     0.058959332    -1.349474272     0.113688650
     7.830000000     0.056110492    -1.327886121     0.111667693
     7.840000000     0.053545061    -1.306538588     0.109631007
     7.850000000     0.051215307    -1.285431141     0.107577871
     7.860000000     0.049081329    -1.264561995     0.105506177
     7.870000000     0.047109857    -1.243926519     0.103412825
     7.880000000     0.045273198    -1.223515713     0.101294121
     7.890000000     0.043548353    -1.203315571     0.099146178
     7.900000000     0.041916278    -1.183307730     0.096965269
     7.910000000     0.040361283    -1.163471182     0.094748150
     7.920000000     0.038870557    -1.143784242     0.092492319
     7.930000000     0.037433787    -1.124225995     0.090196227
     7.940000000     0.036042849    -1.104776869     0.087859416
     7.950000000     0.034691564    -1.085418590     0.085482613
     7.960000000     0.033375479    -1.066134005     0.083067763
     7.970000000     0.032091668    -1.046907100     0.080618013
     7.980000000     0.030838546    -1.027723073     0.078137661
     7.990000000     0.029615672    -1.008568227     0.075632062
     8.000000000     0.028423553    -0.989429518     0.073107505
     8.010000000     0.027263441    -0.970293934     0.070571070
     8.020000000     0.026137128    -0.951148085     0.068030457
     8.030000000     0.025046749    -0.931978349     0.065493805
     8.040000000     0.023994590    -0.912771570     0.062969498
     8.050000000     0.022982920    -0.893515932     0.060465964
     8.060000000     0.022013844    -0.874201434     0.057991480
     8.070000000     0.021089189    -0.854819621     0.055553979
     8.080000000     0.020210430    -0.835362605     0.053160871
     8.090000000     0.019378649    -0.815821787     0.050818878
     8.100000000     0.018594547    -0.796186759     0.048533905
     8.110000000     0.017858499    -0.776444756     0.046310927
     8.120000000     0.017170662    -0.756580724     0.044153917
     8.130000000     0.016531149    -0.736577799     0.042065802
     8.140000000     0.015940272    -0.716417806     0.040048467
     8.150000000     0.015398882    -0.696081556     0.038102777
     8.160000000     0.014908828    -0.675548866     0.036228643
     8.170000000     0.014473576    -0.654798488     0.034425113
     8.180000000     0.014099043    -0.633808133     0.032690483
     8.190000000     0.013794708    -0.612554641     0.031022428
     8.200000000     0.013575097    -0.591014132     0.029418140
     8.210000000     0.013461723    -0.569161956     0.027874478
     8.220000000     0.013485615    -0.546972347     0.026388110
     8.230000000     0.013690547    -0.524417902     0.024955648
     8.240000000     0.014137104    -0.501469182     0.023573782
     8.250000000     0.014907686    -0.478094692     0.022239384
     8.260000000     0.016112553    -0.454261335     0.020949611
     8.270000000     0.017896944    -0.429935164     0.019701978
     8.280000000     0.020449238    -0.405082112     0.018494412
     8.290000000     0.024010029    -0.379668376     0.017325291
     8.300000000     0.028881828    -0.353660298     0.016193461
     8.310000000     0.035438982    -0.327023792     0.015098229
     8.320000000     0.044137173    -0.299723547     0.014039346
     8.330000000     0.055521676    -0.271722336     0.013016966
     8.340000000     0.070233358    -0.242980770     0.012031600
     8.350000000     0.089011198    -0.213457864     0.011084048
     8.360000000     0.112690004    -0.183112828     0.010175333
     8.370000000     0.142191922    -0.151908447     0.009306617
     8.380000000     0.178510402    -0.119816203     0.008479125
     8.390000000     0.222685475    -0.086823001     0.007694064
     8.400000000     0.275769539    -0.052939151     0.006952538
     8.410000000     0.338783394    -0.018207536     0.006255483
     8.420000000     0.412662917     0.017285544     0.005603596
     8.430000000     0.498197632     0.053396602     0.004997283
     8.440000000     0.595963345     0.089906581     0.004436618
     8.450000000     0.706251921     0.126495938     0.003921309
     8.460000000     0.829002243     0.162711255     0.003450689
     8.470000000     0.963737027     0.197921389     0.003023712
     8.480000000     1.109510704     0.231261187     0.002638962
     8.490000000     1.264873638     0.261561315     0.002294685
     8.500000000     1.427857617     0.287264307     0.001988820
     8.510000000     1.595986774     0.306330612     0.001719043
     8.520000000     1.766316781     0.316145591     0.001482823
     8.530000000     1.935503482     0.313450736     0.001277473
     8.540000000     2.099900110     0.294341182     0.001100210
     8.550000000     2.255680055     0.254395589     0.000948215
     8.560000000     2.398979985     0.189025684     0.000818686
     8.570000000     2.526056198     0.094131179     0.000708893
     8.580000000     2.633445560    -0.032912251     0.000616220
     8.590000000     2.718121470    -0.192050734     0.000538212
     8.600000000     2.777635088    -0.379476149     0.000472597
     8.610000000     2.810232650    -0.587199500     0.000417318
     8.620000000     2.814941025    -0.803740628     0.000370545
     8.630000000     2.791615702    -1.015982852     0.000330681
     8.640000000     2.740947892    -1.211634655     0.000296361
     8.650000000     2.664430268    -1.381380743     0.000266448
     8.660000000     2.564283707    -1.519992070     0.000240016
     8.670000000     2.443350041    -1.626239509     0.000216332
     8.680000000     2.304958060    -1.701975459     0.000194834
     8.690000000     2.152771546    -1.750924536     0.000175110
     8.700000000     1.990629014    -1.777599323     0.000156869
     8.710000000     1.822384848    -1.786530062     0.000139917
     8.720000000     1.651760873    -1.781819574     0.000124138
     8.730000000     1.482216049    -1.766949146     0.000109468
     8.740000000     1.316840166    -1.744744640     0.000095878
     8.750000000     1.158275315    -1.717428534     0.000083358
     8.760000000     1.008666724    -1.686708076     0.000071906
     8.770000000     0.869642432    -1.653870644     0.000061517
     8.780000000     0.742319501    -1.619871860     0.000052180
     8.790000000     0.627332985    -1.585410713     0.000043871
     8.800000000     0.524882959    -1.550990647     0.000036552
     8.810000000     0.434794368    -1.516967762     0.000030175
     8.820000000     0.356584473    -1.483588100     0.000024678
     8.830000000     0.289532968    -1.451016097     0.000019991
     8.840000000     0.232750535    -1.419356110     0.000016040
     8.850000000     0.185242410    -1.388668583     0.000012747
     8.860000000     0.145964493    -1.358982140     0.000010031
     8.870000000     0.113870463    -1.330302596     0.000007817
     8.880000000     0.087949225    -1.302619652     0.000006033
     8.890000000     0.067252743    -1.275911852     0.000004610
     8.900000000     0.050914918    -1.250150241     0.000003488
     8.910000000     0.038162530    -1.225301055     0.000002613
     8.920000000     0.028319548    -1.201327690     0.000001938
     8.930000000     0.020806189    -1.178192123     0.000001424
     8.940000000     0.015134073    -1.155855945     0.000001035
     8.950000000     0.010898736    -1.134281085     0.000000745
     8.960000000     0.007770582    -1.113430316     0.000000531
     8.970000000     0.005485143    -1.093267596     0.000000375
     8.980000000     0.003833359    -1.073758290     0.000000262
     8.990000000     0.002652333    -1.054869299     0.000000181
     9.000000000     0.001816911    -1.036569131     0.000000124
     9.010000000     0.001232243    -1.018827915     0.000000084
     9.020000000     0.000827401    -1.001617392     0.000000057
     9.030000000     0.000550038    -0.984910879     0.000000038
     9.040000000     0.000362015    -0.968683211     0.000000025
     9.050000000     0.000235894    -0.952910686     0.000000016
     9.060000000     0.000152183    -0.937570989     0.000000010
     9.070000000     0.000097201    -0.922643126     0.000000007
     9.080000000     0.000061466    -0.908107348     0.000000004
     9.090000000     0.000038481    -0.893945079     0.000000003
     9.100000000     0.000023852    -0.880138849     0.000000002
     9.110000000     0.000014637    -0.866672219     0.000000001
     9.120000000     0.000008893    -0.853529725     0.000000001
     9.130000000     0.000005349    -0.840696808     0.000000000
     9.140000000     0.000003186    -0.828159759     0.000000000
     9.150000000     0.000001878    -0.815905666     0.000000000
     9.160000000     0.000001097    -0.803922357     0.000000000
     9.170000000     0.000000634    -0.792198355     0.000000000
     9.180000000     0.000000363    -0.780722834     0.000000000
     9.190000000     0.000000206    -0.769485570     0.000000000
     9.200000000     0.000000117    -0.758476909     0.000000000
     9.210000000     0.000000067    -0.747687727     0.000000000
     9.220000000     0.000000040    -0.737109394     0.000000001
     9.230000000     0.000000028    -0.726733745     0.000000001
     9.240000000     0.000000024    -0.716553049     0.000000001
     9.250000000     0.000000028    -0.706559980     0.000000002
     9.260000000     0.000000039    -0.696747595     0.000000004
     9.270000000     0.000000058    -0.687109306     0.000000006
     9.280000000     0.000000090    -0.677638859     0.000000009
     9.290000000     0.000000138    -0.668330317     0.000000014
     9.300000000     0.000000213    -0.659178033     0.000000022
     9.310000000     0.000000324    -0.650176640     0.000000033
     9.320000000     0.000000489    -0.641321030     0.000000050
     9.330000000     0.000000730    -0.632606338     0.000000074
     9.340000000     0.000001080    -0.624027930     0.000000109
     9.350000000     0.000001582    -0.615581388     0.000000160
     9.360000000     0.000002294    -0.607262496     0.000000232
     9.370000000     0.000003293    -0.599067233     0.000000334
     9.380000000     0.000004681    -0.590991756     0.000000474
     9.390000000     0.000006587    -0.583032394     0.000000667
     9.400000000     0.000009176    -0.575185635     0.000000930
     9.410000000     0.000012657    -0.567448122     0.000001283
     9.420000000     0.000017283    -0.559816640     0.000001751
     9.430000000     0.000023367    -0.552288112     0.000002368
     9.440000000     0.000031277    -0.544859588     0.000003169
     9.450000000     0.000041448    -0.537528246     0.000004200
     9.460000000     0.000054381    -0.530291376     0.000005511
     9.470000000     0.000070639    -0.523146384     0.000007158
     9.480000000     0.000090844    -0.516090786     0.000009206
     9.490000000     0.000115666    -0.509122199     0.000011721
     9.500000000     0.000145805    -0.502238349     0.000014775
     9.510000000     0.000181969    -0.495437061     0.000018440
     9.520000000     0.000224843    -0.488716266     0.000022784
     9.530000000     0.000275054    -0.482074002     0.000027872
     9.540000000     0.000333131    -0.475508419     0.000033757
     9.550000000     0.000399454    -0.469017792     0.000040478
     9.560000000     0.000474217    -0.462600532     0.000048054
     9.570000000     0.000557371    -0.456255204     0.000056481
     9.580000000     0.000648587    -0.449980561     0.000065724
     9.590000000     0.000747221    -0.443775571     0.000075719
     9.600000000     0.000852289    -0.437639466     0.000086366
     9.610000000     0.000962459    -0.431571797     0.000097530
     9.620000000     0.001076055    -0.425572493     0.000109041
     9.630000000     0.001191088    -0.419641920     0.000120698
     9.640000000     0.001305299    -0.413780929     0.000132271
     9.650000000     0.001416229    -0.407990851     0.000143512
     9.660000000     0.001521296    -0.402273406     0.000154159
     9.670000000     0.001617898    -0.396630465     0.000163948
     9.680000000     0.001703514    -0.391063603     0.000172624
     9.690000000     0.001775813    -0.385573427     0.000179950
     9.700000000     0.001832762    -0.380158766     0.000185721
     9.710000000     0.001872715    -0.374815942     0.000189769
     9.720000000     0.001894499    -0.369538497     0.000191977
     9.730000000     0.001897467    -0.364317661     0.000192278
     9.740000000     0.001881530    -0.359143613     0.000190663
     9.750000000     0.001847162    -0.354007139     0.000187180
     9.760000000     0.001795378    -0.348901077     0.000181933
     9.770000000     0.001727683    -0.343821049     0.000175073
     9.780000000     0.001645997    -0.338765396     0.000166795
     9.790000000     0.001552570    -0.333734551     0.000157328
     9.800000000     0.001449874    -0.328730223     0.000146921
     9.810000000     0.001340499    -0.323754667     0.000135838
     9.820000000     0.001227043    -0.318810166     0.000124341
     9.830000000     0.001112014    -0.313898735     0.000112685
     9.840000000     0.000997741    -0.309021989     0.000101105
     9.850000000     0.000886303    -0.304181122     0.000089813
     9.860000000     0.000779478    -0.299376941     0.000078988
     9.870000000     0.000678707    -0.294609924     0.000068776
     9.880000000     0.000585084    -0.289880285     0.000059289
     9.890000000     0.000499356    -0.285188034     0.000050602
     9.900000000     0.000421949    -0.280533024     0.000042758
     9.910000000     0.000352994    -0.275914991     0.000035770
     9.920000000     0.000292369    -0.271333591     0.000029627
     9.930000000     0.000239746    -0.266788418     0.000024294
     9.940000000     0.000194639    -0.262279027     0.000019724
     9.950000000     0.000156446    -0.257804947     0.000015853
     9.960000000     0.000124496    -0.253365689     0.000012616
     9.970000000     0.000098086    -0.248960759     0.000009939
     9.980000000     0.000076509    -0.244589657     0.000007753
     9.990000000     0.000059085    -0.240251886     0.000005987
    10.000000000     0.000045175    -0.235946952     0.000004578
    10.010000000     0.000034196    -0.231674369     0.000003465
    10.020000000     0.000025628    -0.227433658     0.000002597
    10.030000000     0.000019015    -0.223224349     0.000001927
    10.040000000     0.000013968    -0.219045980     0.000001415
    10.050000000     0.000010159    -0.214898101     0.000001029
    10.060000000     0.000007315    -0.210780269     0.000000741
    10.070000000     0.000005215    -0.206692055     0.000000528
    10.080000000     0.000003681    -0.202633036     0.000000373
    10.090000000     0.000002572    -0.198602800     0.000000261
    10.100000000     0.000001779    -0.194600946     0.000000180
    10.110000000     0.000001219    -0.190627081     0.000000123
    10.120000000     0.000000826    -0.186680820     0.000000084
    10.130000000     0.000000555    -0.182761790     0.000000056
    10.140000000     0.000000369    -0.178869624     0.000000037
    10.150000000     0.000000243    -0.175003964     0.000000025
    10.160000000     0.000000158    -0.171164460     0.000000016
    10.170000000     0.000000102    -0.167350771     0.000000010
    10.180000000     0.000000065    -0.163562562     0.000000007
    10.190000000     0.000000041    -0.159799506     0.000000004
    10.200000000     0.000000026    -0.156061284     0.000000003
    10.210000000     0.000000016    -0.152347583     0.000000002
    10.220000000     0.000000010    -0.148658097     0.000000001
    10.230000000     0.000000006    -0.144992525     0.000000001
    10.240000000     0.000000004    -0.141350575     0.000000000
    10.250000000     0.000000002    -0.137731960     0.000000000
    10.260000000     0.000000001    -0.134136397     0.000000000
    10.270000000     0.000000001    -0.130563611     0.000000000
    10.280000000     0.000000000    -0.127013332     0.000000000
    10.290000000     0.000000000    -0.123485295     0.000000000
    10.300000000     0.000000000    -0.119979240     0.000000000
    10.310000000     0.000000000    -0.116494914     0.000000000
    10.320000000     0.000000000    -0.113032066     0.000000000
    10.330000000     0.000000000    -0.109590453     0.000000000
    10.340000000     0.000000000    -0.106169832     0.000000000
    10.350000000     0.000000000    -0.102769970     0.000000000
    10.360000000     0.000000000    -0.099390635     0.000000000
    10.370000000     0.000000000    -0.096031599     0.000000000
    10.380000000     0.000000000    -0.092692641     0.000000000
    10.390000000     0.000000000    -0.089373541     0.000000000
    10.400000000     0.000000000    -0.086074085     0.000000000
    10.410000000     0.000000000    -0.082794061     0.000000000
    10.420000000     0.000000000    -0.079533262     0.000000000
    10.430000000     0.000000000    -0.076291485     0.000000000
    10.440000000     0.000000000    -0.073068530     0.000000000
    10.450000000     0.000000000    -0.069864200     0.000000000
    10.460000000     0.000000000    -0.066678302     0.000000000
    10.470000000     0.000000000    -0.063510646     0.000000000
    10.480000000     0.000000000    -0.060361044     0.000000000
    10.490000000     0.000000000    -0.057229315     0.000000000
    10.500000000     0.000000000    -0.054115276     0.000000000
    10.510000000     0.000000000    -0.051018750     0.000000000
    10.520000000     0.000000000    -0.047939563     0.000000000
    10.530000000     0.000000000    -0.044877542     0.000000000
    10.540000000     0.000000000    -0.041832519     0.000000000
    10.550000000     0.000000000    -0.038804327     0.000000000
    10.560000000     0.000000000    -0.035792802     0.000000000
    10.570000000     0.000000000    -0.032797783     0.000000000
    10.580000000     0.000000000    -0.029819112     0.000000000
    10.590000000     0.000000000    -0.026856631     0.000000000
    10.600000000     0.000000000    -0.023910188     0.000000000
    10.610000000     0.000000000    -0.020979631     0.000000000
    10.620000000     0.000000000    -0.018064811     0.000000000
    10.630000000     0.000000000    -0.015165580     0.000000000
    10.640000000     0.000000000    -0.012281794     0.000000000
    10.650000000     0.000000000    -0.009413311     0.000000000
    10.660000000     0.000000000    -0.006559990     0.000000000
    10.670000000     0.000000000    -0.003721692     0.000000000
    10.680000000     0.000000000    -0.000898282     0.000000000
    10.690000000     0.000000000     0.001910375     0.000000000
    10.700000000     0.000000000     0.004704412     0.000000000
    10.710000000     0.000000000     0.007483960     0.000000000
    10.720000000     0.000000000     0.010249146     0.000000000
    10.730000000     0.000000000     0.013000098     0.000000000
    10.740000000     0.000000000     0.015736940     0.000000000
    10.750000000     0.000000000     0.018459797     0.000000000
    10.760000000     0.000000000     0.021168790     0.000000000
    10.770000000     0.000000000     0.023864039     0.000000000
    10.780000000     0.000000000     0.026545661     0.000000000
    10.790000000     0.000000000     0.029213775     0.000000000
    10.800000000     0.000000000     0.031868495     0.000000000
    10.810000000     0.000000000     0.034509935     0.000000000
    10.820000000     0.000000000     0.037138206     0.000000000
    10.830000000     0.000000000     0.039753420     0.000000000
    10.840000000     0.000000000     0.042355685     0.000000000
    10.850000000     0.000000000     0.044945109     0.000000000
    10.860000000     0.000000000     0.047521799     0.000000000
    10.870000000     0.000000000     0.050085859     0.000000000
    10.880000000     0.000000000     0.052637393     0.000000000
    10.890000000     0.000000000     0.055176503     0.000000000
    10.900000000     0.000000000     0.057703291     0.000000000
    10.910000000     0.000000000     0.060217855     0.000000000
    10.920000000     0.000000000     0.062720294     0.000000000
    10.930000000     0.000000000     0.065210705     0.000000000
    10.940000000     0.000000000     0.067689185     0.000000000
    10.950000000     0.000000000     0.070155827     0.000000000
    10.960000000     0.000000000     0.072610727     0.000000000
    10.970000000     0.000000000     0.075053974     0.000000000
    10.980000000     0.000000000     0.077485663     0.000000000
    10.990000000     0.000000000     0.079905881     0.000000000
    11.000000000     0.000000000     0.082314720     0.000000000
