 # Column 1: omega
 # Column 2: eps2(omega)
 # Column 3: eps1(omega)
 # Column 4: JDOS(omega)
     0.000000000     0.000000000     2.386887195     0.000000000
     0.010000000     0.000000000     2.386903580     0.000000000
     0.020000000     0.000000000     2.386952740     0.000000000
     0.030000000     0.000000000     2.387034688     0.000000000
     0.040000000     0.000000000     2.387149447     0.000000000
     0.050000000     0.000000000     2.387297048     0.000000000
     0.060000000     0.000000000     2.387477531     0.000000000
     0.070000000     0.000000000     2.387690947     0.000000000
     0.080000000     0.000000000     2.387937355     0.000000000
     0.090000000     0.000000000     2.388216821     0.000000000
     0.100000000     0.000000000     2.388529424     0.000000000
     0.110000000     0.000000000     2.388875251     0.000000000
     0.120000000     0.000000000     2.389254395     0.000000000
     0.130000000     0.000000000     2.389666965     0.000000000
     0.140000000     0.000000000     2.390113073     0.000000000
     0.150000000     0.000000000     2.390592844     0.000000000
     0.160000000     0.000000000     2.391106413     0.000000000
     0.170000000     0.000000000     2.391653924     0.000000000
     0.180000000     0.000000000     2.392235531     0.000000000
     0.190000000     0.000000000     2.392851398     0.000000000
     0.200000000     0.000000000     2.393501699     0.000000000
     0.210000000     0.000000000     2.394186619     0.000000000
     0.220000000     0.000000000     2.394906353     0.000000000
     0.230000000     0.000000000     2.395661107     0.000000000
     0.240000000     0.000000000     2.396451099     0.000000000
     0.250000000     0.000000000     2.397276556     0.000000000
     0.260000000     0.000000000     2.398137717     0.000000000
     0.270000000     0.000000000     2.399034832     0.000000000
     0.280000000     0.000000000     2.399968166     0.000000000
     0.290000000     0.000000000     2.400937991     0.000000000
     0.300000000     0.000000000     2.401944595     0.000000000
     0.310000000     0.000000000     2.402988276     0.000000000
     0.320000000     0.000000000     2.404069346     0.000000000
     0.330000000     0.000000000     2.405188129     0.000000000
     0.340000000     0.000000000     2.406344965     0.000000000
     0.350000000     0.000000000     2.407540204     0.000000000
     0.360000000     0.000000000     2.408774213     0.000000000
     0.370000000     0.000000000     2.410047370     0.000000000
     0.380000000     0.000000000     2.411360071     0.000000000
     0.390000000     0.000000000     2.412712725     0.000000000
     0.400000000     0.000000000     2.414105758     0.000000000
     0.410000000     0.000000000     2.415539610     0.000000000
     0.420000000     0.000000000     2.417014738     0.000000000
     0.430000000     0.000000000     2.418531616     0.000000000
     0.440000000     0.000000000     2.420090736     0.000000000
     0.450000000     0.000000000     2.421692607     0.000000000
     0.460000000     0.000000000     2.423337755     0.000000000
     0.470000000     0.000000000     2.425026727     0.000000000
     0.480000000     0.000000000     2.426760088     0.000000000
     0.490000000     0.000000000     2.428538424     0.000000000
     0.500000000     0.000000000     2.430362340     0.000000000
     0.510000000     0.000000000     2.432232464     0.000000000
     0.520000000     0.000000000     2.434149445     0.000000000
     0.530000000     0.000000000     2.436113956     0.000000000
     0.540000000     0.000000000     2.438126691     0.000000000
     0.550000000     0.000000000     2.440188370     0.000000000
     0.560000000     0.000000000     2.442299739     0.000000000
     0.570000000     0.000000000     2.444461568     0.000000000
     0.580000000     0.000000000     2.446674654     0.000000000
     0.590000000     0.000000000     2.448939824     0.000000000
     0.600000000     0.000000000     2.451257932     0.000000000
     0.610000000     0.000000000     2.453629862     0.000000000
     0.620000000     0.000000000     2.456056530     0.000000000
     0.630000000     0.000000000     2.458538884     0.000000000
     0.640000000     0.000000000     2.461077904     0.000000000
     0.650000000     0.000000000     2.463674606     0.000000000
     0.660000000     0.000000000     2.466330043     0.000000000
     0.670000000     0.000000000     2.469045304     0.000000000
     0.680000000     0.000000000     2.471821517     0.000000000
     0.690000000     0.000000000     2.474659852     0.000000000
     0.700000000     0.000000000     2.477561519     0.000000000
     0.710000000     0.000000000     2.480527775     0.000000000
     0.720000000     0.000000000     2.483559920     0.000000000
     0.730000000     0.000000000     2.486659304     0.000000000
     0.740000000     0.000000000     2.489827324     0.000000000
     0.750000000     0.000000000     2.493065432     0.000000000
     0.760000000     0.000000000     2.496375133     0.000000000
     0.770000000     0.000000000     2.499757988     0.000000000
     0.780000000     0.000000000     2.503215618     0.000000000
     0.790000000     0.000000000     2.506749705     0.000000000
     0.800000000     0.000000000     2.510361997     0.000000000
     0.810000000     0.000000000     2.514054308     0.000000000
     0.820000000     0.000000000     2.517828524     0.000000000
     0.830000000     0.000000000     2.521686605     0.000000000
     0.840000000     0.000000000     2.525630587     0.000000000
     0.850000000     0.000000000     2.529662589     0.000000000
     0.860000000     0.000000000     2.533784815     0.000000000
     0.870000000     0.000000000     2.537999559     0.000000000
     0.880000000     0.000000000     2.542309207     0.000000000
     0.890000000     0.000000000     2.546716245     0.000000000
     0.900000000     0.000000000     2.551223264     0.000000000
     0.910000000     0.000000000     2.555832962     0.000000000
     0.920000000     0.000000000     2.560548152     0.000000000
     0.930000000     0.000000000     2.565371767     0.000000000
     0.940000000     0.000000000     2.570306870     0.000000000
     0.950000000     0.000000000     2.575356653     0.000000000
     0.960000000     0.000000000     2.580524455     0.000000000
     0.970000000     0.000000000     2.585813758     0.000000000
     0.980000000     0.000000000     2.591228205     0.000000000
     0.990000000     0.000000000     2.596771604     0.000000000
     1.000000000     0.000000000     2.602447936     0.000000000
     1.010000000     0.000000000     2.608261370     0.000000000
     1.020000000     0.000000000     2.614216270     0.000000000
     1.030000000     0.000000000     2.620317206     0.000000000
     1.040000000     0.000000001     2.626568969     0.000000000
     1.050000000     0.000000001     2.632976581     0.000000000
     1.060000000     0.000000002     2.639545314     0.000000000
     1.070000000     0.000000004     2.646280696     0.000000000
     1.080000000     0.000000007     2.653188538     0.000000000
     1.090000000     0.000000012     2.660274941     0.000000000
     1.100000000     0.000000023     2.667546323     0.000000000
     1.110000000     0.000000041     2.675009431     0.000000000
     1.120000000     0.000000073     2.682671370     0.000000000
     1.130000000     0.000000130     2.690539619     0.000000000
     1.140000000     0.000000229     2.698622057     0.000000000
     1.150000000     0.000000398     2.706926994     0.000000000
     1.160000000     0.000000686     2.715463191     0.000000000
     1.170000000     0.000001171     2.724239895     0.000000000
     1.180000000     0.000001980     2.733266872     0.000000001
     1.190000000     0.000003312     2.742554437     0.000000001
     1.200000000     0.000005487     2.752113494     0.000000002
     1.210000000     0.000009001     2.761955574     0.000000003
     1.220000000     0.000014619     2.772092877     0.000000005
     1.230000000     0.000023507     2.782538318     0.000000008
     1.240000000     0.000037428     2.793305569     0.000000012
     1.250000000     0.000059003     2.804409115     0.000000019
     1.260000000     0.000092096     2.815864303     0.000000029
     1.270000000     0.000142330     2.827687396     0.000000045
     1.280000000     0.000217793     2.839895629     0.000000068
     1.290000000     0.000329974     2.852507271     0.000000103
     1.300000000     0.000494999     2.865541678     0.000000154
     1.310000000     0.000735223     2.879019355     0.000000227
     1.320000000     0.001081244     2.892962008     0.000000331
     1.330000000     0.001574413     2.907392599     0.000000479
     1.340000000     0.002269889     2.922335383     0.000000687
     1.350000000     0.003240277     2.937815948     0.000000974
     1.360000000     0.004579857     2.953861218     0.000001368
     1.370000000     0.006409361     2.970499449     0.000001902
     1.380000000     0.008881204     2.987760179     0.000002619
     1.390000000     0.012184971     3.005674126     0.000003571
     1.400000000     0.016552910     3.024273026     0.000004822
     1.410000000     0.022265030     3.043589368     0.000006446
     1.420000000     0.029653341     3.063656010     0.000008533
     1.430000000     0.039104623     3.084505613     0.000011185
     1.440000000     0.051061074     3.106169854     0.000014519
     1.450000000     0.066018102     3.128678310     0.000018664
     1.460000000     0.084518531     3.152056940     0.000023759
     1.470000000     0.107142569     3.176325983     0.000029955
     1.480000000     0.134493032     3.201497107     0.000037403
     1.490000000     0.167175511     3.227569544     0.000046257
     1.500000000     0.205773559     3.254524864     0.000056666
     1.510000000     0.250819321     3.282319958     0.000068764
     1.520000000     0.302760511     3.310877634     0.000082670
     1.530000000     0.361925163     3.340074114     0.000098474
     1.540000000     0.428486009     3.369722510     0.000116237
     1.550000000     0.502426791     3.399551236     0.000135987
     1.560000000     0.583513095     3.429176211     0.000157710
     1.570000000     0.671270395     3.458065880     0.000181359
     1.580000000     0.764971909     3.485498650     0.000206853
     1.590000000     0.863638515     3.510513795     0.000234086
     1.600000000     0.966052343     3.531859860     0.000262943
     1.610000000     1.070784865     3.547949762     0.000293311
     1.620000000     1.176239218     3.556840100     0.000325106
     1.630000000     1.280705427     3.556263272     0.000358296
     1.640000000     1.382426012     3.543752531     0.000392929
     1.650000000     1.479668455     3.516904761     0.000429159
     1.660000000     1.570800191     3.473810380     0.000467285
     1.670000000     1.654361291     3.413628912     0.000507770
     1.680000000     1.729129913     3.337197940     0.000551278
     1.690000000     1.794175956     3.247460533     0.000598689
     1.700000000     1.848899085     3.149452869     0.000651124
     1.710000000     1.893048474     3.049690590     0.000709953
     1.720000000     1.926723007     2.955038226     0.000776807
     1.730000000     1.950352227     2.871415099     0.000853573
     1.740000000     1.964659895     2.802789140     0.000942389
     1.750000000     1.970613348     2.750752480     0.001045629
     1.760000000     1.969362936     2.714680145     0.001165884
     1.770000000     1.962176446     2.692252705     0.001305931
     1.780000000     1.950373557     2.680080068     0.001468702
     1.790000000     1.935265067     2.674253363     0.001657239
     1.800000000     1.918100814     2.670774777     0.001874650
     1.810000000     1.900029136     2.665902301     0.002124053
     1.820000000     1.882069346     2.656476055     0.002408514
     1.830000000     1.865097318     2.640268703     0.002730980
     1.840000000     1.849843021     2.616335919     0.003094200
     1.850000000     1.836897731     2.585259975     0.003500651
     1.860000000     1.826727990     2.549131411     0.003952445
     1.870000000     1.819693024     2.511159860     0.004451250
     1.880000000     1.816062425     2.474955348     0.004998199
     1.890000000     1.816031361     2.443692624     0.005593818
     1.900000000     1.819731263     2.419437257     0.006237951
     1.910000000     1.827234877     2.402823176     0.006929713
     1.920000000     1.838555502     2.393102187     0.007667454
     1.930000000     1.853641102     2.388455142     0.008448756
     1.940000000     1.872364754     2.386418726     0.009270454
     1.950000000     1.894513335     2.384317410     0.010128694
     1.960000000     1.919776626     2.379642747     0.011019020
     1.970000000     1.947738932     2.370355455     0.011936491
     1.980000000     1.977875060     2.355093669     0.012875835
     1.990000000     2.009552003     2.333268161     0.013831613
     2.000000000     2.042037100     2.305030359     0.014798412
     2.010000000     2.074512803     2.271118428     0.015771035
     2.020000000     2.106097541     2.232610129     0.016744695
     2.030000000     2.135871674     2.190626052     0.017715193
     2.040000000     2.162907065     2.146035756     0.018679081
     2.050000000     2.186298552     2.099234064     0.019633789
     2.060000000     2.205195493     2.050067259     0.020577727
     2.070000000     2.218831567     1.997968719     0.021510342
     2.080000000     2.226551188     1.942295256     0.022432140
     2.090000000     2.227831161     1.882765177     0.023344668
     2.100000000     2.222296536     1.819834643     0.024250464
     2.110000000     2.209730035     1.754846524     0.025152971
     2.120000000     2.190074804     1.689859319     0.026056431
     2.130000000     2.163430657     1.627196644     0.026965758
     2.140000000     2.130044338     1.568891496     0.027886396
     2.150000000     2.090294642     1.516250312     0.028824170
     2.160000000     2.044673470     1.469690928     0.029785127
     2.170000000     1.993764050     1.428867798     0.030775380
     2.180000000     1.938217656     1.392981672     0.031800940
     2.190000000     1.878730096     1.361131793     0.032867554
     2.200000000     1.816019203     1.332593517     0.033980534
     2.210000000     1.750804334     1.306956587     0.035144586
     2.220000000     1.683788708     1.284115261     0.036363629
     2.230000000     1.615645125     1.264149662     0.037640622
     2.240000000     1.547005316     1.247167275     0.038977385
     2.250000000     1.478452949     1.233175187     0.040374430
     2.260000000     1.410520004     1.222028970     0.041830804
     2.270000000     1.343686078     1.213465329     0.043343958
     2.280000000     1.278379990     1.207189911     0.044909643
     2.290000000     1.214982995     1.202973217     0.046521850
     2.300000000     1.153832882     1.200711646     0.048172804
     2.310000000     1.095228249     1.200431420     0.049853009
     2.320000000     1.039432356     1.202239018     0.051551370
     2.330000000     0.986676075     1.206242541     0.053255374
     2.340000000     0.937159592     1.212477816     0.054951338
     2.350000000     0.891052702     1.220867570     0.056624724
     2.360000000     0.848493694     1.231223583     0.058260506
     2.370000000     0.809586956     1.243280655     0.059843572
     2.380000000     0.774399585     1.256739962     0.061359158
     2.390000000     0.742957379     1.271302226     0.062793280
     2.400000000     0.715240648     1.286681613     0.064133155
     2.410000000     0.691180331     1.302601481     0.065367579
     2.420000000     0.670654899     1.318779769     0.066487255
     2.430000000     0.653488495     1.334914955     0.067485040
     2.440000000     0.639450697     1.350682457     0.068356098
     2.450000000     0.628258219     1.365745751     0.069097963
     2.460000000     0.619578742     1.379778792     0.069710479
     2.470000000     0.613036947     1.392490907     0.070195650
     2.480000000     0.608222695     1.403645117     0.070557381
     2.490000000     0.604701176     1.413065185     0.070801133
     2.500000000     0.602024669     1.420632010     0.070933519
     2.510000000     0.599745513     1.426273591     0.070961846
     2.520000000     0.597429699     1.429954720     0.070893638
     2.530000000     0.594670500     1.431674566     0.070736174
     2.540000000     0.591101458     1.431480739     0.070496048
     2.550000000     0.586408080     1.429502281     0.070178800
     2.560000000     0.580337604     1.425991024     0.069788615
     2.570000000     0.572706318     1.421349075     0.069328130
     2.580000000     0.563403979     1.416120576     0.068798338
     2.590000000     0.552395096     1.410940914     0.068198605
     2.600000000     0.539716942     1.406457360     0.067526801
     2.610000000     0.525474426     1.403247733     0.066779523
     2.620000000     0.509832067     1.401760291     0.065952405
     2.630000000     0.493003532     1.402283716     0.065040498
     2.640000000     0.475239331     1.404943027     0.064038687
     2.650000000     0.456813343     1.409712662     0.062942137
     2.660000000     0.438008935     1.416439717     0.061746731
     2.670000000     0.419105433     1.424872961     0.060449481
     2.680000000     0.400365636     1.434694116     0.059048899
     2.690000000     0.382025017     1.445547966     0.057545296
     2.700000000     0.364283092     1.457068552     0.055941014
     2.710000000     0.347297292     1.468900892     0.054240560
     2.720000000     0.331179516     1.480720295     0.052450666
     2.730000000     0.315995349     1.492252294     0.050580240
     2.740000000     0.301765797     1.503293617     0.048640247
     2.750000000     0.288471222     1.513729967     0.046643493
     2.760000000     0.276057085     1.523543131     0.044604355
     2.770000000     0.264440999     1.532801378     0.042538437
     2.780000000     0.253520597     1.541632561     0.040462193
     2.790000000     0.243181682     1.550185620     0.038392514
     2.800000000     0.233306187     1.558590784     0.036346303
     2.810000000     0.223779519     1.566930743     0.034340046
     2.820000000     0.214496944     1.575233313     0.032389407
     2.830000000     0.205368746     1.583489014     0.030508844
     2.840000000     0.196324018     1.591686507     0.028711277
     2.850000000     0.187313003     1.599850175     0.027007797
     2.860000000     0.178308013     1.608062554     0.025407450
     2.870000000     0.169303015     1.616461229     0.023917081
     2.880000000     0.160312061     1.625211756     0.022541251
     2.890000000     0.151366742     1.634468958     0.021282232
     2.900000000     0.142512943     1.644342461     0.020140067
     2.910000000     0.133807120     1.654877710     0.019112703
     2.920000000     0.125312380     1.666054994     0.018196182
     2.930000000     0.117094605     1.677802010     0.017384883
     2.940000000     0.109218827     1.690012852     0.016671806
     2.950000000     0.101746047     1.702567183     0.016048886
     2.960000000     0.094730631     1.715345677     0.015507325
     2.970000000     0.088218373     1.728240127     0.015037927
     2.980000000     0.082245254     1.741158398     0.014631425
     2.990000000     0.076836890     1.754025585     0.014278796
     3.000000000     0.072008615     1.766783316     0.013971537
     3.010000000     0.067766087     1.779389143     0.013701913
     3.020000000     0.064106312     1.791817163     0.013463158
     3.030000000     0.061018944     1.804059679     0.013249632
     3.040000000     0.058487718     1.816128425     0.013056922
     3.050000000     0.056491887     1.828053293     0.012881899
     3.060000000     0.055007565     1.839877349     0.012722725
     3.070000000     0.054008873     1.851648678     0.012578815
     3.080000000     0.053468870     1.863411300     0.012450760
     3.090000000     0.053360217     1.875197684     0.012340215
     3.100000000     0.053655621     1.887024111     0.012249766
     3.110000000     0.054328085     1.898888604     0.012182769
     3.120000000     0.055351027     1.910770617     0.012143187
     3.130000000     0.056698331     1.922632200     0.012135416
     3.140000000     0.058344412     1.934420947     0.012164118
     3.150000000     0.060264322     1.946074952     0.012234053
     3.160000000     0.062433971     1.957529460     0.012349940
     3.170000000     0.064830448     1.968724356     0.012516315
     3.180000000     0.067432462     1.979611621     0.012737419
     3.190000000     0.070220857     1.990162311     0.013017104
     3.200000000     0.073179171     2.000373042     0.013358760
     3.210000000     0.076294178     2.010271465     0.013765255
     3.220000000     0.079556356     2.019918585     0.014238905
     3.230000000     0.082960235     2.029404326     0.014781457
     3.240000000     0.086504577     2.038833942     0.015394090
     3.250000000     0.090192362     2.048307282     0.016077435
     3.260000000     0.094030586     2.057897619     0.016831615
     3.270000000     0.098029855     2.067637787     0.017656291
     3.280000000     0.102203824     2.077517670     0.018550733
     3.290000000     0.106568499     2.087491724     0.019513900
     3.300000000     0.111141443     2.097491739     0.020544529
     3.310000000     0.115940927     2.107439968     0.021641232
     3.320000000     0.120985037     2.117259837     0.022802606
     3.330000000     0.126290782     2.126883806     0.024027326
     3.340000000     0.131873189     2.136259135     0.025314246
     3.350000000     0.137744395     2.145352344     0.026662475
     3.360000000     0.143912731     2.154152631     0.028071446
     3.370000000     0.150381797     2.162674110     0.029540948
     3.380000000     0.157149527     2.170956101     0.031071139
     3.390000000     0.164207265     2.179059841     0.032662520
     3.400000000     0.171538884     2.187059346     0.034315880
     3.410000000     0.179120007     2.195025105     0.036032213
     3.420000000     0.186917383     2.203002584     0.037812606
     3.430000000     0.194888521     2.210991794     0.039658112
     3.440000000     0.202981644     2.218935855     0.041569617
     3.450000000     0.211136060     2.226723766     0.043547706
     3.460000000     0.219282997     2.234207072     0.045592547
     3.470000000     0.227346957     2.241225859     0.047703800
     3.480000000     0.235247563     2.247638223     0.049880563
     3.490000000     0.242901886     2.253347786     0.052121357
     3.500000000     0.250227149     2.258323843     0.054424163
     3.510000000     0.257143704     2.262608223     0.056786502
     3.520000000     0.263578109     2.266304554     0.059205563
     3.530000000     0.269466154     2.269551589     0.061678367
     3.540000000     0.274755642     2.272490652     0.064201955
     3.550000000     0.279408755     2.275242088     0.066773596
     3.560000000     0.283403864     2.277901663     0.069390989
     3.570000000     0.286736666     2.280556463     0.072052456
     3.580000000     0.289420581     2.283308080     0.074757101
     3.590000000     0.291486404     2.286286663     0.077504932
     3.600000000     0.292981250     2.289645055     0.080296925
     3.610000000     0.293966865     2.293533954     0.083135036
     3.620000000     0.294517453     2.298069078     0.086022140
     3.630000000     0.294717152     2.303304296     0.088961917
     3.640000000     0.294657329     2.309220598     0.091958662
     3.650000000     0.294433856     2.315733657     0.095017052
     3.660000000     0.294144501     2.322716380     0.098141858
     3.670000000     0.293886541     2.330028832     0.101337618
     3.680000000     0.293754670     2.337546414     0.104608288
     3.690000000     0.293839218     2.345178719     0.107956883
     3.700000000     0.294224668     2.352875894     0.111385115
     3.710000000     0.294988404     2.360624731     0.114893050
     3.720000000     0.296199624     2.368439726     0.118478798
     3.730000000     0.297918305     2.376353336     0.122138249
     3.740000000     0.300194145     2.384406507     0.125864862
     3.750000000     0.303065400     2.392638633     0.129649534
     3.760000000     0.306557575     2.401077221     0.133480541
     3.770000000     0.310681973     2.409729626     0.137343574
     3.780000000     0.315434149     2.418579438     0.141221865
     3.790000000     0.320792362     2.427587784     0.145096406
     3.800000000     0.326716166     2.436697174     0.148946264
     3.810000000     0.333145307     2.445834838     0.152748979
     3.820000000     0.339999119     2.454913996     0.156481034
     3.830000000     0.347176588     2.463833727     0.160118390
     3.840000000     0.354557266     2.472479495     0.163637058
     3.850000000     0.362003135     2.480726326     0.167013691
     3.860000000     0.369361514     2.488445511     0.170226179
     3.870000000     0.376468965     2.495514314     0.173254213
     3.880000000     0.383156149     2.501827481     0.176079807
     3.890000000     0.389253450     2.507309446     0.178687748
     3.900000000     0.394597136     2.511926611     0.181065967
     3.910000000     0.399035760     2.515699073     0.183205808
     3.920000000     0.402436479     2.518710381     0.185102199
     3.930000000     0.404690919     2.521113035     0.186753716
     3.940000000     0.405720247     2.523127684     0.188162547
     3.950000000     0.405479153     2.525034854     0.189334361
     3.960000000     0.403958457     2.527158548     0.190278107
     3.970000000     0.401186186     2.529840843     0.191005750
     3.980000000     0.397227026     2.533408279     0.191531959
     3.990000000     0.392180146     2.538135753     0.191873790
     4.000000000     0.386175520     2.544218901     0.192050347
     4.010000000     0.379368930     2.551765305     0.192082469
     4.020000000     0.371935925     2.560806395     0.191992438
     4.030000000     0.364065071     2.571321046     0.191803710
     4.040000000     0.355950838     2.583256801     0.191540689
     4.050000000     0.347786517     2.596539173     0.191228520
     4.060000000     0.339757508     2.611069718     0.190892901
     4.070000000     0.332035315     2.626721798     0.190559898
     4.080000000     0.324772511     2.643343596     0.190255749
     4.090000000     0.318098888     2.660771620     0.190006632
     4.100000000     0.312118939     2.678850427     0.189838384
     4.110000000     0.306910741     2.697450584     0.189776160
     4.120000000     0.302526248     2.716478204     0.189844004
     4.130000000     0.298992948     2.735873685     0.190064348
     4.140000000     0.296316810     2.755602122     0.190457425
     4.150000000     0.294486370     2.775640928     0.191040604
     4.160000000     0.293477840     2.795970478     0.191827676
     4.170000000     0.293261066     2.816571177     0.192828101
     4.180000000     0.293806183     2.837427007     0.194046259
     4.190000000     0.295090795     2.858533056     0.195480740
     4.200000000     0.297107507     2.879903527     0.197123706
     4.210000000     0.299871628     2.901576752     0.198960389
     4.220000000     0.303428837     2.923614385     0.200968748
     4.230000000     0.307862564     2.946093957     0.203119349
     4.240000000     0.313300808     2.969097380     0.205375482
     4.250000000     0.319922044     2.992700877     0.207693562
     4.260000000     0.327959828     3.016971273     0.210023820
     4.270000000     0.337705624     3.041969351     0.212311295
     4.280000000     0.349509369     3.067756437     0.214497111
     4.290000000     0.363777236     3.094398937     0.216520017
     4.300000000     0.380966084     3.121967693     0.218318142
     4.310000000     0.401574152     3.150532292     0.219830909
     4.320000000     0.426127646     3.180152380     0.221001045
     4.330000000     0.455163100     3.210867940     0.221776586
     4.340000000     0.489205584     3.242689441     0.222112805
     4.350000000     0.528743185     3.275588098     0.221973965
     4.360000000     0.574198523     3.309486391     0.221334805
     4.370000000     0.625898438     3.344248944     0.220181692
     4.380000000     0.684043352     3.379672855     0.218513356
     4.390000000     0.748678133     3.415475024     0.216341180
     4.400000000     0.819666503     3.451273220     0.213689004
     4.410000000     0.896671148     3.486559090     0.210592459
     4.420000000     0.979141635     3.520664641     0.207097839
     4.430000000     1.066311969     3.552727445     0.203260575
     4.440000000     1.157209239     3.581662520     0.199143381
     4.450000000     1.250674140     3.606150333     0.194814151
     4.460000000     1.345393444     3.624651246     0.190343719
     4.470000000     1.439943608     3.635458207     0.185803586
     4.480000000     1.532843855     3.636801828     0.181263713
     4.490000000     1.622616216     3.627023865     0.176790493
     4.500000000     1.707849340     3.604831818     0.172444973
     4.510000000     1.787262399     3.569630785     0.168281403
     4.520000000     1.859765178     3.521890317     0.164346157
     4.530000000     1.924510556     3.463446110     0.160677055
     4.540000000     1.980935941     3.397586939     0.157303078
     4.550000000     2.028790947     3.328789155     0.154244473
     4.560000000     2.068149485     3.262073348     0.151513203
     4.570000000     2.099405495     3.202135045     0.149113685
     4.580000000     2.123252711     3.152530297     0.147043775
     4.590000000     2.140649854     3.115177620     0.145295902
     4.600000000     2.152773656     3.090283089     0.143858314
     4.610000000     2.160962756     3.076618859     0.142716339
     4.620000000     2.166656012     3.071991339     0.141853622
     4.630000000     2.171328860     3.073743403     0.141253265
     4.640000000     2.176431262     3.079196836     0.140898835
     4.650000000     2.183330327     3.086000022     0.140775205
     4.660000000     2.193260188     3.092373001     0.140869193
     4.670000000     2.207280949     3.097240358     0.141170007
     4.680000000     2.226247849     3.100235569     0.141669471
     4.690000000     2.250791052     3.101572863     0.142362056
     4.700000000     2.281305901     3.101816630     0.143244726
     4.710000000     2.317952977     3.101607467     0.144316619
     4.720000000     2.360666973     3.101403924     0.145578605
     4.730000000     2.409173195     3.101279004     0.147032734
     4.740000000     2.463010390     3.100798383     0.148681634
     4.750000000     2.521558617     3.099007322     0.150527877
     4.760000000     2.584070867     3.094543086     0.152573362
     4.770000000     2.649707204     3.085857578     0.154818742
     4.780000000     2.717570210     3.071497362     0.157262930
     4.790000000     2.786740550     3.050368784     0.159902704
     4.800000000     2.856311431     3.021922859     0.162732435
     4.810000000     2.925420767     2.986222646     0.165743944
     4.820000000     2.993279840     2.943893920     0.168926495
     4.830000000     3.059197331     2.895993222     0.172266917
     4.840000000     3.122597705     2.843840793     0.175749843
     4.850000000     3.183033143     2.788856674     0.179358058
     4.860000000     3.240188481     2.732420237     0.183072914
     4.870000000     3.293878985     2.675761833     0.186874812
     4.880000000     3.344041158     2.619890800     0.190743697
     4.890000000     3.390717194     2.565559350     0.194659563
     4.900000000     3.434034097     2.513253785     0.198602924
     4.910000000     3.474178790     2.463196177     0.202555240
     4.920000000     3.511370808     2.415338311     0.206499276
     4.930000000     3.545834295     2.369343607     0.210419378
     4.940000000     3.577771066     2.324578236     0.214301664
     4.950000000     3.607336361     2.280148834     0.218134128
     4.960000000     3.634618736     2.235010714     0.221906645
     4.970000000     3.659625233     2.188133470     0.225610903
     4.980000000     3.682272603     2.138678302     0.229240254
     4.990000000     3.702384974     2.086135008     0.232789510
     5.000000000     3.719697982     2.030382858     0.236254679
     5.010000000     3.733869003     1.971661970     0.239632672
     5.020000000     3.744492813     1.910463434     0.242920985
     5.030000000     3.751121778     1.847370496     0.246117366
     5.040000000     3.753289451     1.782904378     0.249219492
     5.050000000     3.750536364     1.717428682     0.252224654
     5.060000000     3.742436754     1.651137374     0.255129474
     5.070000000     3.728624926     1.584111125     0.257929658
     5.080000000     3.708820067     1.516404439     0.260619801
     5.090000000     3.682848349     1.448132623     0.263193252
     5.100000000     3.650661328     1.379547503     0.265642044
     5.110000000     3.612349767     1.311101589     0.267956907
     5.120000000     3.568152187     1.243494737     0.270127359
     5.130000000     3.518457639     1.177684898     0.272141880
     5.140000000     3.463802388     1.114839199     0.273988164
     5.150000000     3.404860431     1.056212659     0.275653454
     5.160000000     3.342427979     1.002969261     0.277124929
     5.170000000     3.277402295     0.955992046     0.278390141
     5.180000000     3.210755465     0.915744935     0.279437489
     5.190000000     3.143503957     0.882234049     0.280256685
     5.200000000     3.076674971     0.855075578     0.280839219
     5.210000000     3.011270797     0.833634284     0.281178770
     5.220000000     2.948232536     0.817175478     0.281271568
     5.230000000     2.888404625     0.804980774     0.281116671
     5.240000000     2.832501695     0.796403934     0.280716152
     5.250000000     2.781079258     0.790870933     0.280075183
     5.260000000     2.734509675     0.787845621     0.279202018
     5.270000000     2.692964733     0.786784661     0.278107879
     5.280000000     2.656405940     0.787096505     0.276806742
     5.290000000     2.624583376     0.788107827     0.275315056
     5.300000000     2.597043615     0.789036251     0.273651397
     5.310000000     2.573146787     0.788972749     0.271836074
     5.320000000     2.552092429     0.786884970     0.269890715
     5.330000000     2.532953275     0.781655463     0.267837853
     5.340000000     2.514715661     0.772163465     0.265700508
     5.350000000     2.496324780     0.757408276     0.263501807
     5.360000000     2.476732655     0.736659885     0.261264627
     5.370000000     2.454946415     0.709611931     0.259011291
     5.380000000     2.430074377     0.676507841     0.256763297
     5.390000000     2.401367407     0.638214862     0.254541106
     5.400000000     2.368253298     0.596227323     0.252363977
     5.410000000     2.330362230     0.552583403     0.250249837
     5.420000000     2.287541907     0.509683941     0.248215213
     5.430000000     2.239861582     0.470020254     0.246275182
     5.440000000     2.187604880     0.435852662     0.244443369
     5.450000000     2.131252012     0.408913072     0.242731970
     5.460000000     2.071452651     0.390208137     0.241151789
     5.470000000     2.008991274     0.379967551     0.239712296
     5.480000000     1.944747209     0.377732600     0.238421688
     5.490000000     1.879651868     0.382539777     0.237286936
     5.500000000     1.814645698     0.393139361     0.236313822
     5.510000000     1.750637268     0.408198594     0.235506945
     5.520000000     1.688466612     0.426460690     0.234869676
     5.530000000     1.628874555     0.446850390     0.234404072
     5.540000000     1.572479185     0.468526735     0.234110718
     5.550000000     1.519760165     0.490886794     0.233988507
     5.560000000     1.471050958     0.513527590     0.234034351
     5.570000000     1.426538593     0.536181277     0.234242825
     5.580000000     1.386270179     0.558646050     0.234605773
     5.590000000     1.350165047     0.580735086     0.235111874
     5.600000000     1.318031232     0.602256273     0.235746214
     5.610000000     1.289584924     0.623022189     0.236489896
     5.620000000     1.264471542     0.642879199     0.237319720
     5.630000000     1.242287210     0.661739289     0.238207985
     5.640000000     1.222599584     0.679598613     0.239122462
     5.650000000     1.204967214     0.696533362     0.240026558
     5.660000000     1.188956845     0.712675481     0.240879732
     5.670000000     1.174158284     0.728181991     0.241638163
     5.680000000     1.160196694     0.743213487     0.242255688
     5.690000000     1.146742297     0.757927134     0.242685006
     5.700000000     1.133517640     0.772475847     0.242879104
     5.710000000     1.120302627     0.787001481     0.242792884
     5.720000000     1.106937577     0.801620427     0.242384907
     5.730000000     1.093324578     0.816414507     0.241619183
     5.740000000     1.079427360     0.831442746     0.240466934
     5.750000000     1.065269906     0.846775387     0.238908207
     5.760000000     1.050933940     0.862531729     0.236933283
     5.770000000     1.036555401     0.878895169     0.234543770
     5.780000000     1.022319964     0.896090033     0.231753321
     5.790000000     1.008457640     0.914328682     0.228587926
     5.800000000     0.995236481     0.933757657     0.225085746
     5.810000000     0.982955428     0.954433335     0.221296481
     5.820000000     0.971936366     0.976338992     0.217280302
     5.830000000     0.962515488     0.999429916     0.213106371
     5.840000000     0.955034148     1.023678824     0.208851031
     5.850000000     0.949829419     1.049097156     0.204595734
     5.860000000     0.947224657     1.075722470     0.200424798
     5.870000000     0.947520394     1.103577563     0.196423084
     5.880000000     0.950985949     1.132617067     0.192673693
     5.890000000     0.957852105     1.162681101     0.189255761
     5.900000000     0.968305237     1.193473060     0.186242429
     5.910000000     0.982483168     1.224569459     0.183699061
     5.920000000     1.000472964     1.255456974     0.181681736
     5.930000000     1.022310801     1.285581936     0.180236067
     5.940000000     1.047983835     1.314397335     0.179396355
     5.950000000     1.077433942     1.341401367     0.179185072
     5.960000000     1.110563004     1.366171479     0.179612678
     5.970000000     1.147239309     1.388398396     0.180677742
     5.980000000     1.187304539     1.407914799     0.182367353
     5.990000000     1.230580744     1.424703799     0.184657772
     6.000000000     1.276876689     1.438874890     0.187515310
     6.010000000     1.325992998     1.450610406     0.190897386
     6.020000000     1.377725572     1.460101606     0.194753724
     6.030000000     1.431866916     1.467498054     0.199027662
     6.040000000     1.488205155     1.472885337     0.203657534
     6.050000000     1.546520715     1.476292332     0.208578073
     6.060000000     1.606580855     1.477717790     0.213721834
     6.070000000     1.668132425     1.477158692     0.219020561
     6.080000000     1.730893435     1.474620538     0.224406510
     6.090000000     1.794544136     1.470096103     0.229813671
     6.100000000     1.858718456     1.463515921     0.235178878
     6.110000000     1.922996637     1.454693684     0.240442793
     6.120000000     1.986899936     1.443299299     0.245550742
     6.130000000     2.049888147     1.428882308     0.250453408
     6.140000000     2.111360568     1.410942066     0.255107364
     6.150000000     2.170660814     1.389014829     0.259475470
     6.160000000     2.227085681     1.362740162     0.263527125
     6.170000000     2.279897943     1.331885815     0.267238397
     6.180000000     2.328342753     1.296338814     0.270592030
     6.190000000     2.371667020     1.256089847     0.273577369
     6.200000000     2.409140935     1.211235885     0.276190178
     6.210000000     2.440080641     1.162007983     0.278432399
     6.220000000     2.463870926     1.108813568     0.280311837
     6.230000000     2.479986800     1.052276030     0.281841791
     6.240000000     2.488012820     0.993255306     0.283040627
     6.250000000     2.487659183     0.932832446     0.283931304
     6.260000000     2.478773727     0.872240961     0.284540843
     6.270000000     2.461349256     0.812742006     0.284899758
     6.280000000     2.435525813     0.755472269     0.285041428
     6.290000000     2.401587856     0.701321879     0.285001436
     6.300000000     2.359956516     0.650896520     0.284816860
     6.310000000     2.311177397     0.604576993     0.284525545
     6.320000000     2.255904602     0.562635664     0.284165346
     6.330000000     2.194881801     0.525339211     0.283773376
     6.340000000     2.128921315     0.492981984     0.283385253
     6.350000000     2.058882206     0.465842217     0.283034389
     6.360000000     1.985648368     0.444099086     0.282751318
     6.370000000     1.910107540     0.427762841     0.282563093
     6.380000000     1.833132062     0.416652488     0.282492773
     6.390000000     1.755562020     0.410426260     0.282559006
     6.400000000     1.678191273     0.408647820     0.282775735
     6.410000000     1.601756634     0.410861614     0.283152029
     6.420000000     1.526930325     0.416652393     0.283692057
     6.430000000     1.454315602     0.425674073     0.284395190
     6.440000000     1.384445304     0.437647610     0.285256253
     6.450000000     1.317782958     0.452339628     0.286265899
     6.460000000     1.254725939     0.469537606     0.287411101
     6.470000000     1.195610152     0.489033318     0.288675747
     6.480000000     1.140715650     0.510618848     0.290041312
     6.490000000     1.090272630     0.534092957     0.291487579
     6.500000000     1.044467267     0.559271413     0.292993387
     6.510000000     1.003446952     0.585993193     0.294537377
     6.520000000     0.967324546     0.614116826     0.296098698
     6.530000000     0.936181416     0.643507405     0.297657652
     6.540000000     0.910069098     0.674021299     0.299196259
     6.550000000     0.889009581     0.705496817     0.300698704
     6.560000000     0.872994300     0.737753825     0.302151673
     6.570000000     0.861982045     0.770598055     0.303544541
     6.580000000     0.855896056     0.803822605     0.304869432
     6.590000000     0.854620663     0.837202104     0.306121137
     6.600000000     0.857997852     0.870481509     0.307296899
     6.610000000     0.865824162     0.903366544     0.308396082
     6.620000000     0.877848284     0.935523018     0.309419738
     6.630000000     0.893769726     0.966587830     0.310370087
     6.640000000     0.913238830     0.996188425     0.311249944
     6.650000000     0.935858356     1.023963846     0.312062115
     6.660000000     0.961186752     1.049581194     0.312808786
     6.670000000     0.988743181     1.072745536     0.313490943
     6.680000000     1.018014222     1.093206784     0.314107837
     6.690000000     1.048462136     1.110770675     0.314656539
     6.700000000     1.079534478     1.125319643     0.315131587
     6.710000000     1.110674794     1.136841808     0.315524762
     6.720000000     1.141334075     1.145455810     0.315825002
     6.730000000     1.170982617     1.151414002     0.316018453
     6.740000000     1.199121912     1.155073536     0.316088680
     6.750000000     1.225296166     1.156841304     0.316017014
     6.760000000     1.249103059     1.157112112     0.315783034
     6.770000000     1.270203354     1.156219993     0.315365168
     6.780000000     1.288328971     1.154413168     0.314741393
     6.790000000     1.303289206     1.151854636     0.313889998
     6.800000000     1.314974760     1.148648450     0.312790396
     6.810000000     1.323359363     1.144891544     0.311423948
     6.820000000     1.328498809     1.140745148     0.309774760
     6.830000000     1.330527331     1.136507868     0.307830449
     6.840000000     1.329651375     1.132662427     0.305582819
     6.850000000     1.326140929     1.129869468     0.303028447
     6.860000000     1.320318732     1.128897348     0.300169150
     6.870000000     1.312547796     1.130500535     0.297012310
     6.880000000     1.303217815     1.135279908     0.293571048
     6.890000000     1.292731123     1.143566027     0.289864248
     6.900000000     1.281488929     1.155358170     0.285916403
     6.910000000     1.269878582     1.170332791     0.281757304
     6.920000000     1.258262572     1.187914622     0.277421559
     6.930000000     1.246969910     1.207389455     0.272947961
     6.940000000     1.236290401     1.228032595     0.268378708
     6.950000000     1.226472138     1.249228447     0.263758496
     6.960000000     1.217722382     1.270560254     0.259133506
     6.970000000     1.210211756     1.291852307     0.254550306
     6.980000000     1.204081526     1.313152963     0.250054703
     6.990000000     1.199453515     1.334660290     0.245690574
     7.000000000     1.196442101     1.356612598     0.241498715
     7.010000000     1.195167632     1.379184991     0.237515743
     7.020000000     1.195770543     1.402436800     0.233773090
     7.030000000     1.198425509     1.426334767     0.230296131
     7.040000000     1.203354969     1.450839269     0.227103473
     7.050000000     1.210841510     1.476006584     0.224206443
     7.060000000     1.221238670     1.502051179     0.221608786
     7.070000000     1.234979876     1.529334177     0.219306613
     7.080000000     1.252585325     1.558282706     0.217288580
     7.090000000     1.274666697     1.589276156     0.215536310
     7.100000000     1.301929619     1.622544590     0.214025053
     7.110000000     1.335173788     1.658112565     0.212724541
     7.120000000     1.375290551     1.695798984     0.211600021
     7.130000000     1.423257642     1.735261135     0.210613430
     7.140000000     1.480130563     1.776056511     0.209724652
     7.150000000     1.547029943     1.817694452     0.208892813
     7.160000000     1.625124016     1.859661246     0.208077566
     7.170000000     1.715605266     1.901420100     0.207240310
     7.180000000     1.819660256     1.942400935     0.206345294
     7.190000000     1.938431796     1.981998505     0.205360572
     7.200000000     2.072972868     2.019591082     0.204258769
     7.210000000     2.224192203     2.054578846     0.203017636
     7.220000000     2.392792065     2.086424960     0.201620391
     7.230000000     2.579199581     2.114669962     0.200055838
     7.240000000     2.783493890     2.138891095     0.198318278
     7.250000000     3.005332350     2.158598189     0.196407239
     7.260000000     3.243879950     2.173089076     0.194327048
     7.270000000     3.497746845     2.181309970     0.192086288
     7.280000000     3.764939441     2.181762404     0.189697179
     7.290000000     4.042830589     2.172470527     0.187174919
     7.300000000     4.328154172     2.150991830     0.184537026
     7.310000000     4.617028560     2.114442550     0.181802713
     7.320000000     4.905012128     2.059524300     0.178992329
     7.330000000     5.187192280     1.982572267     0.176126868
     7.340000000     5.458307317     1.879676849     0.173227576
     7.350000000     5.712898132     1.746938448     0.170315635
     7.360000000     5.945484368     1.580891759     0.167411942
     7.370000000     6.150757428     1.379089583     0.164536942
     7.380000000     6.323780920     1.140778206     0.161710519
     7.390000000     6.460187821     0.867535236     0.158951916
     7.400000000     6.556363118     0.563696595     0.156279661
     7.410000000     6.609600933     0.236408478     0.153711485
     7.420000000     6.618226287    -0.104778060     0.151264214
     7.430000000     6.581673547    -0.448727680     0.148953628
     7.440000000     6.500516185    -0.783807948     0.146794269
     7.450000000     6.376445541    -1.099047173     0.144799220
     7.460000000     6.212199542    -1.385176883     0.142979832
     7.470000000     6.011445582    -1.635413464     0.141345438
     7.480000000     5.778624654    -1.845880224     0.139903046
     7.490000000     5.518766238    -2.015623056     0.138657035
     7.500000000     5.237285020    -2.146246388     0.137608874
     7.510000000     4.939771343    -2.241284708     0.136756880
     7.520000000     4.631787084    -2.305481988     0.136096036
     7.530000000     4.318677742    -2.344135770     0.135617878
     7.540000000     4.005409738    -2.362587391     0.135310476
     7.550000000     3.696439713    -2.365858932     0.135158509
     7.560000000     3.395619963    -2.358395189     0.135143453
     7.570000000     3.106141494    -2.343871485     0.135243873
     7.580000000     2.830513594    -2.325054684     0.135435830
     7.590000000     2.570576582    -2.303732551     0.135693388
     7.600000000     2.327542667    -2.280741476     0.135989210
     7.610000000     2.102058642    -2.256116045     0.136295237
     7.620000000     1.894283596    -2.229352730     0.136583407
     7.630000000     1.703974819    -2.199734466     0.136826411
     7.640000000     1.530575609    -2.166631394     0.136998438
     7.650000000     1.373299591    -2.129701648     0.137075893
     7.660000000     1.231207364    -2.088962233     0.137038039
     7.670000000     1.103272554    -2.044752368     0.136867543
     7.680000000     0.988435689    -1.997639667     0.136550901
     7.690000000     0.885645473    -1.948316593     0.136078711
     7.700000000     0.793888023    -1.897514649     0.135445781
     7.710000000     0.712205398    -1.845943661     0.134651073
     7.720000000     0.639705199    -1.794251906     0.133697482
     7.730000000     0.575563264    -1.742999627     0.132591452
     7.740000000     0.519021476    -1.692640143     0.131342469
     7.750000000     0.469382546    -1.643506354     0.129962446
     7.760000000     0.426003315    -1.595804776     0.128465039
     7.770000000     0.388287794    -1.549622452     0.126864930
     7.780000000     0.355680780    -1.504951036     0.125177115
     7.790000000     0.327662524    -1.461725683     0.123416246
     7.800000000     0.303744663    -1.419867997     0.121596034
     7.810000000     0.283467385    -1.379319139     0.119728770
     7.820000000     0.266397655    -1.340054760     0.117824956
     7.830000000     0.252128255    -1.302082983     0.115893076
     7.840000000     0.240277351    -1.265433065     0.113939492
     7.850000000     0.230488366    -1.230142107     0.111968474
     7.860000000     0.222429935    -1.196243136     0.109982327
     7.870000000     0.215795834    -1.163754573     0.107981624
     7.880000000     0.210304797    -1.132671097     0.105965495
     7.890000000     0.205700222    -1.102958129     0.103931964
     7.900000000     0.201749779    -1.074553366     0.101878301
     7.910000000     0.198244977    -1.047376841     0.099801371
     7.920000000     0.195000724    -1.021346538     0.097697963
     7.930000000     0.191854932    -0.996393174     0.095565081
     7.940000000     0.188668169    -0.972467647     0.093400184
     7.950000000     0.185323361    -0.949537951     0.091201388
     7.960000000     0.181725508    -0.927576660     0.088967603
     7.970000000     0.177801346    -0.906543557     0.086698633
     7.980000000     0.173498896    -0.886369647     0.084395223
     7.990000000     0.168786821    -0.866948529     0.082059074
     8.000000000     0.163653513    -0.848138841     0.079692820
     8.010000000     0.158105860    -0.829777594     0.077299987
     8.020000000     0.152167654    -0.811700058     0.074884925
     8.030000000     0.145877636    -0.793759470     0.072452721
     8.040000000     0.139287186    -0.775840765     0.070009103
     8.050000000     0.132457741    -0.757866137     0.067560330
     8.060000000     0.125457983    -0.739794168     0.065113069
     8.070000000     0.118360932    -0.721615790     0.062674268
     8.080000000     0.111241033    -0.703349300     0.060251015
     8.090000000     0.104171379    -0.685034683     0.057850403
     8.100000000     0.097221166    -0.666726777     0.055479382
     8.110000000     0.090453488    -0.648487411     0.053144625
     8.120000000     0.083923569    -0.630377715     0.050852388
     8.130000000     0.077677456    -0.612452125     0.048608394
     8.140000000     0.071751233    -0.594755001     0.046417718
     8.150000000     0.066170737    -0.577319758     0.044284704
     8.160000000     0.060951742    -0.560169647     0.042212898
     8.170000000     0.056100571    -0.543319190     0.040205001
     8.180000000     0.051615058    -0.526775628     0.038262857
     8.190000000     0.047485768    -0.510540175     0.036387461
     8.200000000     0.043697401    -0.494609104     0.034578992
     8.210000000     0.040230285    -0.478974692     0.032836874
     8.220000000     0.037061878    -0.463626000     0.031159849
     8.230000000     0.034168212    -0.448549453     0.029546076
     8.240000000     0.031525238    -0.433729320     0.027993236
     8.250000000     0.029110018    -0.419148354     0.026498652
     8.260000000     0.026901768    -0.404788823     0.025059411
     8.270000000     0.024882737    -0.390633850     0.023672485
     8.280000000     0.023038939    -0.376668737     0.022334851
     8.290000000     0.021360758    -0.362881850     0.021043606
     8.300000000     0.019843453    -0.349264849     0.019796065
     8.310000000     0.018487594    -0.335812251     0.018589849
     8.320000000     0.017299435    -0.322520507     0.017422956
     8.330000000     0.016291256    -0.309386885     0.016293812
     8.340000000     0.015481660    -0.296408447     0.015201301
     8.350000000     0.014895810    -0.283581346     0.014144778
     8.360000000     0.014565580    -0.270900548     0.013124053
     8.370000000     0.014529554    -0.258359956     0.012139360
     8.380000000     0.014832820    -0.245952841     0.011191312
     8.390000000     0.015526476    -0.233672455     0.010280825
     8.400000000     0.016666755    -0.221512668     0.009409048
     8.410000000     0.018313717    -0.209468543     0.008577269
     8.420000000     0.020529402    -0.197536822     0.007786821
     8.430000000     0.023375443    -0.185716332     0.007038994
     8.440000000     0.026910105    -0.174008412     0.006334941
     8.450000000     0.031184795    -0.162417437     0.005675593
     8.460000000     0.036240150    -0.150951603     0.005061597
     8.470000000     0.042101833    -0.139624122     0.004493251
     8.480000000     0.048776267    -0.128454967     0.003970466
     8.490000000     0.056246553    -0.117473238     0.003492744
     8.500000000     0.064468878    -0.106720228     0.003059169
     8.510000000     0.073369737    -0.096253245     0.002668420
     8.520000000     0.082844282    -0.086150259     0.002318794
     8.530000000     0.092756079    -0.076515311     0.002008247
     8.540000000     0.102938509    -0.067484329     0.001734442
     8.550000000     0.113197930    -0.059230417     0.001494808
     8.560000000     0.123318639    -0.051966774     0.001286601
     8.570000000     0.133069512    -0.045944068     0.001106970
     8.580000000     0.142212092    -0.041437609     0.000953023
     8.590000000     0.150509750    -0.038718750     0.000821884
     8.600000000     0.157737440    -0.038006179     0.000710753
     8.610000000     0.163691490    -0.039398436     0.000616957
     8.620000000     0.168198844    -0.042800237     0.000537986
     8.630000000     0.171125155    -0.047869031     0.000471532
     8.640000000     0.172381196    -0.054014841     0.000415508
     8.650000000     0.171927168    -0.060473900     0.000368066
     8.660000000     0.169774602    -0.066443651     0.000327599
     8.670000000     0.165985722    -0.071232397     0.000292740
     8.680000000     0.160670315    -0.074368058     0.000262355
     8.690000000     0.153980332    -0.075634573     0.000235521
     8.700000000     0.146102569    -0.075041559     0.000211511
     8.710000000     0.137249934    -0.072756831     0.000189771
     8.720000000     0.127651851    -0.069033298     0.000169890
     8.730000000     0.117544412    -0.064149970     0.000151580
     8.740000000     0.107160850    -0.058373448     0.000134645
     8.750000000     0.096722860    -0.051937761     0.000118964
     8.760000000     0.086433194    -0.045037220     0.000104465
     8.770000000     0.076469835    -0.037826986     0.000091109
     8.780000000     0.066981933    -0.030427467     0.000078876
     8.790000000     0.058087535    -0.022930046     0.000067751
     8.800000000     0.049873040    -0.015402797     0.000057716
     8.810000000     0.042394179    -0.007895567     0.000048748
     8.820000000     0.035678289    -0.000444208     0.000040812
     8.830000000     0.029727553     0.006926029     0.000033860
     8.840000000     0.024522887     0.014197839     0.000027834
     8.850000000     0.020028169     0.021359822     0.000022667
     8.860000000     0.016194522     0.028404938     0.000018285
     8.870000000     0.012964392     0.035329337     0.000014609
     8.880000000     0.010275273     0.042131481     0.000011561
     8.890000000     0.008062908     0.048811494     0.000009060
     8.900000000     0.006263934     0.055370674     0.000007031
     8.910000000     0.004817921     0.061811134     0.000005403
     8.920000000     0.003668845     0.068135537     0.000004111
     8.930000000     0.002766025     0.074346895     0.000003098
     8.940000000     0.002064619     0.080448433     0.000002311
     8.950000000     0.001525741     0.086443478     0.000001707
     8.960000000     0.001116295     0.092335389     0.000001249
     8.970000000     0.000808600     0.098127500     0.000000904
     8.980000000     0.000579891     0.103823083     0.000000648
     8.990000000     0.000411733     0.109425325     0.000000460
     9.000000000     0.000289429     0.114937309     0.000000323
     9.010000000     0.000201430     0.120362004     0.000000225
     9.020000000     0.000138792     0.125702262     0.000000155
     9.030000000     0.000094681     0.130960812     0.000000106
     9.040000000     0.000063947     0.136140263     0.000000071
     9.050000000     0.000042759     0.141243107     0.000000048
     9.060000000     0.000028307     0.146271718     0.000000032
     9.070000000     0.000018553     0.151228363     0.000000021
     9.080000000     0.000012039     0.156115201     0.000000013
     9.090000000     0.000007735     0.160934288     0.000000009
     9.100000000     0.000004920     0.165687588     0.000000005
     9.110000000     0.000003098     0.170376969     0.000000003
     9.120000000     0.000001932     0.175004216     0.000000002
     9.130000000     0.000001192     0.179571030     0.000000001
     9.140000000     0.000000729     0.184079039     0.000000001
     9.150000000     0.000000441     0.188529792     0.000000000
     9.160000000     0.000000264     0.192924776     0.000000000
     9.170000000     0.000000157     0.197265408     0.000000000
     9.180000000     0.000000092     0.201553048     0.000000000
     9.190000000     0.000000053     0.205788997     0.000000000
     9.200000000     0.000000031     0.209974501     0.000000000
     9.210000000     0.000000018     0.214110757     0.000000000
     9.220000000     0.000000010     0.218198913     0.000000000
     9.230000000     0.000000006     0.222240071     0.000000000
     9.240000000     0.000000003     0.226235289     0.000000000
     9.250000000     0.000000002     0.230185588     0.000000000
     9.260000000     0.000000001     0.234091947     0.000000001
     9.270000000     0.000000001     0.237955310     0.000000001
     9.280000000     0.000000002     0.241776588     0.000000002
     9.290000000     0.000000002     0.245556656     0.000000003
     9.300000000     0.000000004     0.249296363     0.000000005
     9.310000000     0.000000006     0.252996523     0.000000008
     9.320000000     0.000000009     0.256657928     0.000000013
     9.330000000     0.000000013     0.260281338     0.000000019
     9.340000000     0.000000020     0.263867493     0.000000030
     9.350000000     0.000000031     0.267417104     0.000000045
     9.360000000     0.000000046     0.270930864     0.000000067
     9.370000000     0.000000069     0.274409441     0.000000099
     9.380000000     0.000000101     0.277853484     0.000000146
     9.390000000     0.000000147     0.281263622     0.000000212
     9.400000000     0.000000211     0.284640464     0.000000305
     9.410000000     0.000000301     0.287984603     0.000000435
     9.420000000     0.000000425     0.291296614     0.000000613
     9.430000000     0.000000594     0.294577054     0.000000856
     9.440000000     0.000000821     0.297826466     0.000001184
     9.450000000     0.000001124     0.301045378     0.000001621
     9.460000000     0.000001523     0.304234303     0.000002197
     9.470000000     0.000002044     0.307393739     0.000002948
     9.480000000     0.000002715     0.310524173     0.000003917
     9.490000000     0.000003572     0.313626077     0.000005151
     9.500000000     0.000004651     0.316699910     0.000006708
     9.510000000     0.000005997     0.319746122     0.000008649
     9.520000000     0.000007654     0.322765149     0.000011040
     9.530000000     0.000009673     0.325757414     0.000013952
     9.540000000     0.000012103     0.328723331     0.000017456
     9.550000000     0.000014992     0.331663302     0.000021623
     9.560000000     0.000018386     0.334577718     0.000026519
     9.570000000     0.000022325     0.337466955     0.000032199
     9.580000000     0.000026837     0.340331381     0.000038707
     9.590000000     0.000031940     0.343171348     0.000046067
     9.600000000     0.000037635     0.345987195     0.000054281
     9.610000000     0.000043905     0.348779243     0.000063324
     9.620000000     0.000050709     0.351547796     0.000073138
     9.630000000     0.000057985     0.354293138     0.000083632
     9.640000000     0.000065645     0.357015526     0.000094680
     9.650000000     0.000073578     0.359715189     0.000106122
     9.660000000     0.000081649     0.362392323     0.000117763
     9.670000000     0.000089703     0.365047086     0.000129380
     9.680000000     0.000097572     0.367679599     0.000140729
     9.690000000     0.000105075     0.370289952     0.000151550
     9.700000000     0.000112029     0.372878213     0.000161580
     9.710000000     0.000118254     0.375444460     0.000170559
     9.720000000     0.000123584     0.377988822     0.000178245
     9.730000000     0.000127868     0.380511535     0.000184425
     9.740000000     0.000130985     0.383012998     0.000188920
     9.750000000     0.000132842     0.385493801     0.000191599
     9.760000000     0.000133386     0.387954710     0.000192383
     9.770000000     0.000132599     0.390396584     0.000191248
     9.780000000     0.000130505     0.392820271     0.000188228
     9.790000000     0.000127166     0.395226490     0.000183412
     9.800000000     0.000122679     0.397615773     0.000176941
     9.810000000     0.000117173     0.399988449     0.000169000
     9.820000000     0.000110801     0.402344685     0.000159809
     9.830000000     0.000103733     0.404684544     0.000149614
     9.840000000     0.000096149     0.407008034     0.000138676
     9.850000000     0.000088233     0.409315151     0.000127259
     9.860000000     0.000080163     0.411605905     0.000115620
     9.870000000     0.000072107     0.413880328     0.000104000
     9.880000000     0.000064214     0.416138482     0.000092617
     9.890000000     0.000056617     0.418380454     0.000081659
     9.900000000     0.000049422     0.420606351     0.000071281
     9.910000000     0.000042712     0.422816301     0.000061603
     9.920000000     0.000036545     0.425010442     0.000052710
     9.930000000     0.000030958     0.427188924     0.000044651
     9.940000000     0.000025964     0.429351902     0.000037448
     9.950000000     0.000021559     0.431499537     0.000031095
     9.960000000     0.000017723     0.433631992     0.000025562
     9.970000000     0.000014425     0.435749430     0.000020805
     9.980000000     0.000011624     0.437852016     0.000016765
     9.990000000     0.000009273     0.439939913     0.000013375
    10.000000000     0.000007324     0.442013284     0.000010564
    10.010000000     0.000005728     0.444072289     0.000008261
    10.020000000     0.000004434     0.446117088     0.000006396
    10.030000000     0.000003399     0.448147838     0.000004902
    10.040000000     0.000002579     0.450164694     0.000003720
    10.050000000     0.000001938     0.452167808     0.000002795
    10.060000000     0.000001442     0.454157331     0.000002079
    10.070000000     0.000001062     0.456133412     0.000001531
    10.080000000     0.000000774     0.458096196     0.000001116
    10.090000000     0.000000559     0.460045827     0.000000806
    10.100000000     0.000000399     0.461982446     0.000000576
    10.110000000     0.000000283     0.463906193     0.000000408
    10.120000000     0.000000198     0.465817206     0.000000285
    10.130000000     0.000000137     0.467715617     0.000000198
    10.140000000     0.000000094     0.469601562     0.000000136
    10.150000000     0.000000064     0.471475170     0.000000092
    10.160000000     0.000000043     0.473336570     0.000000062
    10.170000000     0.000000029     0.475185890     0.000000041
    10.180000000     0.000000019     0.477023253     0.000000027
    10.190000000     0.000000012     0.478848783     0.000000018
    10.200000000     0.000000008     0.480662601     0.000000012
    10.210000000     0.000000005     0.482464826     0.000000007
    10.220000000     0.000000003     0.484255576     0.000000005
    10.230000000     0.000000002     0.486034967     0.000000003
    10.240000000     0.000000001     0.487803112     0.000000002
    10.250000000     0.000000001     0.489560124     0.000000001
    10.260000000     0.000000000     0.491306114     0.000000001
    10.270000000     0.000000000     0.493041190     0.000000000
    10.280000000     0.000000000     0.494765461     0.000000000
    10.290000000     0.000000000     0.496479033     0.000000000
    10.300000000     0.000000000     0.498182009     0.000000000
    10.310000000     0.000000000     0.499874494     0.000000000
    10.320000000     0.000000000     0.501556589     0.000000000
    10.330000000     0.000000000     0.503228393     0.000000000
    10.340000000     0.000000000     0.504890006     0.000000000
    10.350000000     0.000000000     0.506541525     0.000000000
    10.360000000     0.000000000     0.508183047     0.000000000
    10.370000000     0.000000000     0.509814665     0.000000000
    10.380000000     0.000000000     0.511436474     0.000000000
    10.390000000     0.000000000     0.513048566     0.000000000
    10.400000000     0.000000000     0.514651031     0.000000000
    10.410000000     0.000000000     0.516243960     0.000000000
    10.420000000     0.000000000     0.517827441     0.000000000
    10.430000000     0.000000000     0.519401562     0.000000000
    10.440000000     0.000000000     0.520966408     0.000000000
    10.450000000     0.000000000     0.522522065     0.000000000
    10.460000000     0.000000000     0.524068617     0.000000000
    10.470000000     0.000000000     0.525606146     0.000000000
    10.480000000     0.000000000     0.527134736     0.000000000
    10.490000000     0.000000000     0.528654465     0.000000000
    10.500000000     0.000000000     0.530165415     0.000000000
    10.510000000     0.000000000     0.531667663     0.000000000
    10.520000000     0.000000000     0.533161288     0.000000000
    10.530000000     0.000000000     0.534646367     0.000000000
    10.540000000     0.000000000     0.536122974     0.000000000
    10.550000000     0.000000000     0.537591185     0.000000000
    10.560000000     0.000000000     0.539051075     0.000000000
    10.570000000     0.000000000     0.540502715     0.000000000
    10.580000000     0.000000000     0.541946177     0.000000000
    10.590000000     0.000000000     0.543381534     0.000000000
    10.600000000     0.000000000     0.544808855     0.000000000
    10.610000000     0.000000000     0.546228210     0.000000000
    10.620000000     0.000000000     0.547639667     0.000000000
    10.630000000     0.000000000     0.549043294     0.000000000
    10.640000000     0.000000000     0.550439159     0.000000000
    10.650000000     0.000000000     0.551827326     0.000000000
    10.660000000     0.000000000     0.553207863     0.000000000
    10.670000000     0.000000000     0.554580832     0.000000000
    10.680000000     0.000000000     0.555946299     0.000000000
    10.690000000     0.000000000     0.557304325     0.000000000
    10.700000000     0.000000000     0.558654974     0.000000000
    10.710000000     0.000000000     0.559998306     0.000000000
    10.720000000     0.000000000     0.561334384     0.000000000
    10.730000000     0.000000000     0.562663266     0.000000000
    10.740000000     0.000000000     0.563985013     0.000000000
    10.750000000     0.000000000     0.565299683     0.000000000
    10.760000000     0.000000000     0.566607334     0.000000000
    10.770000000     0.000000000     0.567908023     0.000000000
    10.780000000     0.000000000     0.569201808     0.000000000
    10.790000000     0.000000000     0.570488745     0.000000000
    10.800000000     0.000000000     0.571768888     0.000000000
    10.810000000     0.000000000     0.573042294     0.000000000
    10.820000000     0.000000000     0.574309015     0.000000000
    10.830000000     0.000000000     0.575569106     0.000000000
    10.840000000     0.000000000     0.576822620     0.000000000
    10.850000000     0.000000000     0.578069608     0.000000000
    10.860000000     0.000000000     0.579310124     0.000000000
    10.870000000     0.000000000     0.580544218     0.000000000
    10.880000000     0.000000000     0.581771941     0.000000000
    10.890000000     0.000000000     0.582993343     0.000000000
    10.900000000     0.000000000     0.584208474     0.000000000
    10.910000000     0.000000000     0.585417382     0.000000000
    10.920000000     0.000000000     0.586620117     0.000000000
    10.930000000     0.000000000     0.587816726     0.000000000
    10.940000000     0.000000000     0.589007257     0.000000000
    10.950000000     0.000000000     0.590191756     0.000000000
    10.960000000     0.000000000     0.591370271     0.000000000
    10.970000000     0.000000000     0.592542847     0.000000000
    10.980000000     0.000000000     0.593709529     0.000000000
    10.990000000     0.000000000     0.594870363     0.000000000
    11.000000000     0.000000000     0.596025394     0.000000000
