 # Column 1: omega
 # Column 2: eps2(omega)
 # Column 3: eps1(omega)
 # Column 4: JDOS(omega)
     0.000000000     0.000000000     2.186231945     0.000000000
     0.010000000     0.000000000     2.186242585     0.000000000
     0.020000000     0.000000000     2.186274509     0.000000000
     0.030000000     0.000000000     2.186327723     0.000000000
     0.040000000     0.000000000     2.186402240     0.000000000
     0.050000000     0.000000000     2.186498077     0.000000000
     0.060000000     0.000000000     2.186615255     0.000000000
     0.070000000     0.000000000     2.186753802     0.000000000
     0.080000000     0.000000000     2.186913749     0.000000000
     0.090000000     0.000000000     2.187095132     0.000000000
     0.100000000     0.000000000     2.187297994     0.000000000
     0.110000000     0.000000000     2.187522381     0.000000000
     0.120000000     0.000000000     2.187768345     0.000000000
     0.130000000     0.000000000     2.188035942     0.000000000
     0.140000000     0.000000000     2.188325235     0.000000000
     0.150000000     0.000000000     2.188636290     0.000000000
     0.160000000     0.000000000     2.188969179     0.000000000
     0.170000000     0.000000000     2.189323980     0.000000000
     0.180000000     0.000000000     2.189700777     0.000000000
     0.190000000     0.000000000     2.190099657     0.000000000
     0.200000000     0.000000000     2.190520713     0.000000000
     0.210000000     0.000000000     2.190964046     0.000000000
     0.220000000     0.000000000     2.191429760     0.000000000
     0.230000000     0.000000000     2.191917966     0.000000000
     0.240000000     0.000000000     2.192428779     0.000000000
     0.250000000     0.000000000     2.192962323     0.000000000
     0.260000000     0.000000000     2.193518726     0.000000000
     0.270000000     0.000000000     2.194098121     0.000000000
     0.280000000     0.000000000     2.194700650     0.000000000
     0.290000000     0.000000000     2.195326459     0.000000000
     0.300000000     0.000000000     2.195975701     0.000000000
     0.310000000     0.000000000     2.196648537     0.000000000
     0.320000000     0.000000000     2.197345132     0.000000000
     0.330000000     0.000000000     2.198065661     0.000000000
     0.340000000     0.000000000     2.198810303     0.000000000
     0.350000000     0.000000000     2.199579245     0.000000000
     0.360000000     0.000000000     2.200372684     0.000000000
     0.370000000     0.000000000     2.201190819     0.000000000
     0.380000000     0.000000000     2.202033863     0.000000000
     0.390000000     0.000000000     2.202902031     0.000000000
     0.400000000     0.000000000     2.203795550     0.000000000
     0.410000000     0.000000000     2.204714654     0.000000000
     0.420000000     0.000000000     2.205659585     0.000000000
     0.430000000     0.000000000     2.206630593     0.000000000
     0.440000000     0.000000000     2.207627939     0.000000000
     0.450000000     0.000000000     2.208651892     0.000000000
     0.460000000     0.000000000     2.209702729     0.000000000
     0.470000000     0.000000000     2.210780739     0.000000000
     0.480000000     0.000000000     2.211886220     0.000000000
     0.490000000     0.000000000     2.213019479     0.000000000
     0.500000000     0.000000000     2.214180836     0.000000000
     0.510000000     0.000000000     2.215370619     0.000000000
     0.520000000     0.000000000     2.216589169     0.000000000
     0.530000000     0.000000000     2.217836839     0.000000000
     0.540000000     0.000000000     2.219113991     0.000000000
     0.550000000     0.000000000     2.220421003     0.000000000
     0.560000000     0.000000000     2.221758262     0.000000000
     0.570000000     0.000000000     2.223126171     0.000000000
     0.580000000     0.000000000     2.224525145     0.000000000
     0.590000000     0.000000000     2.225955613     0.000000000
     0.600000000     0.000000000     2.227418019     0.000000000
     0.610000000     0.000000000     2.228912820     0.000000000
     0.620000000     0.000000000     2.230440492     0.000000000
     0.630000000     0.000000000     2.232001524     0.000000000
     0.640000000     0.000000000     2.233596421     0.000000000
     0.650000000     0.000000000     2.235225709     0.000000000
     0.660000000     0.000000000     2.236889927     0.000000000
     0.670000000     0.000000000     2.238589636     0.000000000
     0.680000000     0.000000000     2.240325415     0.000000000
     0.690000000     0.000000000     2.242097861     0.000000000
     0.700000000     0.000000000     2.243907595     0.000000000
     0.710000000     0.000000000     2.245755256     0.000000000
     0.720000000     0.000000000     2.247641508     0.000000000
     0.730000000     0.000000000     2.249567036     0.000000000
     0.740000000     0.000000000     2.251532551     0.000000000
     0.750000000     0.000000000     2.253538786     0.000000000
     0.760000000     0.000000000     2.255586503     0.000000000
     0.770000000     0.000000000     2.257676490     0.000000000
     0.780000000     0.000000000     2.259809564     0.000000000
     0.790000000     0.000000000     2.261986568     0.000000000
     0.800000000     0.000000000     2.264208381     0.000000000
     0.810000000     0.000000000     2.266475909     0.000000000
     0.820000000     0.000000000     2.268790095     0.000000000
     0.830000000     0.000000000     2.271151914     0.000000000
     0.840000000     0.000000000     2.273562380     0.000000000
     0.850000000     0.000000000     2.276022544     0.000000000
     0.860000000     0.000000000     2.278533495     0.000000000
     0.870000000     0.000000000     2.281096366     0.000000000
     0.880000000     0.000000000     2.283712332     0.000000000
     0.890000000     0.000000000     2.286382615     0.000000000
     0.900000000     0.000000000     2.289108483     0.000000000
     0.910000000     0.000000000     2.291891255     0.000000000
     0.920000000     0.000000000     2.294732302     0.000000000
     0.930000000     0.000000000     2.297633049     0.000000000
     0.940000000     0.000000000     2.300594981     0.000000000
     0.950000000     0.000000000     2.303619642     0.000000000
     0.960000000     0.000000000     2.306708639     0.000000000
     0.970000000     0.000000000     2.309863646     0.000000000
     0.980000000     0.000000000     2.313086408     0.000000000
     0.990000000     0.000000000     2.316378743     0.000000000
     1.000000000     0.000000000     2.319742549     0.000000000
     1.010000000     0.000000000     2.323179802     0.000000000
     1.020000000     0.000000000     2.326692567     0.000000000
     1.030000000     0.000000000     2.330282999     0.000000000
     1.040000000     0.000000001     2.333953349     0.000000000
     1.050000000     0.000000001     2.337705970     0.000000000
     1.060000000     0.000000002     2.341543320     0.000000000
     1.070000000     0.000000004     2.345467971     0.000000000
     1.080000000     0.000000006     2.349482614     0.000000000
     1.090000000     0.000000011     2.353590067     0.000000001
     1.100000000     0.000000017     2.357793281     0.000000001
     1.110000000     0.000000029     2.362095347     0.000000002
     1.120000000     0.000000047     2.366499508     0.000000003
     1.130000000     0.000000075     2.371009165     0.000000005
     1.140000000     0.000000120     2.375627886     0.000000008
     1.150000000     0.000000189     2.380359418     0.000000013
     1.160000000     0.000000296     2.385207700     0.000000020
     1.170000000     0.000000458     2.390176870     0.000000030
     1.180000000     0.000000703     2.395271281     0.000000047
     1.190000000     0.000001069     2.400495512     0.000000071
     1.200000000     0.000001609     2.405854388     0.000000106
     1.210000000     0.000002400     2.411352988     0.000000158
     1.220000000     0.000003546     2.416996667     0.000000234
     1.230000000     0.000005194     2.422791072     0.000000341
     1.240000000     0.000007539     2.428742163     0.000000493
     1.250000000     0.000010848     2.434856230     0.000000706
     1.260000000     0.000015477     2.441139918     0.000001000
     1.270000000     0.000021902     2.447600250     0.000001404
     1.280000000     0.000030749     2.454244649     0.000001951
     1.290000000     0.000042844     2.461080971     0.000002684
     1.300000000     0.000059273     2.468117526     0.000003656
     1.310000000     0.000081453     2.475363111     0.000004933
     1.320000000     0.000111241     2.482827045     0.000006589
     1.330000000     0.000151068     2.490519194     0.000008716
     1.340000000     0.000204119     2.498450012     0.000011417
     1.350000000     0.000274579     2.506630575     0.000014810
     1.360000000     0.000367958     2.515072612     0.000019025
     1.370000000     0.000491527     2.523788548     0.000024205
     1.380000000     0.000654895     2.532791530     0.000030498
     1.390000000     0.000870764     2.542095466     0.000038060
     1.400000000     0.001155909     2.551715048     0.000047046
     1.410000000     0.001532435     2.561665774     0.000057607
     1.420000000     0.002029348     2.571963957     0.000069880
     1.430000000     0.002684505     2.582626722     0.000083987
     1.440000000     0.003546965     2.593671980     0.000100026
     1.450000000     0.004679780     2.605118374     0.000118064
     1.460000000     0.006163199     2.616985190     0.000138140
     1.470000000     0.008098272     2.629292217     0.000160255
     1.480000000     0.010610741     2.642059557     0.000184382
     1.490000000     0.013855078     2.655307354     0.000210467
     1.500000000     0.018018453     2.669055467     0.000238443
     1.510000000     0.023324335     2.683323059     0.000268240
     1.520000000     0.030035356     2.698128162     0.000299808
     1.530000000     0.038455012     2.713487242     0.000333137
     1.540000000     0.048927706     2.729414859     0.000368290
     1.550000000     0.061836629     2.745923482     0.000405427
     1.560000000     0.077599002     2.763023472     0.000444841
     1.570000000     0.096658228     2.780723013     0.000486988
     1.580000000     0.119472679     2.799027449     0.000532517
     1.590000000     0.146500968     2.817937094     0.000582297
     1.600000000     0.178183828     2.837442399     0.000637442
     1.610000000     0.214922979     2.857515664     0.000699324
     1.620000000     0.257057695     2.878099121     0.000769581
     1.630000000     0.304840075     2.899089903     0.000850120
     1.640000000     0.358410339     2.920322496     0.000943104
     1.650000000     0.417773690     2.941548823     0.001050940
     1.660000000     0.482780440     2.962415441     0.001176244
     1.670000000     0.553111119     2.982437146     0.001321807
     1.680000000     0.628268166     3.000967109     0.001490552
     1.690000000     0.707575544     3.017165669     0.001685477
     1.700000000     0.790187189     3.029973319     0.001909595
     1.710000000     0.875104670     3.038098164     0.002165870
     1.720000000     0.961203792     3.040033707     0.002457137
     1.730000000     1.047269201     3.034127942     0.002786030
     1.740000000     1.132035397     3.018726021     0.003154904
     1.750000000     1.214231984     2.992401398     0.003565748
     1.760000000     1.292630551     2.954268227     0.004020109
     1.770000000     1.366090361     2.904328013     0.004519019
     1.780000000     1.433600000     2.843753739     0.005062923
     1.790000000     1.494312368     2.774980489     0.005651629
     1.800000000     1.547570862     2.701490536     0.006284264
     1.810000000     1.592925202     2.627275332     0.006959253
     1.820000000     1.630136164     2.556098608     0.007674323
     1.830000000     1.659169268     2.490793197     0.008426532
     1.840000000     1.680178305     2.432821161     0.009212319
     1.850000000     1.693480268     2.382210647     0.010027593
     1.860000000     1.699523857     2.337833069     0.010867837
     1.870000000     1.698854032     2.297885668     0.011728242
     1.880000000     1.692075266     2.260422454     0.012603852
     1.890000000     1.679816024     2.223803800     0.013489724
     1.900000000     1.662696728     2.186979183     0.014381091
     1.910000000     1.641302997     2.149567302     0.015273516
     1.920000000     1.616165402     2.111752404     0.016163030
     1.930000000     1.587746361     2.074064026     0.017046256
     1.940000000     1.556434222     2.037128730     0.017920495
     1.950000000     1.522544010     2.001468680     0.018783785
     1.960000000     1.486323933     1.967387526     0.019634927
     1.970000000     1.447966383     1.934950053     0.020473469
     1.980000000     1.407622025     1.904038693     0.021299666
     1.990000000     1.365415503     1.874456731     0.022114410
     2.000000000     1.321461377     1.846042835     0.022919142
     2.010000000     1.275879059     1.818763857     0.023715748
     2.020000000     1.228805742     1.792762723     0.024506451
     2.030000000     1.180406591     1.768353660     0.025293710
     2.040000000     1.130881742     1.745972641     0.026080118
     2.050000000     1.080469933     1.726101168     0.026868321
     2.060000000     1.029448826     1.709185247     0.027660945
     2.070000000     0.978132309     1.695569452     0.028460548
     2.080000000     0.926865227     1.685458661     0.029269583
     2.090000000     0.876016107     1.678908717     0.030090377
     2.100000000     0.825968510     1.675838156     0.030925124
     2.110000000     0.777111690     1.676051440     0.031775883
     2.120000000     0.729831179     1.679267784     0.032644590
     2.130000000     0.684499905     1.685152539     0.033533062
     2.140000000     0.641470303     1.693347755     0.034443012
     2.150000000     0.601067821     1.703498065     0.035376046
     2.160000000     0.563586020     1.715269351     0.036333671
     2.170000000     0.529283382     1.728359424     0.037317277
     2.180000000     0.498381752     1.742500884     0.038328115
     2.190000000     0.471066224     1.757457118     0.039367266
     2.200000000     0.447486158     1.773014258     0.040435581
     2.210000000     0.427756941     1.788973632     0.041533619
     2.220000000     0.411962019     1.805148972     0.042661553
     2.230000000     0.400154758     1.821369852     0.043819074
     2.240000000     0.392359664     1.837489178     0.045005277
     2.250000000     0.388572618     1.853390279     0.046218536
     2.260000000     0.388759830     1.868989251     0.047456387
     2.270000000     0.392855396     1.884229994     0.048715421
     2.280000000     0.400757471     1.899071417     0.049991188
     2.290000000     0.412323265     1.913467754     0.051278143
     2.300000000     0.427363208     1.927344549     0.052569628
     2.310000000     0.445634826     1.940575437     0.053857901
     2.320000000     0.466836941     1.952966477     0.055134227
     2.330000000     0.490604930     1.964253237     0.056389024
     2.340000000     0.516507793     1.974111045     0.057612061
     2.350000000     0.544047730     1.982173984     0.058792710
     2.360000000     0.572662853     1.988056037     0.059920229
     2.370000000     0.601733478     1.991368245     0.060984078
     2.380000000     0.630592239     1.991728143     0.061974224
     2.390000000     0.658537988     1.988762256     0.062881448
     2.400000000     0.684853199     1.982109718     0.063697603
     2.410000000     0.708824256     1.971441907     0.064415834
     2.420000000     0.729763793     1.956511823     0.065030722
     2.430000000     0.747034002     1.937233395     0.065538362
     2.440000000     0.760069684     1.913770978     0.065936356
     2.450000000     0.768399741     1.886607061     0.066223736
     2.460000000     0.771665853     1.856560687     0.066400807
     2.470000000     0.769637152     1.824745314     0.066468947
     2.480000000     0.762219989     1.792471497     0.066430354
     2.490000000     0.749462089     1.761111834     0.066287773
     2.500000000     0.731550797     1.731955314     0.066044229
     2.510000000     0.708805442     1.706082488     0.065702769
     2.520000000     0.681664227     1.684285021     0.065266240
     2.530000000     0.650666373     1.667035142     0.064737125
     2.540000000     0.616430545     1.654495805     0.064117427
     2.550000000     0.579630753     1.646559223     0.063408631
     2.560000000     0.540971069     1.642904629     0.062611721
     2.570000000     0.501160480     1.643067072     0.061727270
     2.580000000     0.460889130     1.646507009     0.060755577
     2.590000000     0.420807065     1.652670259     0.059696851
     2.600000000     0.381506323     1.661031796     0.058551425
     2.610000000     0.343506999     1.671122237     0.057319986
     2.620000000     0.307247591     1.682539732     0.056003799
     2.630000000     0.273079673     1.694951268     0.054604930
     2.640000000     0.241266687     1.708087144     0.053126428
     2.650000000     0.211986420     1.721731710     0.051572486
     2.660000000     0.185336595     1.735712831     0.049948540
     2.670000000     0.161342882     1.749892033     0.048261337
     2.680000000     0.139968603     1.764156646     0.046518938
     2.690000000     0.121125418     1.778414353     0.044730669
     2.700000000     0.104684318     1.792589824     0.042907033
     2.710000000     0.090486360     1.806622734     0.041059556
     2.720000000     0.078352672     1.820466557     0.039200612
     2.730000000     0.068093387     1.834087792     0.037343199
     2.740000000     0.059515283     1.847465370     0.035500692
     2.750000000     0.052428021     1.860589966     0.033686574
     2.760000000     0.046648975     1.873462766     0.031914163
     2.770000000     0.042006719     1.886093316     0.030196326
     2.780000000     0.038343300     1.898496376     0.028545205
     2.790000000     0.035515480     1.910688203     0.026971957
     2.800000000     0.033395126     1.922682995     0.025486515
     2.810000000     0.031868947     1.934490130     0.024097378
     2.820000000     0.030837773     1.946112594     0.022811441
     2.830000000     0.030215529     1.957546713     0.021633859
     2.840000000     0.029928063     1.968783177     0.020567973
     2.850000000     0.029911926     1.979809253     0.019615267
     2.860000000     0.030113192     1.990611826     0.018775391
     2.870000000     0.030486371     2.001180691     0.018046229
     2.880000000     0.030993443     2.011511515     0.017424019
     2.890000000     0.031603003     2.021608028     0.016903517
     2.900000000     0.032289525     2.031483364     0.016478208
     2.910000000     0.033032705     2.041160543     0.016140546
     2.920000000     0.033816869     2.050671876     0.015882228
     2.930000000     0.034630400     2.060056644     0.015694489
     2.940000000     0.035465188     2.069356534     0.015568397
     2.950000000     0.036316059     2.078609399     0.015495162
     2.960000000     0.037180209     2.087843376     0.015466428
     2.970000000     0.038056627     2.097073750     0.015474550
     2.980000000     0.038945535     2.106303660     0.015512838
     2.990000000     0.039847869     2.115527794     0.015575771
     3.000000000     0.040764833     2.124736995     0.015659158
     3.010000000     0.041697540     2.133921804     0.015760265
     3.020000000     0.042646788     2.143073768     0.015877869
     3.030000000     0.043612964     2.152184505     0.016012271
     3.040000000     0.044596103     2.161243403     0.016165248
     3.050000000     0.045596080     2.170235541     0.016339950
     3.060000000     0.046612919     2.179141502     0.016540752
     3.070000000     0.047647184     2.187940234     0.016773058
     3.080000000     0.048700416     2.196615012     0.017043073
     3.090000000     0.049775543     2.205161236     0.017357551
     3.100000000     0.050877239     2.213593515     0.017723522
     3.110000000     0.052012153     2.221948728     0.018148021
     3.120000000     0.053188988     2.230282409     0.018637826
     3.130000000     0.054418390     2.238658347     0.019199206
     3.140000000     0.055712634     2.247134754     0.019837709
     3.150000000     0.057085116     2.255752345     0.020557977
     3.160000000     0.058549678     2.264528583     0.021363612
     3.170000000     0.060119805     2.273458912     0.022257086
     3.180000000     0.061807745     2.282522483     0.023239697
     3.190000000     0.063623638     2.291688711     0.024311578
     3.200000000     0.065574706     2.300922172     0.025471745
     3.210000000     0.067664578     2.310185512     0.026718177
     3.220000000     0.069892819     2.319441408     0.028047931
     3.230000000     0.072254705     2.328654554     0.029457269
     3.240000000     0.074741269     2.337793610     0.030941794
     3.250000000     0.077339634     2.346832400     0.032496578
     3.260000000     0.080033611     2.355749948     0.034116287
     3.270000000     0.082804530     2.364529815     0.035795282
     3.280000000     0.085632250     2.373159754     0.037527698
     3.290000000     0.088496269     2.381632398     0.039307501
     3.300000000     0.091376870     2.389947150     0.041128528
     3.310000000     0.094256217     2.398113030     0.042984505
     3.320000000     0.097119318     2.406151907     0.044869064
     3.330000000     0.099954812     2.414100987     0.046775757
     3.340000000     0.102755518     2.422012948     0.048698088
     3.350000000     0.105518734     2.429952267     0.050629563
     3.360000000     0.108246272     2.437987614     0.052563767
     3.370000000     0.110944265     2.446181856     0.054494488
     3.380000000     0.113622778     2.454582310     0.056415861
     3.390000000     0.116295274     2.463213721     0.058322569
     3.400000000     0.118978004     2.472075348     0.060210056
     3.410000000     0.121689382     2.481142239     0.062074770
     3.420000000     0.124449400     2.490369758     0.063914412
     3.430000000     0.127279121     2.499700159     0.065728171
     3.440000000     0.130200282     2.509070381     0.067516937
     3.450000000     0.133235004     2.518420649     0.069283468
     3.460000000     0.136405589     2.527703419     0.071032493
     3.470000000     0.139734373     2.536891562     0.072770746
     3.480000000     0.143243580     2.545984018     0.074506909
     3.490000000     0.146955115     2.555007001     0.076251475
     3.500000000     0.150890261     2.564009723     0.078016506
     3.510000000     0.155069203     2.573055216     0.079815322
     3.520000000     0.159510391     2.582208305     0.081662111
     3.530000000     0.164229702     2.591523387     0.083571478
     3.540000000     0.169239457     2.601034518     0.085557958
     3.550000000     0.174547326     2.610749501     0.087635516
     3.560000000     0.180155203     2.620648554     0.089817047
     3.570000000     0.186058147     2.630686916     0.092113899
     3.580000000     0.192243495     2.640800026     0.094535456
     3.590000000     0.198690241     2.650910000     0.097088768
     3.600000000     0.205368785     2.660932390     0.099778265
     3.610000000     0.212241122     2.670782553     0.102605554
     3.620000000     0.219261497     2.680381182     0.105569298
     3.630000000     0.226377550     2.689658896     0.108665182
     3.640000000     0.233531906     2.698560098     0.111885957
     3.650000000     0.240664135     2.707046540     0.115221557
     3.660000000     0.247712976     2.715101111     0.118659274
     3.670000000     0.254618702     2.722732039     0.122183982
     3.680000000     0.261325449     2.729976883     0.125778412
     3.690000000     0.267783381     2.736904633     0.129423445
     3.700000000     0.273950525     2.743613738     0.133098442
     3.710000000     0.279794152     2.750224328     0.136781586
     3.720000000     0.285291603     2.756864669     0.140450248
     3.730000000     0.290430500     2.763654282     0.144081367
     3.740000000     0.295208332     2.770688139     0.147651845
     3.750000000     0.299631435     2.778026740     0.151138954
     3.760000000     0.303713451     2.785695161     0.154520759
     3.770000000     0.307473375     2.793691111     0.157776538
     3.780000000     0.310933345     2.801998745     0.160887204
     3.790000000     0.314116345     2.810602903     0.163835708
     3.800000000     0.317043995     2.819498382     0.166607414
     3.810000000     0.319734616     2.828690882     0.169190418
     3.820000000     0.322201717     2.838189439     0.171575808
     3.830000000     0.324453055     2.847993408     0.173757839
     3.840000000     0.326490333     2.858079150     0.175733998
     3.850000000     0.328309600     2.868392030     0.177504972
     3.860000000     0.329902323     2.878848026     0.179074487
     3.870000000     0.331257077     2.889346471     0.180449035
     3.880000000     0.332361727     2.899791956     0.181637508
     3.890000000     0.333205934     2.910120109     0.182650729
     3.900000000     0.333783804     2.920319937     0.183500942
     3.910000000     0.334096447     2.930445579     0.184201270
     3.920000000     0.334154245     2.940613412     0.184765186
     3.930000000     0.333978612     2.950985552     0.185206042
     3.940000000     0.333603091     2.961745333     0.185536683
     3.950000000     0.333073648     2.973071871     0.185769188
     3.960000000     0.332448107     2.985119280     0.185914752
     3.970000000     0.331794721     2.998003491     0.185983732
     3.980000000     0.331189941     3.011797258     0.185985843
     3.990000000     0.330715512     3.026531935     0.185930502
     4.000000000     0.330455084     3.042203191     0.185827279
     4.010000000     0.330490551     3.058777482     0.185686421
     4.020000000     0.330898381     3.076196954     0.185519390
     4.030000000     0.331746180     3.094382138     0.185339355
     4.040000000     0.333089749     3.113233344     0.185161590
     4.050000000     0.334970832     3.132632538     0.185003701
     4.060000000     0.337415735     3.152447609     0.184885642
     4.070000000     0.340434914     3.172540346     0.184829488
     4.080000000     0.344023583     3.192778126     0.184858939
     4.090000000     0.348163300     3.213047424     0.184998551
     4.100000000     0.352824457     3.233265896     0.185272731
     4.110000000     0.357969485     3.253390066     0.185704520
     4.120000000     0.363556599     3.273417382     0.186314247
     4.130000000     0.369543822     3.293383264     0.187118114
     4.140000000     0.375893028     3.313354682     0.188126811
     4.150000000     0.382573746     3.333421766     0.189344256
     4.160000000     0.389566467     3.353688650     0.190766555
     4.170000000     0.396865248     3.374264570     0.192381253
     4.180000000     0.404479425     3.395256260     0.194166976
     4.190000000     0.412434326     3.416762560     0.196093480
     4.200000000     0.420770929     3.438871681     0.198122162
     4.210000000     0.429544461     3.461660655     0.200207021
     4.220000000     0.438822030     3.485195689     0.202296038
     4.230000000     0.448679420     3.509531929     0.204332927
     4.240000000     0.459197226     3.534711447     0.206259167
     4.250000000     0.470456578     3.560758598     0.208016229
     4.260000000     0.482534707     3.587672459     0.209547870
     4.270000000     0.495500623     3.615417731     0.210802383
     4.280000000     0.509411196     3.643917978     0.211734682
     4.290000000     0.524307875     3.673056228     0.212308098
     4.300000000     0.540214303     3.702685652     0.212495819
     4.310000000     0.557134987     3.732648011     0.212281868
     4.320000000     0.575055170     3.762793305     0.211661588
     4.330000000     0.593941972     3.792993993     0.210641627
     4.340000000     0.613746807     3.823151402     0.209239405
     4.350000000     0.634409015     3.853196846     0.207482144
     4.360000000     0.655860599     3.883091574     0.205405497
     4.370000000     0.678031895     3.912827354     0.203051883
     4.380000000     0.700857957     3.942426336     0.200468634
     4.390000000     0.724285432     3.971938235     0.197706052
     4.400000000     0.748279664     4.001435241     0.194815497
     4.410000000     0.772831777     4.031007763     0.191847614
     4.420000000     0.797965508     4.060764652     0.188850772
     4.430000000     0.823743581     4.090839166     0.185869798
     4.440000000     0.850273435     4.121397196     0.182945038
     4.450000000     0.877712197     4.152639823     0.180111779
     4.460000000     0.906270771     4.184792360     0.177400013
     4.470000000     0.936216978     4.218078757     0.174834519
     4.480000000     0.967877702     4.252689649     0.172435218
     4.490000000     1.001639957     4.288757022     0.170217739
     4.500000000     1.037950822     4.326344761     0.168194120
     4.510000000     1.077316126     4.365454851     0.166373575
     4.520000000     1.120297724     4.406040522     0.164763267
     4.530000000     1.167509168     4.448015911     0.163369003
     4.540000000     1.219609520     4.491257636     0.162195824
     4.550000000     1.277295024     4.535601813     0.161248443
     4.560000000     1.341288345     4.580844883     0.160531512
     4.570000000     1.412325136     4.626755539     0.160049719
     4.580000000     1.491137748     4.673099027     0.159807719
     4.590000000     1.578436058     4.719665871     0.159809932
     4.600000000     1.674885556     4.766288589     0.160060225
     4.610000000     1.781083093     4.812829267     0.160561528
     4.620000000     1.897530930     4.859132246     0.161315424
     4.630000000     2.024610027     4.904954003     0.162321740
     4.640000000     2.162553778     4.949894494     0.163578197
     4.650000000     2.311423611     4.993352868     0.165080124
     4.660000000     2.471088029     5.034518359     0.166820276
     4.670000000     2.641206724     5.072392624     0.168788770
     4.680000000     2.821221293     5.105829741     0.170973121
     4.690000000     3.010353906     5.133576910     0.173358410
     4.700000000     3.207614895     5.154302760     0.175927537
     4.710000000     3.411819772     5.166610676     0.178661561
     4.720000000     3.621615598     5.169049785     0.181540100
     4.730000000     3.835516016     5.160148744     0.184541762
     4.740000000     4.051943586     5.138497148     0.187644583
     4.750000000     4.269277526     5.102882933     0.190826455
     4.760000000     4.485904416     5.052470858     0.194065510
     4.770000000     4.700269169     4.986991156     0.197340461
     4.780000000     4.910923359     4.906902771     0.200630886
     4.790000000     5.116568136     4.813494258     0.203917444
     4.800000000     5.316089215     4.708880396     0.207182045
     4.810000000     5.508581905     4.595851458     0.210407965
     4.820000000     5.693364806     4.477554478     0.213579939
     4.830000000     5.869981518     4.357041828     0.216684230
     4.840000000     6.038190504     4.236790328     0.219708697
     4.850000000     6.197943985     4.118327963     0.222642876
     4.860000000     6.349357439     4.002074912     0.225478074
     4.870000000     6.492671772     3.887428469     0.228207497
     4.880000000     6.628210636     3.773045002     0.230826374
     4.890000000     6.756335496     3.657231042     0.233332097
     4.900000000     6.877401075     3.538351894     0.235724343
     4.910000000     6.991713611     3.415179157     0.238005149
     4.920000000     7.099494041     3.287110919     0.240178926
     4.930000000     7.200847837     3.154213932     0.242252373
     4.940000000     7.295742733     3.017073603     0.244234287
     4.950000000     7.383995108     2.876497918     0.246135219
     4.960000000     7.465265326     2.733178707     0.247967011
     4.970000000     7.539061895     2.587431046     0.249742184
     4.980000000     7.604753950     2.439094089     0.251473216
     4.990000000     7.661591246     2.287604755     0.253171723
     5.000000000     7.708730606     2.132190967     0.254847610
     5.010000000     7.745267573     1.972106081     0.256508212
     5.020000000     7.770271898     1.806841031     0.258157513
     5.030000000     7.782825400     1.636279288     0.259795480
     5.040000000     7.782060702     1.460778653     0.261417578
     5.050000000     7.767199369     1.281173788     0.263014515
     5.060000000     7.737587999     1.098707343     0.264572250
     5.070000000     7.692730951     0.914916142     0.266072275
     5.080000000     7.632318516     0.731506966     0.267492190
     5.090000000     7.556249526     0.550244653     0.268806541
     5.100000000     7.464647615     0.372854549     0.269987875
     5.110000000     7.357870579     0.200930423     0.271007985
     5.120000000     7.236512559     0.035845525     0.271839238
     5.130000000     7.101399015    -0.121319314     0.272455954
     5.140000000     6.953574700    -0.269804443     0.272835713
     5.150000000     6.794285113    -0.409134333     0.272960549
     5.160000000     6.624952062    -0.539015114     0.272817937
     5.170000000     6.447144177    -0.659201812     0.272401533
     5.180000000     6.262543339    -0.769394722     0.271711620
     5.190000000     6.072908069    -0.869215190     0.270755239
     5.200000000     5.880035017    -0.958266599     0.269546008
     5.210000000     5.685719699    -1.036236041     0.268103654
     5.220000000     5.491717645    -1.102976537     0.266453274
     5.230000000     5.299707064    -1.158541881     0.264624404
     5.240000000     5.111254116    -1.203195076     0.262649928
     5.250000000     4.927781731    -1.237430204     0.260564909
     5.260000000     4.750542839    -1.262022049     0.258405399
     5.270000000     4.580598703    -1.278075201     0.256207293
     5.280000000     4.418802878    -1.287021998     0.254005273
     5.290000000     4.265791122    -1.290531887     0.251831898
     5.300000000     4.121977398    -1.290334018     0.249716848
     5.310000000     3.987555891    -1.287998068     0.247686368
     5.320000000     3.862508779    -1.284743916     0.245762889
     5.330000000     3.746619325    -1.281345300     0.243964846
     5.340000000     3.639489720    -1.278156813     0.242306653
     5.350000000     3.540562977    -1.275244068     0.240798828
     5.360000000     3.449148108    -1.272558160     0.239448239
     5.370000000     3.364447766    -1.270087578     0.238258429
     5.380000000     3.285587490    -1.267945390     0.237229996
     5.390000000     3.211645710    -1.266387800     0.236360997
     5.400000000     3.141683656    -1.265785694     0.235647345
     5.410000000     3.074774339    -1.266571235     0.235083171
     5.420000000     3.010029815    -1.269167543     0.234661135
     5.430000000     2.946625956    -1.273901522     0.234372675
     5.440000000     2.883824017    -1.280907298     0.234208169
     5.450000000     2.820988370    -1.290042374     0.234157034
     5.460000000     2.757599857    -1.300845864     0.234207733
     5.470000000     2.693264355    -1.312559863     0.234347734
     5.480000000     2.627716321    -1.324214097     0.234563414
     5.490000000     2.560817255    -1.334752133     0.234839939
     5.500000000     2.492549279    -1.343166438     0.235161145
     5.510000000     2.423004226    -1.348612328     0.235509452
     5.520000000     2.352368882    -1.350481177     0.235865829
     5.530000000     2.280907230    -1.348426075     0.236209853
     5.540000000     2.208940705    -1.342347298     0.236519869
     5.550000000     2.136827554    -1.332357137     0.236773281
     5.560000000     2.064942474    -1.318745794     0.236946973
     5.570000000     1.993657590    -1.301957608     0.237017861
     5.580000000     1.923325777    -1.282567917     0.236963566
     5.590000000     1.854267070    -1.261241267     0.236763180
     5.600000000     1.786758732    -1.238660946     0.236398093
     5.610000000     1.721029195    -1.215441283     0.235852840
     5.620000000     1.657255872    -1.192050381     0.235115914
     5.630000000     1.595566520    -1.168769118     0.234180509
     5.640000000     1.536043621    -1.145694562     0.233045131
     5.650000000     1.478731081    -1.122775779     0.231714036
     5.660000000     1.423642428    -1.099860143     0.230197473
     5.670000000     1.370769678    -1.076732220     0.228511691
     5.680000000     1.320092068    -1.053139702     0.226678717
     5.690000000     1.271583978    -1.028812646     0.224725893
     5.700000000     1.225221497    -1.003486198     0.222685211
     5.710000000     1.180987305    -0.976931839     0.220592454
     5.720000000     1.138873709    -0.948993066     0.218486208
     5.730000000     1.098883879    -0.919615308     0.216406771
     5.740000000     1.061031471    -0.888860281     0.214395022
     5.750000000     1.025338964    -0.856900314     0.212491305
     5.760000000     0.991835097    -0.823994364     0.210734355
     5.770000000     0.960551822    -0.790451687     0.209160334
     5.780000000     0.931521179    -0.756590422     0.207801982
     5.790000000     0.904772423    -0.722697788     0.206687926
     5.800000000     0.880329672    -0.688997753     0.205842144
     5.810000000     0.858210231    -0.655631661     0.205283604
     5.820000000     0.838423656    -0.622656329     0.205026055
     5.830000000     0.820971537    -0.590060448     0.205077982
     5.840000000     0.805847894    -0.557794125     0.205442691
     5.850000000     0.793040055    -0.525801364     0.206118524
     5.860000000     0.782529842    -0.494044666     0.207099179
     5.870000000     0.774294921    -0.462515043     0.208374121
     5.880000000     0.768310162    -0.431227288     0.209929069
     5.890000000     0.764548930    -0.400206668     0.211746532
     5.900000000     0.762984238    -0.369477114     0.213806399
     5.910000000     0.763589749    -0.339060389     0.216086543
     5.920000000     0.766340655    -0.308989528     0.218563436
     5.930000000     0.771214445    -0.279330948     0.221212747
     5.940000000     0.778191619    -0.250203432     0.224009916
     5.950000000     0.787256365    -0.221782155     0.226930671
     5.960000000     0.798397176    -0.194281642     0.229951473
     5.970000000     0.811607389    -0.167920043     0.233049880
     5.980000000     0.826885529    -0.142875138     0.236204814
     5.990000000     0.844235357    -0.119247142     0.239396713
     6.000000000     0.863665432    -0.097042074     0.242607593
     6.010000000     0.885188026    -0.076181953     0.245820996
     6.020000000     0.908817204    -0.056537918     0.249021861
     6.030000000     0.934565905    -0.037974887     0.252196325
     6.040000000     0.962441900    -0.020394854     0.255331478
     6.050000000     0.992442572    -0.003768677     0.258415102
     6.060000000     1.024548546     0.011849968     0.261435419
     6.070000000     1.058716259     0.026330802     0.264380870
     6.080000000     1.094869723     0.039490287     0.267239949
     6.090000000     1.132891773     0.051122710     0.270001099
     6.100000000     1.172615254     0.061025826     0.272652696
     6.110000000     1.213814653     0.069010382     0.275183095
     6.120000000     1.256198775     0.074891525     0.277580759
     6.130000000     1.299405095     0.078470443     0.279834450
     6.140000000     1.342996442     0.079520707     0.281933458
     6.150000000     1.386460622     0.077791802     0.283867870
     6.160000000     1.429213522     0.073032270     0.285628852
     6.170000000     1.470606100     0.065021739     0.287208931
     6.180000000     1.509935501     0.053593357     0.288602265
     6.190000000     1.546460289     0.038632264     0.289804894
     6.200000000     1.579419569     0.020050256     0.290814967
     6.210000000     1.608055464    -0.002247112     0.291632933
     6.220000000     1.631638158    -0.028376530     0.292261718
     6.230000000     1.649492452    -0.058455461     0.292706853
     6.240000000     1.661024576    -0.092536246     0.292976590
     6.250000000     1.665747859    -0.130505584     0.293081970
     6.260000000     1.663305793    -0.171972601     0.293036863
     6.270000000     1.653491109    -0.216176161     0.292857949
     6.280000000     1.636259579    -0.261944109     0.292564650
     6.290000000     1.611737560    -0.307732496     0.292178984
     6.300000000     1.580222615    -0.351756741     0.291725335
     6.310000000     1.542176951    -0.392198333     0.291230124
     6.320000000     1.498213848    -0.427440466     0.290721373
     6.330000000     1.449077719    -0.456271499     0.290228156
     6.340000000     1.395618794    -0.478006170     0.289779937
     6.350000000     1.338763803    -0.492504727     0.289405811
     6.360000000     1.279484225    -0.500102868     0.289133664
     6.370000000     1.218763806    -0.501486177     0.288989268
     6.380000000     1.157567034    -0.497546902     0.288995373
     6.390000000     1.096810120    -0.489252789     0.289170808
     6.400000000     1.037335823    -0.477544905     0.289529657
     6.410000000     0.979893095    -0.463269705     0.290080561
     6.420000000     0.925122204    -0.447142695     0.290826175
     6.430000000     0.873545571    -0.429736700     0.291762843
     6.440000000     0.825564192    -0.411486564     0.292880516
     6.450000000     0.781459212    -0.392703396     0.294162928
     6.460000000     0.741397928    -0.373593869     0.295588057
     6.470000000     0.705443346    -0.354282410     0.297128835
     6.480000000     0.673566321    -0.334835411     0.298754109
     6.490000000     0.645659291    -0.315286701     0.300429786
     6.500000000     0.621550709    -0.295662564     0.302120114
     6.510000000     0.601019360    -0.276003352     0.303789032
     6.520000000     0.583807961    -0.256378307     0.305401500
     6.530000000     0.569635562    -0.236891131     0.306924744
     6.540000000     0.558208480    -0.217675751     0.308329327
     6.550000000     0.549229628    -0.198883846     0.309589994
     6.560000000     0.542406248    -0.180667430     0.310686230
     6.570000000     0.537456113    -0.163160805     0.311602510
     6.580000000     0.534112368    -0.146466104     0.312328230
     6.590000000     0.532127147    -0.130645293     0.312857334
     6.600000000     0.531274136    -0.115719173     0.313187678
     6.610000000     0.531350237    -0.101671477     0.313320192
     6.620000000     0.532176407    -0.088454666     0.313257916
     6.630000000     0.533597789    -0.075994516     0.313004983
     6.640000000     0.535483170    -0.064192988     0.312565648
     6.650000000     0.537723820    -0.052931635     0.311943439
     6.660000000     0.540231769    -0.042078960     0.311140503
     6.670000000     0.542937578    -0.031503351     0.310157192
     6.680000000     0.545787707    -0.021089442     0.308991937
     6.690000000     0.548741591    -0.010752847     0.307641405
     6.700000000     0.551768591    -0.000448490     0.306100932
     6.710000000     0.554844982     0.009829166     0.304365195
     6.720000000     0.557951170     0.020052358     0.302429062
     6.730000000     0.561069316     0.030169263     0.300288565
     6.740000000     0.564181522     0.040112785     0.297941893
     6.750000000     0.567268703     0.049806351     0.295390363
     6.760000000     0.570310190     0.059165866     0.292639250
     6.770000000     0.573284058     0.068099298     0.289698446
     6.780000000     0.576168116     0.076507784     0.286582878
     6.790000000     0.578941381     0.084292862     0.283312644
     6.800000000     0.581585856     0.091372399     0.279912872
     6.810000000     0.584088355     0.097703676     0.276413273
     6.820000000     0.586442116     0.103308239     0.272847435
     6.830000000     0.588647948     0.108290616     0.269251875
     6.840000000     0.590714709     0.112842284     0.265664905
     6.850000000     0.592658947     0.117224281     0.262125367
     6.860000000     0.594503659     0.121728136     0.258671301
     6.870000000     0.596276169     0.126623729     0.255338609
     6.880000000     0.598005277     0.132109297     0.252159784
     6.890000000     0.599717881     0.138278266     0.249162758
     6.900000000     0.601435364     0.145110412     0.246369922
     6.910000000     0.603170120     0.152485665     0.243797372
     6.920000000     0.604922548     0.160212202     0.241454393
     6.930000000     0.606678909     0.168058592     0.239343222
     6.940000000     0.608410338     0.175782351     0.237459080
     6.950000000     0.610073254     0.183152093     0.235790478
     6.960000000     0.611611311     0.189964312     0.234319768
     6.970000000     0.612958903     0.196056928     0.233023924
     6.980000000     0.614046134     0.201320925     0.231875487
     6.990000000     0.614805031     0.205710478     0.230843647
     7.000000000     0.615176684     0.209251375     0.229895399
     7.010000000     0.615118909     0.212046390     0.228996710
     7.020000000     0.614613978     0.214274635     0.228113649
     7.030000000     0.613675944     0.216181396     0.227213426
     7.040000000     0.612357071     0.218056826     0.226265297
     7.050000000     0.610752964     0.220205962     0.225241300
     7.060000000     0.609005992     0.222916628     0.224116797
     7.070000000     0.607306753     0.226433302     0.222870827
     7.080000000     0.605893351     0.230942304     0.221486261
     7.090000000     0.605048421     0.236568293     0.219949786
     7.100000000     0.605093903     0.243377846     0.218251737
     7.110000000     0.606383671     0.251385824     0.216385830
     7.120000000     0.609294219     0.260562943     0.214348810
     7.130000000     0.614213677     0.270844554     0.212140079
     7.140000000     0.621529490     0.282138891     0.209761327
     7.150000000     0.631615142     0.294330689     0.207216202
     7.160000000     0.644816332     0.307277055     0.204510046
     7.170000000     0.661437045     0.320796684     0.201649711
     7.180000000     0.681725934     0.334657171     0.198643461
     7.190000000     0.705863457     0.348565279     0.195500959
     7.200000000     0.733950157     0.362162544     0.192233319
     7.210000000     0.765996495     0.375026461     0.188853222
     7.220000000     0.801914563     0.386677016     0.185375051
     7.230000000     0.841512012     0.396588823     0.181815039
     7.240000000     0.884488464     0.404209437     0.178191390
     7.250000000     0.930434642     0.408984544     0.174524358
     7.260000000     0.978834413     0.410390423     0.170836254
     7.270000000     1.029069869     0.407972525     0.167151375
     7.280000000     1.080429548     0.401385347     0.163495822
     7.290000000     1.132119789     0.390423581     0.159897230
     7.300000000     1.183279167     0.375031099     0.156384375
     7.310000000     1.232995856     0.355277626     0.152986686
     7.320000000     1.280327656     0.331305675     0.149733659
     7.330000000     1.324324299     0.303266983     0.146654197
     7.340000000     1.364051520     0.271275822     0.143775877
     7.350000000     1.398616258     0.235397992     0.141124189
     7.360000000     1.427192190     0.195676286     0.138721752
     7.370000000     1.449044720     0.152181563     0.136587556
     7.380000000     1.463554452     0.105079971     0.134736237
     7.390000000     1.470238129     0.054711174     0.133177445
     7.400000000     1.468766056     0.001667169     0.131915307
     7.410000000     1.458975084    -0.053151998     0.130948042
     7.420000000     1.440876384    -0.108536266     0.130267733
     7.430000000     1.414657467    -0.163037502     0.129860287
     7.440000000     1.380678120    -0.215109944     0.129705603
     7.450000000     1.339460290    -0.263286054     0.129777943
     7.460000000     1.291672209    -0.306339793     0.130046514
     7.470000000     1.238107393    -0.343395950     0.130476244
     7.480000000     1.179659432    -0.373968659     0.131028734
     7.490000000     1.117293699    -0.397939065     0.131663346
     7.500000000     1.052017290    -0.415495630     0.132338398
     7.510000000     0.984848544    -0.427058301     0.133012404
     7.520000000     0.916787536    -0.433199644     0.133645323
     7.530000000     0.848788778    -0.434571319     0.134199743
     7.540000000     0.781737224    -0.431843106     0.134641960
     7.550000000     0.716428442    -0.425659804     0.134942901
     7.560000000     0.653553511    -0.416616840     0.135078844
     7.570000000     0.593688948    -0.405250501     0.135031902
     7.580000000     0.537291648    -0.392036525     0.134790265
     7.590000000     0.484698589    -0.377391912     0.134348178
     7.600000000     0.436130801    -0.361677641     0.133705670
     7.610000000     0.391700970    -0.345202108     0.132868066
     7.620000000     0.351423891    -0.328225887     0.131845294
     7.630000000     0.315228985    -0.310968091     0.130651054
     7.640000000     0.282974049    -0.293613789     0.129301875
     7.650000000     0.254459506    -0.276320976     0.127816144
     7.660000000     0.229442472    -0.259225182     0.126213118
     7.670000000     0.207650079    -0.242440424     0.124512013
     7.680000000     0.188791646    -0.226056688     0.122731174
     7.690000000     0.172569368    -0.210135770     0.120887382
     7.700000000     0.158687357    -0.194708237     0.118995319
     7.710000000     0.146858968    -0.179774023     0.117067187
     7.720000000     0.136812422    -0.165307916     0.115112505
     7.730000000     0.128294836    -0.151269328     0.113138064
     7.740000000     0.121074810    -0.137613989     0.111148013
     7.750000000     0.114943759    -0.124304340     0.109144083
     7.760000000     0.109716209    -0.111315781     0.107125890
     7.770000000     0.105229268    -0.098637547     0.105091310
     7.780000000     0.101341484    -0.086269036     0.103036893
     7.790000000     0.097931277    -0.074213869     0.100958285
     7.800000000     0.094895135    -0.062474194     0.098850647
     7.810000000     0.092145695    -0.051046973     0.096709039
     7.820000000     0.089609843    -0.039922952     0.094528773
     7.830000000     0.087226914    -0.029088086     0.092305710
     7.840000000     0.084947048    -0.018526479     0.090036507
     7.850000000     0.082729734    -0.008223371     0.087718810
     7.860000000     0.080542561     0.001833508     0.085351396
     7.870000000     0.078360156     0.011655179     0.082934260
     7.880000000     0.076163294     0.021254957     0.080468665
     7.890000000     0.073938159     0.030652560     0.077957146
     7.900000000     0.071675697     0.039876435     0.075403482
     7.910000000     0.069371059     0.048962579     0.072812633
     7.920000000     0.067023071     0.057949937     0.070190650
     7.930000000     0.064633736     0.066874361     0.067544566
     7.940000000     0.062207728     0.075763800     0.064882251
     7.950000000     0.059751885     0.084636453     0.062212266
     7.960000000     0.057274690     0.093501823     0.059543683
     7.970000000     0.054785760     0.102363415     0.056885902
     7.980000000     0.052295347     0.111221592     0.054248455
     7.990000000     0.049813863     0.120075629     0.051640807
     8.000000000     0.047351466     0.128924727     0.049072153
     8.010000000     0.044917699     0.137768125     0.046551226
     8.020000000     0.042521220     0.146604590     0.044086114
     8.030000000     0.040169609     0.155431661     0.041684097
     8.040000000     0.037869277     0.164245176     0.039351507
     8.050000000     0.035625459     0.173039659     0.037093623
     8.060000000     0.033442297     0.181809887     0.034914597
     8.070000000     0.031322985     0.190553309     0.032817422
     8.080000000     0.029269988     0.199272469     0.030803935
     8.090000000     0.027285293     0.207976333     0.028874871
     8.100000000     0.025370699     0.216679815     0.027029944
     8.110000000     0.023528130     0.225401538     0.025267967
     8.120000000     0.021759966     0.234160704     0.023587000
     8.130000000     0.020069397     0.242974296     0.021984516
     8.140000000     0.018460815     0.251855427     0.020457583
     8.150000000     0.016940260     0.260813007     0.019003038
     8.160000000     0.015515949     0.269852380     0.017617664
     8.170000000     0.014198927     0.278976456     0.016298342
     8.180000000     0.013003879     0.288186982     0.015042184
     8.190000000     0.011950147     0.297485665     0.013846636
     8.200000000     0.011062985     0.306874965     0.012709540
     8.210000000     0.010375097     0.316358481     0.011629168
     8.220000000     0.009928460     0.325940978     0.010604222
     8.230000000     0.009776438     0.335628230     0.009633793
     8.240000000     0.009986142     0.345426817     0.008717302
     8.250000000     0.010640966     0.355343975     0.007854418
     8.260000000     0.011843174     0.365387498     0.007044960
     8.270000000     0.013716366     0.375565656     0.006288797
     8.280000000     0.016407581     0.385887080     0.005585747
     8.290000000     0.020088767     0.396360543     0.004935486
     8.300000000     0.024957283     0.406994618     0.004337467
     8.310000000     0.031235057     0.417797150     0.003790863
     8.320000000     0.039166043     0.428774520     0.003294524
     8.330000000     0.049011619     0.439930647     0.002846958
     8.340000000     0.061043627     0.451265651     0.002446335
     8.350000000     0.075534887     0.462774080     0.002090503
     8.360000000     0.092747108     0.474442550     0.001777025
     8.370000000     0.112916384     0.486246618     0.001503226
     8.380000000     0.136236621     0.498146611     0.001266247
     8.390000000     0.162841535     0.510082109     0.001063103
     8.400000000     0.192786078     0.521964642     0.000890745
     8.410000000     0.226028417     0.533668142     0.000746114
     8.420000000     0.262413719     0.545016567     0.000626195
     8.430000000     0.301661151     0.555768186     0.000528059
     8.440000000     0.343355478     0.565596156     0.000448903
     8.450000000     0.386944526     0.574065580     0.000386079
     8.460000000     0.431743574     0.580608335     0.000337113
     8.470000000     0.476947313     0.584499120     0.000299722
     8.480000000     0.521649613     0.584839781     0.000271822
     8.490000000     0.564870728     0.580564297     0.000251533
     8.500000000     0.605591032     0.570483265     0.000237177
     8.510000000     0.642789792     0.553391678     0.000227276
     8.520000000     0.675486999     0.528261083     0.000220545
     8.530000000     0.702785912     0.494517491     0.000215888
     8.540000000     0.723913737     0.452362479     0.000212388
     8.550000000     0.738257887     0.403034821     0.000209299
     8.560000000     0.745395450     0.348870086     0.000206032
     8.570000000     0.745113868     0.293049690     0.000202148
     8.580000000     0.737421433     0.239059028     0.000197345
     8.590000000     0.722546866     0.190031670     0.000191442
     8.600000000     0.700928003     0.148224970     0.000184363
     8.610000000     0.673190383     0.114793885     0.000176125
     8.620000000     0.640117181     0.089870597     0.000166821
     8.630000000     0.602612509     0.072835415     0.000156601
     8.640000000     0.561660487     0.062637440     0.000145655
     8.650000000     0.518282647     0.058066797     0.000134201
     8.660000000     0.473496232     0.057940002     0.000122467
     8.670000000     0.428275713     0.061202132     0.000110680
     8.680000000     0.383519478     0.066967536     0.000099053
     8.690000000     0.340023131     0.074522689     0.000087780
     8.700000000     0.298460289     0.083309544     0.000077025
     8.710000000     0.259371172     0.092901294     0.000066921
     8.720000000     0.223158745     0.102977292     0.000057567
     8.730000000     0.190091708     0.113300344     0.000049031
     8.740000000     0.160313277     0.123697585     0.000041346
     8.750000000     0.133854465     0.134045031     0.000034519
     8.760000000     0.110650477     0.144255463     0.000028534
     8.770000000     0.090558824     0.154269069     0.000023352
     8.780000000     0.073377906     0.164046334     0.000018921
     8.790000000     0.058864968     0.173562655     0.000015178
     8.800000000     0.046752577     0.182804315     0.000012055
     8.810000000     0.036763027     0.191765461     0.000009479
     8.820000000     0.028620290     0.200445863     0.000007379
     8.830000000     0.022059407     0.208849247     0.000005688
     8.840000000     0.016833356     0.216982060     0.000004340
     8.850000000     0.012717585     0.224852561     0.000003279
     8.860000000     0.009512521     0.232470155     0.000002453
     8.870000000     0.007044394     0.239844905     0.000001816
     8.880000000     0.005164743     0.246987176     0.000001332
     8.890000000     0.003748961     0.253907383     0.000000967
     8.900000000     0.002694202     0.260615816     0.000000695
     8.910000000     0.001916930     0.267122511     0.000000494
     8.920000000     0.001350329     0.273437169     0.000000348
     8.930000000     0.000941738     0.279569106     0.000000243
     8.940000000     0.000650246     0.285527218     0.000000168
     8.950000000     0.000444510     0.291319970     0.000000115
     8.960000000     0.000300845     0.296955392     0.000000078
     8.970000000     0.000201587     0.302441082     0.000000052
     8.980000000     0.000133733     0.307784220     0.000000034
     8.990000000     0.000087836     0.312991582     0.000000023
     9.000000000     0.000057116     0.318069554     0.000000015
     9.010000000     0.000036771     0.323024158     0.000000009
     9.020000000     0.000023437     0.327861061     0.000000006
     9.030000000     0.000014790     0.332585604     0.000000004
     9.040000000     0.000009240     0.337202814     0.000000002
     9.050000000     0.000005716     0.341717429     0.000000001
     9.060000000     0.000003500     0.346133911     0.000000001
     9.070000000     0.000002122     0.350456463     0.000000001
     9.080000000     0.000001274     0.354689051     0.000000000
     9.090000000     0.000000757     0.358835414     0.000000000
     9.100000000     0.000000445     0.362899080     0.000000000
     9.110000000     0.000000259     0.366883381     0.000000000
     9.120000000     0.000000150     0.370791463     0.000000000
     9.130000000     0.000000085     0.374626302     0.000000000
     9.140000000     0.000000048     0.378390711     0.000000000
     9.150000000     0.000000027     0.382087355     0.000000000
     9.160000000     0.000000015     0.385718755     0.000000000
     9.170000000     0.000000008     0.389287302     0.000000000
     9.180000000     0.000000005     0.392795264     0.000000000
     9.190000000     0.000000003     0.396244793     0.000000000
     9.200000000     0.000000002     0.399637932     0.000000000
     9.210000000     0.000000002     0.402976623     0.000000000
     9.220000000     0.000000003     0.406262714     0.000000000
     9.230000000     0.000000004     0.409497963     0.000000000
     9.240000000     0.000000006     0.412684046     0.000000000
     9.250000000     0.000000011     0.415822557     0.000000001
     9.260000000     0.000000017     0.418915021     0.000000001
     9.270000000     0.000000028     0.421962891     0.000000001
     9.280000000     0.000000046     0.424967556     0.000000002
     9.290000000     0.000000074     0.427930343     0.000000004
     9.300000000     0.000000117     0.430852523     0.000000006
     9.310000000     0.000000184     0.433735313     0.000000009
     9.320000000     0.000000287     0.436579878     0.000000014
     9.330000000     0.000000442     0.439387337     0.000000021
     9.340000000     0.000000674     0.442158763     0.000000032
     9.350000000     0.000001017     0.444895188     0.000000049
     9.360000000     0.000001521     0.447597604     0.000000073
     9.370000000     0.000002251     0.450266964     0.000000108
     9.380000000     0.000003298     0.452904188     0.000000158
     9.390000000     0.000004784     0.455510161     0.000000229
     9.400000000     0.000006870     0.458085739     0.000000328
     9.410000000     0.000009769     0.460631747     0.000000467
     9.420000000     0.000013753     0.463148982     0.000000657
     9.430000000     0.000019168     0.465638213     0.000000916
     9.440000000     0.000026451     0.468100187     0.000001264
     9.450000000     0.000036136     0.470535624     0.000001727
     9.460000000     0.000048878     0.472945221     0.000002336
     9.470000000     0.000065454     0.475329649     0.000003128
     9.480000000     0.000086779     0.477689560     0.000004148
     9.490000000     0.000113907     0.480025576     0.000005444
     9.500000000     0.000148027     0.482338298     0.000007075
     9.510000000     0.000190455     0.484628295     0.000009103
     9.520000000     0.000242605     0.486896105     0.000011596
     9.530000000     0.000305960     0.489142228     0.000014624
     9.540000000     0.000382020     0.491367118     0.000018259
     9.550000000     0.000472242     0.493571175     0.000022572
     9.560000000     0.000577963     0.495754724     0.000027625
     9.570000000     0.000700314     0.497918002     0.000033473
     9.580000000     0.000840122     0.500061127     0.000040155
     9.590000000     0.000997813     0.502184061     0.000047692
     9.600000000     0.001173311     0.504286567     0.000056080
     9.610000000     0.001365948     0.506368140     0.000065288
     9.620000000     0.001574389     0.508427935     0.000075251
     9.630000000     0.001796582     0.510464661     0.000085871
     9.640000000     0.002029734     0.512476466     0.000097015
     9.650000000     0.002270327     0.514460802     0.000108514
     9.660000000     0.002514169     0.516414290     0.000120169
     9.670000000     0.002756499     0.518332626     0.000131751
     9.680000000     0.002992114     0.520210567     0.000143013
     9.690000000     0.003215551     0.522042114     0.000153693
     9.700000000     0.003421290     0.523820998     0.000163526
     9.710000000     0.003603972     0.525541601     0.000172258
     9.720000000     0.003758633     0.527200355     0.000179650
     9.730000000     0.003880927     0.528797455     0.000185495
     9.740000000     0.003967328     0.530338418     0.000189625
     9.750000000     0.004015298     0.531834731     0.000191918
     9.760000000     0.004023413     0.533302921     0.000192306
     9.770000000     0.003991429     0.534761957     0.000190777
     9.780000000     0.003920299     0.536229732     0.000187377
     9.790000000     0.003812125     0.537719960     0.000182207
     9.800000000     0.003670051     0.539240529     0.000175416
     9.810000000     0.003498116     0.540793581     0.000167198
     9.820000000     0.003301059     0.542376795     0.000157780
     9.830000000     0.003084107     0.543985112     0.000147410
     9.840000000     0.002852743     0.545612301     0.000136352
     9.850000000     0.002612479     0.547252072     0.000124868
     9.860000000     0.002368646     0.548898727     0.000113213
     9.870000000     0.002126202     0.550547446     0.000101625
     9.880000000     0.001889583     0.552194343     0.000090316
     9.890000000     0.001662587     0.553836396     0.000079466
     9.900000000     0.001448305     0.555471316     0.000069224
     9.910000000     0.001249086     0.557097416     0.000059702
     9.920000000     0.001066552     0.558713483     0.000050978
     9.930000000     0.000901631     0.560318671     0.000043095
     9.940000000     0.000754627     0.561912411     0.000036069
     9.950000000     0.000625307     0.563494344     0.000029888
     9.960000000     0.000512993     0.565064265     0.000024519
     9.970000000     0.000416664     0.566622086     0.000019915
     9.980000000     0.000335057     0.568167800     0.000016015
     9.990000000     0.000266752     0.569701461     0.000012750
    10.000000000     0.000210258     0.571223166     0.000010050
    10.010000000     0.000164080     0.572733044     0.000007842
    10.020000000     0.000126770     0.574231241     0.000006059
    10.030000000     0.000096969     0.575717919     0.000004635
    10.040000000     0.000073436     0.577193247     0.000003510
    10.050000000     0.000055060     0.578657398     0.000002632
    10.060000000     0.000040872     0.580110549     0.000001954
    10.070000000     0.000030038     0.581552873     0.000001436
    10.080000000     0.000021856     0.582984544     0.000001045
    10.090000000     0.000015745     0.584405732     0.000000753
    10.100000000     0.000011229     0.585816605     0.000000537
    10.110000000     0.000007929     0.587217325     0.000000379
    10.120000000     0.000005543     0.588608050     0.000000265
    10.130000000     0.000003837     0.589988936     0.000000183
    10.140000000     0.000002629     0.591360133     0.000000126
    10.150000000     0.000001784     0.592721787     0.000000085
    10.160000000     0.000001198     0.594074039     0.000000057
    10.170000000     0.000000797     0.595417028     0.000000038
    10.180000000     0.000000524     0.596750886     0.000000025
    10.190000000     0.000000342     0.598075744     0.000000016
    10.200000000     0.000000221     0.599391727     0.000000011
    10.210000000     0.000000141     0.600698959     0.000000007
    10.220000000     0.000000089     0.601997558     0.000000004
    10.230000000     0.000000056     0.603287640     0.000000003
    10.240000000     0.000000035     0.604569317     0.000000002
    10.250000000     0.000000021     0.605842700     0.000000001
    10.260000000     0.000000013     0.607107895     0.000000001
    10.270000000     0.000000008     0.608365005     0.000000000
    10.280000000     0.000000005     0.609614133     0.000000000
    10.290000000     0.000000003     0.610855378     0.000000000
    10.300000000     0.000000002     0.612088834     0.000000000
    10.310000000     0.000000001     0.613314598     0.000000000
    10.320000000     0.000000001     0.614532760     0.000000000
    10.330000000     0.000000000     0.615743411     0.000000000
    10.340000000     0.000000000     0.616946639     0.000000000
    10.350000000     0.000000000     0.618142528     0.000000000
    10.360000000     0.000000000     0.619331163     0.000000000
    10.370000000     0.000000000     0.620512626     0.000000000
    10.380000000     0.000000000     0.621686998     0.000000000
    10.390000000     0.000000000     0.622854357     0.000000000
    10.400000000     0.000000000     0.624014780     0.000000000
    10.410000000     0.000000000     0.625168343     0.000000000
    10.420000000     0.000000000     0.626315119     0.000000000
    10.430000000     0.000000000     0.627455182     0.000000000
    10.440000000     0.000000000     0.628588602     0.000000000
    10.450000000     0.000000000     0.629715450     0.000000000
    10.460000000     0.000000000     0.630835793     0.000000000
    10.470000000     0.000000000     0.631949700     0.000000000
    10.480000000     0.000000000     0.633057236     0.000000000
    10.490000000     0.000000000     0.634158465     0.000000000
    10.500000000     0.000000000     0.635253452     0.000000000
    10.510000000     0.000000000     0.636342259     0.000000000
    10.520000000     0.000000000     0.637424948     0.000000000
    10.530000000     0.000000000     0.638501578     0.000000000
    10.540000000     0.000000000     0.639572210     0.000000000
    10.550000000     0.000000000     0.640636902     0.000000000
    10.560000000     0.000000000     0.641695711     0.000000000
    10.570000000     0.000000000     0.642748693     0.000000000
    10.580000000     0.000000000     0.643795905     0.000000000
    10.590000000     0.000000000     0.644837400     0.000000000
    10.600000000     0.000000000     0.645873233     0.000000000
    10.610000000     0.000000000     0.646903457     0.000000000
    10.620000000     0.000000000     0.647928124     0.000000000
    10.630000000     0.000000000     0.648947285     0.000000000
    10.640000000     0.000000000     0.649960990     0.000000000
    10.650000000     0.000000000     0.650969290     0.000000000
    10.660000000     0.000000000     0.651972233     0.000000000
    10.670000000     0.000000000     0.652969868     0.000000000
    10.680000000     0.000000000     0.653962243     0.000000000
    10.690000000     0.000000000     0.654949404     0.000000000
    10.700000000     0.000000000     0.655931397     0.000000000
    10.710000000     0.000000000     0.656908269     0.000000000
    10.720000000     0.000000000     0.657880063     0.000000000
    10.730000000     0.000000000     0.658846825     0.000000000
    10.740000000     0.000000000     0.659808598     0.000000000
    10.750000000     0.000000000     0.660765425     0.000000000
    10.760000000     0.000000000     0.661717348     0.000000000
    10.770000000     0.000000000     0.662664409     0.000000000
    10.780000000     0.000000000     0.663606651     0.000000000
    10.790000000     0.000000000     0.664544113     0.000000000
    10.800000000     0.000000000     0.665476835     0.000000000
    10.810000000     0.000000000     0.666404858     0.000000000
    10.820000000     0.000000000     0.667328220     0.000000000
    10.830000000     0.000000000     0.668246960     0.000000000
    10.840000000     0.000000000     0.669161117     0.000000000
    10.850000000     0.000000000     0.670070727     0.000000000
    10.860000000     0.000000000     0.670975829     0.000000000
    10.870000000     0.000000000     0.671876458     0.000000000
    10.880000000     0.000000000     0.672772651     0.000000000
    10.890000000     0.000000000     0.673664444     0.000000000
    10.900000000     0.000000000     0.674551872     0.000000000
    10.910000000     0.000000000     0.675434970     0.000000000
    10.920000000     0.000000000     0.676313772     0.000000000
    10.930000000     0.000000000     0.677188312     0.000000000
    10.940000000     0.000000000     0.678058625     0.000000000
    10.950000000     0.000000000     0.678924742     0.000000000
    10.960000000     0.000000000     0.679786698     0.000000000
    10.970000000     0.000000000     0.680644524     0.000000000
    10.980000000     0.000000000     0.681498252     0.000000000
    10.990000000     0.000000000     0.682347915     0.000000000
    11.000000000     0.000000000     0.683193542     0.000000000
