epsilon_cutoff 10.0
number_bands 680

begin qpoints
  0.005000000  0.005000000  0.010000000   1.0 1  
  0.000000000  0.000000000  0.500000000   1.0 0
  0.000000000  0.250000000  0.000000000   1.0 0
  0.000000000  0.250000000  0.500000000   1.0 0
  0.000000000  0.500000000  0.000000000   1.0 0
  0.000000000  0.500000000  0.500000000   1.0 0
  0.000000000  0.750000000  0.000000000   1.0 0
  0.000000000  0.750000000  0.500000000   1.0 0
  0.250000000  0.000000000  0.000000000   1.0 0
  0.250000000  0.000000000  0.500000000   1.0 0
  0.250000000  0.250000000  0.000000000   1.0 0
  0.250000000  0.250000000  0.500000000   1.0 0
  0.250000000  0.500000000  0.000000000   1.0 0
  0.250000000  0.500000000  0.500000000   1.0 0
  0.250000000  0.750000000  0.000000000   1.0 0
  0.250000000  0.750000000  0.500000000   1.0 0
  0.500000000  0.000000000  0.000000000   1.0 0
  0.500000000  0.000000000  0.500000000   1.0 0
  0.500000000  0.250000000  0.000000000   1.0 0
  0.500000000  0.250000000  0.500000000   1.0 0
  0.500000000  0.500000000  0.000000000   1.0 0
  0.500000000  0.500000000  0.500000000   1.0 0
  0.500000000  0.750000000  0.000000000   1.0 0
  0.500000000  0.750000000  0.500000000   1.0 0
  0.750000000  0.000000000  0.000000000   1.0 0
  0.750000000  0.000000000  0.500000000   1.0 0
  0.750000000  0.250000000  0.000000000   1.0 0
  0.750000000  0.250000000  0.500000000   1.0 0
  0.750000000  0.500000000  0.000000000   1.0 0
  0.750000000  0.500000000  0.500000000   1.0 0
  0.750000000  0.750000000  0.000000000   1.0 0
  0.750000000  0.750000000  0.500000000   1.0 0
end
