 # Column 1: omega
 # Column 2: eps2(omega)
 # Column 3: eps1(omega)
 # Column 4: JDOS(omega)
     0.000000000     0.000000000     3.989468265     0.000000000
     0.010000000     0.000000000     3.989481447     0.000000000
     0.020000000     0.000000000     3.989520994     0.000000000
     0.030000000     0.000000000     3.989586910     0.000000000
     0.040000000     0.000000000     3.989679199     0.000000000
     0.050000000     0.000000000     3.989797870     0.000000000
     0.060000000     0.000000000     3.989942932     0.000000000
     0.070000000     0.000000000     3.990114396     0.000000000
     0.080000000     0.000000000     3.990312277     0.000000000
     0.090000000     0.000000000     3.990536591     0.000000000
     0.100000000     0.000000000     3.990787357     0.000000000
     0.110000000     0.000000000     3.991064594     0.000000000
     0.120000000     0.000000000     3.991368325     0.000000000
     0.130000000     0.000000000     3.991698576     0.000000000
     0.140000000     0.000000000     3.992055373     0.000000000
     0.150000000     0.000000000     3.992438746     0.000000000
     0.160000000     0.000000000     3.992848726     0.000000000
     0.170000000     0.000000000     3.993285347     0.000000000
     0.180000000     0.000000000     3.993748646     0.000000000
     0.190000000     0.000000000     3.994238660     0.000000000
     0.200000000     0.000000000     3.994755430     0.000000000
     0.210000000     0.000000000     3.995298999     0.000000000
     0.220000000     0.000000000     3.995869413     0.000000000
     0.230000000     0.000000000     3.996466718     0.000000000
     0.240000000     0.000000000     3.997090966     0.000000000
     0.250000000     0.000000000     3.997742208     0.000000000
     0.260000000     0.000000000     3.998420500     0.000000000
     0.270000000     0.000000000     3.999125898     0.000000000
     0.280000000     0.000000000     3.999858462     0.000000000
     0.290000000     0.000000000     4.000618255     0.000000000
     0.300000000     0.000000000     4.001405341     0.000000000
     0.310000000     0.000000000     4.002219787     0.000000000
     0.320000000     0.000000000     4.003061665     0.000000000
     0.330000000     0.000000000     4.003931044     0.000000000
     0.340000000     0.000000000     4.004828003     0.000000000
     0.350000000     0.000000000     4.005752617     0.000000000
     0.360000000     0.000000000     4.006704967     0.000000000
     0.370000000     0.000000000     4.007685138     0.000000000
     0.380000000     0.000000000     4.008693215     0.000000000
     0.390000000     0.000000000     4.009729287     0.000000000
     0.400000000     0.000000000     4.010793446     0.000000000
     0.410000000     0.000000000     4.011885787     0.000000000
     0.420000000     0.000000000     4.013006407     0.000000000
     0.430000000     0.000000000     4.014155409     0.000000000
     0.440000000     0.000000000     4.015332895     0.000000000
     0.450000000     0.000000000     4.016538972     0.000000000
     0.460000000     0.000000000     4.017773752     0.000000000
     0.470000000     0.000000000     4.019037348     0.000000000
     0.480000000     0.000000000     4.020329877     0.000000000
     0.490000000     0.000000000     4.021651459     0.000000000
     0.500000000     0.000000000     4.023002217     0.000000000
     0.510000000     0.000000000     4.024382281     0.000000000
     0.520000000     0.000000000     4.025791779     0.000000000
     0.530000000     0.000000000     4.027230848     0.000000000
     0.540000000     0.000000000     4.028699625     0.000000000
     0.550000000     0.000000000     4.030198253     0.000000000
     0.560000000     0.000000000     4.031726878     0.000000000
     0.570000000     0.000000000     4.033285651     0.000000000
     0.580000000     0.000000000     4.034874725     0.000000000
     0.590000000     0.000000000     4.036494261     0.000000000
     0.600000000     0.000000000     4.038144419     0.000000000
     0.610000000     0.000000000     4.039825369     0.000000000
     0.620000000     0.000000000     4.041537282     0.000000000
     0.630000000     0.000000000     4.043280335     0.000000000
     0.640000000     0.000000000     4.045054709     0.000000000
     0.650000000     0.000000000     4.046860591     0.000000000
     0.660000000     0.000000000     4.048698172     0.000000000
     0.670000000     0.000000000     4.050567649     0.000000000
     0.680000000     0.000000000     4.052469225     0.000000000
     0.690000000     0.000000000     4.054403106     0.000000000
     0.700000000     0.000000000     4.056369507     0.000000000
     0.710000000     0.000000000     4.058368646     0.000000000
     0.720000000     0.000000000     4.060400748     0.000000000
     0.730000000     0.000000000     4.062466046     0.000000000
     0.740000000     0.000000000     4.064564777     0.000000000
     0.750000000     0.000000000     4.066697185     0.000000000
     0.760000000     0.000000000     4.068863522     0.000000000
     0.770000000     0.000000000     4.071064046     0.000000000
     0.780000000     0.000000000     4.073299024     0.000000000
     0.790000000     0.000000000     4.075568728     0.000000000
     0.800000000     0.000000000     4.077873439     0.000000000
     0.810000000     0.000000000     4.080213447     0.000000000
     0.820000000     0.000000000     4.082589049     0.000000000
     0.830000000     0.000000000     4.085000553     0.000000000
     0.840000000     0.000000000     4.087448273     0.000000000
     0.850000000     0.000000000     4.089932534     0.000000000
     0.860000000     0.000000000     4.092453671     0.000000000
     0.870000000     0.000000000     4.095012028     0.000000000
     0.880000000     0.000000000     4.097607962     0.000000000
     0.890000000     0.000000000     4.100241837     0.000000000
     0.900000000     0.000000000     4.102914032     0.000000000
     0.910000000     0.000000000     4.105624936     0.000000000
     0.920000000     0.000000000     4.108374952     0.000000000
     0.930000000     0.000000000     4.111164494     0.000000000
     0.940000000     0.000000000     4.113993990     0.000000000
     0.950000000     0.000000000     4.116863884     0.000000000
     0.960000000     0.000000000     4.119774632     0.000000000
     0.970000000     0.000000000     4.122726708     0.000000000
     0.980000000     0.000000000     4.125720599     0.000000000
     0.990000000     0.000000000     4.128756813     0.000000000
     1.000000000     0.000000000     4.131835872     0.000000000
     1.010000000     0.000000000     4.134958320     0.000000000
     1.020000000     0.000000000     4.138124717     0.000000000
     1.030000000     0.000000000     4.141335646     0.000000000
     1.040000000     0.000000000     4.144591712     0.000000000
     1.050000000     0.000000000     4.147893540     0.000000000
     1.060000000     0.000000000     4.151241783     0.000000000
     1.070000000     0.000000000     4.154637116     0.000000000
     1.080000000     0.000000000     4.158080242     0.000000000
     1.090000000     0.000000000     4.161571892     0.000000000
     1.100000000     0.000000000     4.165112827     0.000000000
     1.110000000     0.000000000     4.168703840     0.000000000
     1.120000000     0.000000000     4.172345757     0.000000000
     1.130000000     0.000000000     4.176039439     0.000000000
     1.140000000     0.000000000     4.179785785     0.000000000
     1.150000000     0.000000000     4.183585735     0.000000000
     1.160000000     0.000000000     4.187440272     0.000000000
     1.170000000     0.000000000     4.191350421     0.000000000
     1.180000000     0.000000000     4.195317259     0.000000000
     1.190000000     0.000000000     4.199341914     0.000000000
     1.200000000     0.000000000     4.203425568     0.000000000
     1.210000000     0.000000000     4.207569463     0.000000000
     1.220000000     0.000000000     4.211774904     0.000000000
     1.230000000     0.000000000     4.216043265     0.000000000
     1.240000000     0.000000000     4.220375991     0.000000000
     1.250000000     0.000000000     4.224774608     0.000000000
     1.260000000     0.000000000     4.229240726     0.000000000
     1.270000000     0.000000000     4.233776045     0.000000000
     1.280000000     0.000000000     4.238382365     0.000000000
     1.290000000     0.000000000     4.243061593     0.000000000
     1.300000000     0.000000000     4.247815752     0.000000000
     1.310000000     0.000000000     4.252646991     0.000000000
     1.320000000     0.000000001     4.257557596     0.000000000
     1.330000000     0.000000002     4.262550003     0.000000000
     1.340000000     0.000000005     4.267626809     0.000000001
     1.350000000     0.000000014     4.272790792     0.000000002
     1.360000000     0.000000037     4.278044924     0.000000006
     1.370000000     0.000000094     4.283392393     0.000000015
     1.380000000     0.000000231     4.288836621     0.000000037
     1.390000000     0.000000543     4.294381292     0.000000087
     1.400000000     0.000001227     4.300030375     0.000000197
     1.410000000     0.000002665     4.305788155     0.000000430
     1.420000000     0.000005562     4.311659266     0.000000905
     1.430000000     0.000011160     4.317648725     0.000001830
     1.440000000     0.000021527     4.323761970     0.000003557
     1.450000000     0.000039917     4.330004898     0.000006652
     1.460000000     0.000071157     4.336383901     0.000011962
     1.470000000     0.000121950     4.342905889     0.000020689
     1.480000000     0.000200938     4.349578299     0.000034417
     1.490000000     0.000318327     4.356409055     0.000055070
     1.500000000     0.000484878     4.363406445     0.000084759
     1.510000000     0.000710163     4.370578853     0.000125486
     1.520000000     0.001000161     4.377934201     0.000178715
     1.530000000     0.001354539     4.385478923     0.000244850
     1.540000000     0.001764230     4.393216193     0.000322720
     1.550000000     0.002210090     4.401143233     0.000409224
     1.560000000     0.002663423     4.409248238     0.000499270
     1.570000000     0.003088913     4.417509849     0.000586124
     1.580000000     0.003450060     4.425906443     0.000662212
     1.590000000     0.003716751     4.434442687     0.000720249
     1.600000000     0.003874290     4.443181661     0.000754531
     1.610000000     0.003933254     4.452243715     0.000762083
     1.620000000     0.003940040     4.461759721     0.000743433
     1.630000000     0.003988652     4.471824107     0.000702813
     1.640000000     0.004234824     4.482482372     0.000647758
     1.650000000     0.004913404     4.493747633     0.000588213
     1.660000000     0.006358498     4.505625340     0.000535348
     1.670000000     0.009023082     4.518128107     0.000500342
     1.680000000     0.013490914     4.531276843     0.000493337
     1.690000000     0.020469907     4.545092413     0.000522706
     1.700000000     0.030754336     4.559580129     0.000594655
     1.710000000     0.045145581     4.574704643     0.000713145
     1.720000000     0.064328825     4.590348836     0.000880066
     1.730000000     0.088716209     4.606247301     0.001095613
     1.740000000     0.118282531     4.621884255     0.001358837
     1.750000000     0.152432751     4.636351061     0.001668371
     1.760000000     0.189945071     4.648182774     0.002023319
     1.770000000     0.229024526     4.655268251     0.002424251
     1.780000000     0.267479044     4.655055653     0.002874188
     1.790000000     0.302997808     4.645372962     0.003379378
     1.800000000     0.333480063     4.626103694     0.003949608
     1.810000000     0.357342588     4.600872511     0.004597815
     1.820000000     0.373734166     4.575990827     0.005338831
     1.830000000     0.382607100     4.556146851     0.006187262
     1.840000000     0.384632912     4.541691981     0.007154700
     1.850000000     0.380990164     4.530503702     0.008246657
     1.860000000     0.373084037     4.521276139     0.009459758
     1.870000000     0.362270832     4.514444061     0.010779728
     1.880000000     0.349653017     4.510654360     0.012180665
     1.890000000     0.335985639     4.509091878     0.013625893
     1.900000000     0.321701045     4.507463167     0.015070475
     1.910000000     0.307025730     4.503798065     0.016465239
     1.920000000     0.292139738     4.498449723     0.017761951
     1.930000000     0.277320921     4.494063983     0.018919074
     1.940000000     0.263025225     4.493395218     0.019907382
     1.950000000     0.249876731     4.497533846     0.020714609
     1.960000000     0.238570593     4.505908404     0.021348251
     1.970000000     0.229719526     4.517067334     0.021835799
     1.980000000     0.223691897     4.529386056     0.022221992
     1.990000000     0.220492062     4.541503175     0.022563147
     2.000000000     0.219720982     4.552384209     0.022919244
     2.010000000     0.220631839     4.561143903     0.023344951
     2.020000000     0.222268480     4.567051771     0.023881153
     2.030000000     0.223652044     4.569920738     0.024548562
     2.040000000     0.223969329     4.570549505     0.025344719
     2.050000000     0.222718171     4.570761063     0.026245062
     2.060000000     0.219779211     4.572758280     0.027208026
     2.070000000     0.215405020     4.578000266     0.028183313
     2.080000000     0.210139814     4.586539247     0.029121877
     2.090000000     0.204699038     4.597370518     0.029985738
     2.100000000     0.199843788     4.609234729     0.030755725
     2.110000000     0.196279677     4.621228550     0.031435576
     2.120000000     0.194596813     4.633076061     0.032051480
     2.130000000     0.195252286     4.645031190     0.032647080
     2.140000000     0.198584281     4.657451925     0.033274870
     2.150000000     0.204840630     4.670424866     0.033985733
     2.160000000     0.214204448     4.683701014     0.034818747
     2.170000000     0.226803533     4.696763198     0.035793328
     2.180000000     0.242696088     4.708910498     0.036905277
     2.190000000     0.261831613     4.719468980     0.038127457
     2.200000000     0.283992432     4.728121037     0.039414915
     2.210000000     0.308728363     4.735070317     0.040713465
     2.220000000     0.335303709     4.740740568     0.041970145
     2.230000000     0.362679425     4.745042720     0.043143749
     2.240000000     0.389550693     4.746765805     0.044213612
     2.250000000     0.414449040     4.743786061     0.045185137
     2.260000000     0.435900061     4.734268783     0.046090998
     2.270000000     0.452608374     4.718266488     0.046987579
     2.280000000     0.463628426     4.698449225     0.047946925
     2.290000000     0.468480011     4.678973611     0.049045300
     2.300000000     0.467182169     4.663247169     0.050350092
     2.310000000     0.460203703     4.652514927     0.051907324
     2.320000000     0.448352933     4.645911824     0.053732042
     2.330000000     0.432643688     4.641322893     0.055803438
     2.340000000     0.414173468     4.636779028     0.058065675
     2.350000000     0.394035139     4.631944517     0.060434189
     2.360000000     0.373263533     4.628388012     0.062806157
     2.370000000     0.352802674     4.628183290     0.065073053
     2.380000000     0.333474950     4.632306937     0.067132989
     2.390000000     0.315940914     4.640263003     0.068900961
     2.400000000     0.300652151     4.650673956     0.070315823
     2.410000000     0.287811792     4.661937463     0.071343729
     2.420000000     0.277361322     4.672685950     0.071978388
     2.430000000     0.269006530     4.682115550     0.072238851
     2.440000000     0.262282807     4.690042605     0.072165514
     2.450000000     0.256646779     4.696766176     0.071814907
     2.460000000     0.251573048     4.703012231     0.071253656
     2.470000000     0.246634558     4.709704289     0.070552045
     2.480000000     0.241551887     4.717400630     0.069777659
     2.490000000     0.236206826     4.725943266     0.068989759
     2.500000000     0.230624837     4.734733972     0.068235005
     2.510000000     0.224936242     4.743409355     0.067544952
     2.520000000     0.219326983     4.752228808     0.066935373
     2.530000000     0.213987741     4.761725772     0.066407086
     2.540000000     0.209067606     4.772109103     0.065947686
     2.550000000     0.204636736     4.783104469     0.065533617
     2.560000000     0.200662157     4.794219490     0.065132247
     2.570000000     0.197000747     4.805080781     0.064703971
     2.580000000     0.193412421     4.815557933     0.064204685
     2.590000000     0.189593484     4.825576576     0.063588987
     2.600000000     0.185225493     4.834948384     0.062814253
     2.610000000     0.180030239     4.843499423     0.061845248
     2.620000000     0.173818686     4.851409239     0.060658472
     2.630000000     0.166522457     4.859512635     0.059245173
     2.640000000     0.158201013     4.869021090     0.057612088
     2.650000000     0.149024648     4.880627943     0.055779435
     2.660000000     0.139240287     4.894012268     0.053776467
     2.670000000     0.129131225     4.908273020     0.051635605
     2.680000000     0.118981953     4.922714898     0.049386677
     2.690000000     0.109055331     4.937279066     0.047052802
     2.700000000     0.099583528     4.952381081     0.044648995
     2.710000000     0.090768931     4.968466819     0.042183779
     2.720000000     0.082788545     4.985713443     0.039663168
     2.730000000     0.075795931     5.003983301     0.037095709
     2.740000000     0.069917584     5.022949143     0.034496977
     2.750000000     0.065244123     5.042277759     0.031892183
     2.760000000     0.061819310     5.061757673     0.029316175
     2.770000000     0.059630807     5.081320421     0.026810927
     2.780000000     0.058605904     5.100958851     0.024421314
     2.790000000     0.058613882     5.120589386     0.022190330
     2.800000000     0.059474953     5.139998102     0.020154873
     2.810000000     0.060974490     5.158960648     0.018342866
     2.820000000     0.062880617     5.177406107     0.016771978
     2.830000000     0.064963141     5.195435114     0.015449815
     2.840000000     0.067012120     5.213210731     0.014375136
     2.850000000     0.068854693     5.230867277     0.013539682
     2.860000000     0.070369103     5.248499504     0.012930182
     2.870000000     0.071494817     5.266166386     0.012530272
     2.880000000     0.072237382     5.283872259     0.012322071
     2.890000000     0.072666361     5.301647729     0.012287232
     2.900000000     0.072904769     5.319676328     0.012407317
     2.910000000     0.073109273     5.338249966     0.012663467
     2.920000000     0.073442267     5.357575567     0.013035496
     2.930000000     0.074039418     5.377648034     0.013500726
     2.940000000     0.074978795     5.398264471     0.014033009
     2.950000000     0.076259241     5.419096860     0.014602400
     2.960000000     0.077795362     5.439812785     0.015175820
     2.970000000     0.079434028     5.460226750     0.015718838
     2.980000000     0.080992821     5.480314819     0.016198395
     2.990000000     0.082315223     5.500078781     0.016586032
     3.000000000     0.083331947     5.519532721     0.016861002
     3.010000000     0.084114013     5.538923854     0.017012594
     3.020000000     0.084902251     5.558865127     0.017041128
     3.030000000     0.086100728     5.580060558     0.016957357
     3.040000000     0.088228033     5.602881589     0.016780405
     3.050000000     0.091829683     5.627270875     0.016534728
     3.060000000     0.097365308     5.652939891     0.016246874
     3.070000000     0.105093199     5.679494978     0.015942856
     3.080000000     0.114979502     5.706354506     0.015646726
     3.090000000     0.126657565     5.732632109     0.015380580
     3.100000000     0.139453743     5.757170904     0.015165699
     3.110000000     0.152480922     5.778768096     0.015024231
     3.120000000     0.164783660     5.796613860     0.014980598
     3.130000000     0.175504466     5.810964020     0.015061989
     3.140000000     0.184034196     5.823648477     0.015297527
     3.150000000     0.190113442     5.837419401     0.015716145
     3.160000000     0.193865113     5.854157822     0.016343480
     3.170000000     0.195756753     5.873899819     0.017198348
     3.180000000     0.196508223     5.895653133     0.018289448
     3.190000000     0.196970746     5.918647365     0.019612906
     3.200000000     0.198004449     5.942657145     0.021151189
     3.210000000     0.200374683     5.967593584     0.022873721
     3.220000000     0.204676604     5.993258974     0.024739313
     3.230000000     0.211287597     6.019419723     0.026700196
     3.240000000     0.220341735     6.045864539     0.028707179
     3.250000000     0.231720338     6.072326271     0.030715186
     3.260000000     0.245056481     6.098366853     0.032688376
     3.270000000     0.259755766     6.123352600     0.034604087
     3.280000000     0.275038122     6.146581006     0.036455040
     3.290000000     0.290004067     6.167616171     0.038249555
     3.300000000     0.303723914     6.186574996     0.040009760
     3.310000000     0.315341534     6.203942053     0.041768065
     3.320000000     0.324177929     6.220152329     0.043562341
     3.330000000     0.329816517     6.235616346     0.045430407
     3.340000000     0.332153397     6.251210833     0.047404512
     3.350000000     0.331402022     6.268410629     0.049506528
     3.360000000     0.328051448     6.288535029     0.051744478
     3.370000000     0.322787975     6.311986695     0.054110814
     3.380000000     0.316398418     6.338358686     0.056582565
     3.390000000     0.309676838     6.366953202     0.059123163
     3.400000000     0.303354219     6.397150310     0.061685497
     3.410000000     0.298062770     6.428596781     0.064215715
     3.420000000     0.294335744     6.461231266     0.066657317
     3.430000000     0.292632793     6.495107403     0.068955329
     3.440000000     0.293373186     6.530205802     0.071060456
     3.450000000     0.296956689     6.566459631     0.072933158
     3.460000000     0.303755634     6.603871578     0.074547495
     3.470000000     0.314071138     6.642473059     0.075894331
     3.480000000     0.328059601     6.682151065     0.076983392
     3.490000000     0.345649351     6.722587971     0.077843679
     3.500000000     0.366477254     6.763265999     0.078522047
     3.510000000     0.389877018     6.803311353     0.079080140
     3.520000000     0.414942101     6.841363160     0.079590304
     3.530000000     0.440666879     6.875798350     0.080131189
     3.540000000     0.466144694     6.905396019     0.080783653
     3.550000000     0.490778261     6.930381843     0.081627134
     3.560000000     0.514445575     6.953228828     0.082736287
     3.570000000     0.537568742     6.977875353     0.084177435
     3.580000000     0.561054574     7.007365493     0.086004538
     3.590000000     0.586108427     7.042159747     0.088254803
     3.600000000     0.613956256     7.080463529     0.090944576
     3.610000000     0.645534103     7.119527538     0.094066542
     3.620000000     0.681212416     7.156708542     0.097589251
     3.630000000     0.720614269     7.190133023     0.101459631
     3.640000000     0.762566115     7.218959490     0.105608507
     3.650000000     0.805193723     7.243100191     0.109958465
     3.660000000     0.846150131     7.262568331     0.114432876
     3.670000000     0.882940084     7.276978580     0.118964621
     3.680000000     0.913287909     7.285686183     0.123503088
     3.690000000     0.935484920     7.288785636     0.128018258
     3.700000000     0.948651001     7.288556140     0.132501136
     3.710000000     0.952856711     7.289633327     0.136960365
     3.720000000     0.949078325     7.296975504     0.141415508
     3.730000000     0.938995467     7.313549810     0.145888132
     3.740000000     0.924680270     7.339701859     0.150392336
     3.750000000     0.908256009     7.373680970     0.154926540
     3.760000000     0.891610975     7.412361835     0.159468137
     3.770000000     0.876235361     7.452348000     0.163971995
     3.780000000     0.863209767     7.491457501     0.168372901
     3.790000000     0.853325916     7.529698738     0.172591203
     3.800000000     0.847279025     7.568877535     0.176540254
     3.810000000     0.845850152     7.611150005     0.180134142
     3.820000000     0.850001778     7.657815426     0.183294479
     3.830000000     0.860838350     7.709077201     0.185955653
     3.840000000     0.879426152     7.764332520     0.188068647
     3.850000000     0.906510947     7.822372238     0.189603989
     3.860000000     0.942205536     7.881483125     0.190554506
     3.870000000     0.985734035     7.939491185     0.190938177
     3.880000000     1.035311987     7.993591531     0.190800804
     3.890000000     1.088212856     8.040363268     0.190217603
     3.900000000     1.141028686     8.076779733     0.189292482
     3.910000000     1.190085877     8.101971139     0.188153891
     3.920000000     1.231938047     8.117927314     0.186946696
     3.930000000     1.263837591     8.128305281     0.185820351
     3.940000000     1.284092161     8.137311530     0.184914538
     3.950000000     1.292241065     8.149648392     0.184344086
     3.960000000     1.289031641     8.169536142     0.184185323
     3.970000000     1.276223472     8.198841882     0.184465872
     3.980000000     1.256284691     8.236836018     0.185159491
     3.990000000     1.232059275     8.281698892     0.186186857
     4.000000000     1.206474221     8.332054772     0.187422342
     4.010000000     1.182326559     8.387592552     0.188706045
     4.020000000     1.162153723     8.448521623     0.189859671
     4.030000000     1.148160439     8.514485747     0.190704431
     4.040000000     1.142161261     8.584662811     0.191079180
     4.050000000     1.145504052     8.659044189     0.190857208
     4.060000000     1.158962288     8.738304658     0.189960593
     4.070000000     1.182613011     8.821802779     0.188371329
     4.080000000     1.215740595     8.906556123     0.186138549
     4.090000000     1.256813997     8.988477108     0.183381028
     4.100000000     1.303573194     9.064174034     0.180283960
     4.110000000     1.353232633     9.131822985     0.177089137
     4.120000000     1.402776006     9.191474063     0.174078255
     4.130000000     1.449289845     9.245189287     0.171550228
     4.140000000     1.490273327     9.296237668     0.169794752
     4.150000000     1.523871574     9.347738132     0.169065420
     4.160000000     1.549005267     9.402021538     0.169556105
     4.170000000     1.565400290     9.460453014     0.171383730
     4.180000000     1.573545716     9.523422059     0.174579268
     4.190000000     1.574618282     9.590809040     0.179087118
     4.200000000     1.570404314     9.662695302     0.184771595
     4.210000000     1.563230611     9.740069591     0.191428305
     4.220000000     1.555893089     9.824920831     0.198798059
     4.230000000     1.551556126     9.918986738     0.206581355
     4.240000000     1.553593614    10.022432010     0.214452232
     4.250000000     1.565356610    10.134402676     0.222071139
     4.260000000     1.589877770    10.254484833     0.229097225
     4.270000000     1.629550670    10.382533059     0.235200924
     4.280000000     1.685841705    10.516918841     0.240077892
     4.290000000     1.759094998    10.653289291     0.243465024
     4.300000000     1.848473670    10.785278506     0.245158495
     4.310000000     1.952048733    10.907277153     0.245032588
     4.320000000     2.067010897    11.017485423     0.243056785
     4.330000000     2.189954246    11.118329584     0.239307680
     4.340000000     2.317173715    11.213670005     0.233972124
     4.350000000     2.444932275    11.305677074     0.227338915
     4.360000000     2.569680699    11.393907847     0.219778195
     4.370000000     2.688239336    11.476714091     0.211710093
     4.380000000     2.797964400    11.553407335     0.203566368
     4.390000000     2.896914859    11.624554280     0.195750356
     4.400000000     2.984013749    11.691461365     0.188600882
     4.410000000     3.059171025    11.757811879     0.182365033
     4.420000000     3.123317868    11.829759091     0.177183048
     4.430000000     3.178304866    11.911549312     0.173086431
     4.440000000     3.226641273    12.003596009     0.170008381
     4.450000000     3.271093536    12.105926929     0.167803937
     4.460000000     3.314206410    12.219667749     0.166276241
     4.470000000     3.357844791    12.344593922     0.165204965
     4.480000000     3.402866523    12.478458555     0.164373274
     4.490000000     3.449019073    12.618267454     0.163590451
     4.500000000     3.495107364    12.760081459     0.162708357
     4.510000000     3.539416425    12.899874366     0.161630981
     4.520000000     3.580308002    13.037492757     0.160317198
     4.530000000     3.616864529    13.178481123     0.158777551
     4.540000000     3.649442016    13.330497211     0.157066193
     4.550000000     3.680020186    13.499713829     0.155269391
     4.560000000     3.712294387    13.691173638     0.153492135
     4.570000000     3.751519796    13.908359812     0.151844576
     4.580000000     3.804171287    14.150000183     0.150430061
     4.590000000     3.877506056    14.410328444     0.149336408
     4.600000000     3.979108491    14.684350625     0.148631502
     4.610000000     4.116469551    14.971519475     0.148363409
     4.620000000     4.296625295    15.273527999     0.148564095
     4.630000000     4.525866651    15.590198227     0.149254859
     4.640000000     4.809537880    15.918194729     0.150451153
     4.650000000     5.151951828    16.251501007     0.152164729
     4.660000000     5.556444751    16.582350935     0.154402071
     4.670000000     6.025555042    16.902714979     0.157159477
     4.680000000     6.561239038    17.204449748     0.160416469
     4.690000000     7.164957920    17.479190587     0.164129985
     4.700000000     7.837426065    17.722321237     0.168231696
     4.710000000     8.577848747    17.938042543     0.172629930
     4.720000000     9.382620401    18.135839965     0.177216345
     4.730000000    10.243687547    18.317608392     0.181876162
     4.740000000    11.147039395    18.469749123     0.186499890
     4.750000000    12.071975929    18.568916563     0.190994218
     4.760000000    12.991816021    18.591809604     0.195290129
     4.770000000    13.876482154    18.520494389     0.199347134
     4.780000000    14.696942223    18.344660238     0.203153478
     4.790000000    15.430900604    18.063947155     0.206722997
     4.800000000    16.068581067    17.694659777     0.210089842
     4.810000000    16.617128835    17.281378775     0.213302298
     4.820000000    17.102229874    16.901422028     0.216416606
     4.830000000    17.566046743    16.641327232     0.219491086
     4.840000000    18.061407578    16.549899968     0.222580285
     4.850000000    18.643141352    16.611212947     0.225728647
     4.860000000    19.358254724    16.759691962     0.228963424
     4.870000000    20.237050226    16.913822451     0.232287284
     4.880000000    21.287159891    17.001374370     0.235671943
     4.890000000    22.491832784    16.964615375     0.239054832
     4.900000000    23.812833652    16.753284732     0.242340836
     4.910000000    25.197241378    16.326825676     0.245410427
     4.920000000    26.586557465    15.673208372     0.248134026
     4.930000000    27.926068226    14.825147916     0.250390811
     4.940000000    29.172458479    13.852634491     0.252088740
     4.950000000    30.298217790    12.837279173     0.253181977
     4.960000000    31.292250672    11.841995504     0.253682291
     4.970000000    32.157053292    10.886795767     0.253662318
     4.980000000    32.903593219     9.950330166     0.253250389
     4.990000000    33.545432675     8.997597523     0.252618378
     5.000000000    34.093598036     8.006198228     0.251965132
     5.010000000    34.553282198     6.969717560     0.251498342
     5.020000000    34.922837586     5.883547281     0.251417113
     5.030000000    35.194880103     4.739443134     0.251896483
     5.040000000    35.358850397     3.539728864     0.253074133
     5.050000000    35.404160294     2.308207861     0.255038973
     5.060000000    35.323087091     1.079244291     0.257821425
     5.070000000    35.112793167    -0.122142126     0.261385788
     5.080000000    34.776140710    -1.287419004     0.265625886
     5.090000000    34.321254041    -2.415933817     0.270365696
     5.100000000    33.760008161    -3.504577847     0.275366647
     5.110000000    33.105785730    -4.544113273     0.280342535
     5.120000000    32.370958173    -5.520636862     0.284981737
     5.130000000    31.564613849    -6.421877679     0.288974862
     5.140000000    30.691057158    -7.246937744     0.292044587
     5.150000000    29.749503065    -8.015614902     0.293973510
     5.160000000    28.735172343    -8.765332448     0.294625854
     5.170000000    27.641678618    -9.527219298     0.293959615
     5.180000000    26.464265840   -10.297205913     0.292027439
     5.190000000    25.203208261   -11.027059419     0.288966469
     5.200000000    23.866610015   -11.649016615     0.284979375
     5.210000000    22.471963273   -12.120971721     0.280310080
     5.220000000    21.046096016   -12.447265012     0.275218157
     5.230000000    19.623470012   -12.652725550     0.269955365
     5.240000000    18.243084747   -12.748545591     0.264746679
     5.250000000    16.944451997   -12.729105811     0.259776868
     5.260000000    15.763224564   -12.589111285     0.255182624
     5.270000000    14.727112163   -12.336529854     0.251049759
     5.280000000    13.852708840   -11.997561040     0.247414916
     5.290000000    13.143774069   -11.616297575     0.244271430
     5.300000000    12.591324045   -11.247339601     0.241578974
     5.310000000    12.175591102   -10.940321640     0.239276260
     5.320000000    11.869538412   -10.723326671     0.237295383
     5.330000000    11.643267169   -10.594642342     0.235575619
     5.340000000    11.468437339   -10.525652594     0.234074137
     5.350000000    11.321823224   -10.476413359     0.232771373
     5.360000000    11.187352909   -10.418023996     0.231669935
     5.370000000    11.056368537   -10.344815829     0.230787454
     5.380000000    10.926273715   -10.267592950     0.230145441
     5.390000000    10.798083998   -10.196795929     0.229757239
     5.400000000    10.673584886   -10.132984364     0.229618366
     5.410000000    10.552806775   -10.073494671     0.229701744
     5.420000000    10.432376028   -10.023796039     0.229958947
     5.430000000    10.305052164    -9.997866411     0.230326972
     5.440000000    10.160474792   -10.010183654     0.230738764
     5.450000000     9.986876242   -10.068893100     0.231135019
     5.460000000     9.773314224   -10.169541169     0.231474759
     5.470000000     9.511881533   -10.292312784     0.231742690
     5.480000000     9.199379413   -10.410301960     0.231952113
     5.490000000     8.838094022   -10.500451470     0.232143091
     5.500000000     8.435553873   -10.546721196     0.232376356
     5.510000000     8.003403197   -10.540795520     0.232724097
     5.520000000     7.555725229   -10.484552620     0.233259160
     5.530000000     7.107232329   -10.389918289     0.234044233
     5.540000000     6.671690453   -10.273741708     0.235122371
     5.550000000     6.260796917   -10.149136803     0.236509648
     5.560000000     5.883549598   -10.017481284     0.238190163
     5.570000000     5.546004462    -9.869377971     0.240113189
     5.580000000     5.251261891    -9.696534694     0.242192204
     5.590000000     4.999553107    -9.502867979     0.244305852
     5.600000000     4.788380117    -9.304079156     0.246301386
     5.610000000     4.612743532    -9.117868738     0.248001531
     5.620000000     4.465530672    -8.954579494     0.249215599
     5.630000000     4.338117734    -8.814894843     0.249755092
     5.640000000     4.221180476    -8.693838451     0.249452837
     5.650000000     4.105639363    -8.585852222     0.248183551
     5.660000000     3.983616862    -8.487451299     0.245882726
     5.670000000     3.849270694    -8.396745178     0.242560487
     5.680000000     3.699385003    -8.311024069     0.238307481
     5.690000000     3.533639338    -8.225399678     0.233291022
     5.700000000     3.354520813    -8.133171001     0.227741286
     5.710000000     3.166890565    -8.026970389     0.221929002
     5.720000000     2.977259237    -7.901134900     0.216137618
     5.730000000     2.792865810    -7.754362465     0.210633925
     5.740000000     2.620685055    -7.590198291     0.205641523
     5.750000000     2.466504056    -7.414990119     0.201321090
     5.760000000     2.334201099    -7.235373715     0.197760370
     5.770000000     2.225328893    -7.056841787     0.194975067
     5.780000000     2.139053174    -6.883629869     0.192919998
     5.790000000     2.072437451    -6.719421335     0.191508068
     5.800000000     2.021007364    -6.567515520     0.190633377
     5.810000000     1.979485071    -6.429798904     0.190194231
     5.820000000     1.942563163    -6.305608976     0.190112168
     5.830000000     1.905591765    -6.191752742     0.190344062
     5.840000000     1.865080138    -6.083635735     0.190885933
     5.850000000     1.818958564    -5.976655598     0.191768645
     5.860000000     1.766597257    -5.867052369     0.193047117
     5.870000000     1.708624263    -5.752481790     0.194785541
     5.880000000     1.646613085    -5.632927097     0.197041399
     5.890000000     1.582717545    -5.510523206     0.199850818
     5.900000000     1.519318230    -5.387292341     0.203217172
     5.910000000     1.458720248    -5.263125925     0.207104174
     5.920000000     1.402917874    -5.136311644     0.211434080
     5.930000000     1.353427162    -5.005392973     0.216091211
     5.940000000     1.311185666    -4.870359544     0.220930617
     5.950000000     1.276524251    -4.733009066     0.225791299
     5.960000000     1.249220312    -4.596394788     0.230512850
     5.970000000     1.228636360    -4.463476215     0.234953662
     5.980000000     1.213930492    -4.335922530     0.239008290
     5.990000000     1.204301294    -4.213507879     0.242621244
     6.000000000     1.199210153    -4.094163694     0.245794719
     6.010000000     1.198520005    -3.974750035     0.248588524
     6.020000000     1.202506821    -3.852310143     0.251111721
     6.030000000     1.211735699    -3.725361449     0.253506811
     6.040000000     1.226836445    -3.594578939     0.255928642
     6.050000000     1.248249410    -3.462298126     0.258521108
     6.060000000     1.276028793    -3.331202504     0.261395149
     6.070000000     1.309781748    -3.203373974     0.264611428
     6.080000000     1.348790570    -3.080284220     0.268170383
     6.090000000     1.392321817    -2.962775556     0.272011250
     6.100000000     1.440083650    -2.850365632     0.276020253
     6.110000000     1.492762009    -2.740909645     0.280046705
     6.120000000     1.552552641    -2.631167174     0.283924470
     6.130000000     1.623606675    -2.517636387     0.287495357
     6.140000000     1.712313791    -2.397588015     0.290630696
     6.150000000     1.827348537    -2.270235967     0.293247707
     6.160000000     1.979397068    -2.136871392     0.295318106
     6.170000000     2.180469023    -1.999959320     0.296867771
     6.180000000     2.442700746    -1.862856707     0.297967700
     6.190000000     2.776597732    -1.730204392     0.298718021
     6.200000000     3.188767709    -1.607879503     0.299227902
     6.210000000     3.679363264    -1.503254521     0.299594990
     6.220000000     4.239653765    -1.427249617     0.299888067
     6.230000000     4.850316077    -1.397310620     0.300136031
     6.240000000     5.481089779    -1.438789042     0.300325129
     6.250000000     6.092315066    -1.582617109     0.300404701
     6.260000000     6.638539208    -1.858174943     0.300300002
     6.270000000     7.073892667    -2.281105409     0.299929249
     6.280000000     7.358423483    -2.838761548     0.299221304
     6.290000000     7.464201044    -3.482705359     0.298130497
     6.300000000     7.379901695    -4.138320095     0.296646007
     6.310000000     7.112834887    -4.728848507     0.294794594
     6.320000000     6.687914369    -5.198022770     0.292637046
     6.330000000     6.143775478    -5.519746003     0.290259944
     6.340000000     5.526884231    -5.696629122     0.287765112
     6.350000000     4.884891174    -5.752307640     0.285259256
     6.360000000     4.260548855    -5.720811974     0.282845893
     6.370000000     3.687244899    -5.636596766     0.280620923
     6.380000000     3.186712260    -5.527732626     0.278672228
     6.390000000     2.768927490    -5.412691701     0.277082673
     6.400000000     2.433753681    -5.300366077     0.275934978
     6.410000000     2.173628688    -5.192919483     0.275316245
     6.420000000     1.976565385    -5.090051892     0.275319699
     6.430000000     1.828873933    -4.992072673     0.276041523
     6.440000000     1.717251856    -4.900292634     0.277571684
     6.450000000     1.630127872    -4.815864916     0.279979116
     6.460000000     1.558326731    -4.738761938     0.283293315
     6.470000000     1.495218382    -4.667461841     0.287485826
     6.480000000     1.436533575    -4.599591869     0.292455772
     6.490000000     1.379997269    -4.532978122     0.298023402
     6.500000000     1.324883155    -4.465942906     0.303934401
     6.510000000     1.271550791    -4.397138970     0.309875899
     6.520000000     1.221002051    -4.325777348     0.315502988
     6.530000000     1.174484066    -4.252012533     0.320472641
     6.540000000     1.133163603    -4.177015020     0.324480551
     6.550000000     1.097894276    -4.102606867     0.327295790
     6.560000000     1.069088040    -4.030601479     0.328788362
     6.570000000     1.046686807    -3.962359589     0.328945606
     6.580000000     1.030213270    -3.898624404     0.327874869
     6.590000000     1.018868401    -3.839357755     0.325791719
     6.600000000     1.011641100    -3.783838728     0.322994939
     6.610000000     1.007403719    -3.731136507     0.319831474
     6.620000000     1.004982225    -3.680677186     0.316656042
     6.630000000     1.003205101    -3.632709993     0.313790925
     6.640000000     1.000944705    -3.588356178     0.311491454
     6.650000000     0.997165135    -3.548825572     0.309921591
     6.660000000     0.990982609    -3.514294314     0.309142204
     6.670000000     0.981732579    -3.483499442     0.309112326
     6.680000000     0.969028314    -3.454354549     0.309701590
     6.690000000     0.952793184    -3.425013819     0.310710547
     6.700000000     0.933254402    -3.394542147     0.311895054
     6.710000000     0.910896895    -3.362810985     0.312991289
     6.720000000     0.886387203    -3.330007127     0.313738942
     6.730000000     0.860484096    -3.296321692     0.313901245
     6.740000000     0.833952572    -3.261915137     0.313281400
     6.750000000     0.807492087    -3.227002971     0.311735318
     6.760000000     0.781681766    -3.191799032     0.309180584
     6.770000000     0.756939393    -3.156283360     0.305601277
     6.780000000     0.733489830    -3.120180323     0.301048070
     6.790000000     0.711342523    -3.083258198     0.295633115
     6.800000000     0.690283976    -3.045635409     0.289519639
     6.810000000     0.669895565    -3.007935114     0.282906840
     6.820000000     0.649606188    -2.971262645     0.276011522
     6.830000000     0.628782002    -2.936781707     0.269048610
     6.840000000     0.606844017    -2.904913279     0.262213182
     6.850000000     0.583393123    -2.874717350     0.255666713
     6.860000000     0.558316105    -2.844110732     0.249529794
     6.870000000     0.531848296    -2.811000593     0.243882616
     6.880000000     0.504578184    -2.774396576     0.238772984
     6.890000000     0.477393154    -2.734525525     0.234229897
     6.900000000     0.451378398    -2.692143611     0.230279106
     6.910000000     0.427688848    -2.647876854     0.226956101
     6.920000000     0.407415196    -2.602040103     0.224312186
     6.930000000     0.391460874    -2.554843079     0.222410778
     6.940000000     0.380440497    -2.506662960     0.221313710
     6.950000000     0.374604923    -2.458174158     0.221060257
     6.960000000     0.373795634    -2.410313286     0.221644159
     6.970000000     0.377431566    -2.364097440     0.222994998
     6.980000000     0.384533120    -2.320383774     0.224969659
     6.990000000     0.393788620    -2.279754378     0.227357292
     7.000000000     0.403666073    -2.242573381     0.229897914
     7.010000000     0.412566979    -2.209014020     0.232311466
     7.020000000     0.419009872    -2.178948338     0.234331720
     7.030000000     0.421821492    -2.151840271     0.235738506
     7.040000000     0.420305987    -2.126697212     0.236382359
     7.050000000     0.414360587    -2.101990026     0.236197672
     7.060000000     0.404511786    -2.075633760     0.235203010
     7.070000000     0.391859171    -2.045385444     0.233489782
     7.080000000     0.377932154    -2.009727142     0.231202408
     7.090000000     0.364483170    -1.968550583     0.228514008
     7.100000000     0.353254531    -1.923002062     0.225601615
     7.110000000     0.345761038    -1.874783263     0.222624138
     7.120000000     0.343126006    -1.825514340     0.219705224
     7.130000000     0.345996451    -1.776363659     0.216922106
     7.140000000     0.354548245    -1.727943420     0.214300859
     7.150000000     0.368578086    -1.680483162     0.211817979
     7.160000000     0.387668952    -1.634186212     0.209407944
     7.170000000     0.411409073    -1.589497048     0.206975965
     7.180000000     0.439639629    -1.546985186     0.204414476
     7.190000000     0.472700668    -1.506824948     0.201621121
     7.200000000     0.511637010    -1.468344453     0.198515312
     7.210000000     0.558317427    -1.430247262     0.195050284
     7.220000000     0.615415044    -1.391399453     0.191218259
     7.230000000     0.686200739    -1.351459418     0.187047722
     7.240000000     0.774119882    -1.310931722     0.182593777
     7.250000000     0.882159166    -1.270825625     0.177924289
     7.260000000     1.012062142    -1.232559759     0.173105658
     7.270000000     1.163509967    -1.198653061     0.168192041
     7.280000000     1.333432038    -1.173980451     0.163220732
     7.290000000     1.515630861    -1.166554278     0.158214520
     7.300000000     1.700881130    -1.186495243     0.153189798
     7.310000000     1.877589168    -1.242609132     0.148167558
     7.320000000     2.032985263    -1.338327540     0.143183742
     7.330000000     2.154692985    -1.470627323     0.138295762
     7.340000000     2.232411090    -1.631817689     0.133583294
     7.350000000     2.259389090    -1.809934332     0.129143180
     7.360000000     2.233398799    -1.988376639     0.125079958
     7.370000000     2.157001455    -2.149116233     0.121494642
     7.380000000     2.037060666    -2.278496636     0.118474636
     7.390000000     1.883615631    -2.370777460     0.116087053
     7.400000000     1.708361993    -2.427516760     0.114376538
     7.410000000     1.523054559    -2.454930136     0.113367225
     7.420000000     1.338132441    -2.460990672     0.113067304
     7.430000000     1.161783129    -2.452876300     0.113473957
     7.440000000     0.999537069    -2.435797604     0.114576441
     7.450000000     0.854356685    -2.413205504     0.116355656
     7.460000000     0.727087183    -2.387039630     0.118779648
     7.470000000     0.617090683    -2.357622799     0.121795755
     7.480000000     0.522891905    -2.324213126     0.125321382
     7.490000000     0.442709487    -2.286375926     0.129236215
     7.500000000     0.374810444    -2.244786121     0.133378963
     7.510000000     0.317684900    -2.200845710     0.137551037
     7.520000000     0.270079511    -2.155931218     0.141528227
     7.530000000     0.230945550    -2.111012204     0.145079440
     7.540000000     0.199354804    -2.066661048     0.147989679
     7.550000000     0.174421467    -2.023212601     0.150083111
     7.560000000     0.155250065    -1.980911775     0.151241827
     7.570000000     0.140914693    -1.939987511     0.151416829
     7.580000000     0.130466039    -1.900693716     0.150629649
     7.590000000     0.122959198    -1.863339392     0.148965096
     7.600000000     0.117494644    -1.828243040     0.146557425
     7.610000000     0.113264791    -1.795574286     0.143573089
     7.620000000     0.109598279    -1.765170143     0.140193182
     7.630000000     0.105993933    -1.736487703     0.136597846
     7.640000000     0.102137213    -1.708763440     0.132953798
     7.650000000     0.097894728    -1.681320272     0.129405196
     7.660000000     0.093286850    -1.653834977     0.126067483
     7.670000000     0.088443437    -1.626328820     0.123023720
     7.680000000     0.083551537    -1.598948427     0.120323063
     7.690000000     0.078805503    -1.571822175     0.117981209
     7.700000000     0.074368496    -1.545072588     0.115982770
     7.710000000     0.070350703    -1.518841848     0.114285477
     7.720000000     0.066804804    -1.493245417     0.112826029
     7.730000000     0.063735012    -1.468307493     0.111527295
     7.740000000     0.061113397    -1.443943165     0.110306400
     7.750000000     0.058896819    -1.420001878     0.109083154
     7.760000000     0.057039404    -1.396353913     0.107788069
     7.770000000     0.055498182    -1.372953970     0.106369055
     7.780000000     0.054232414    -1.349819936     0.104795781
     7.790000000     0.053199178    -1.326995910     0.103060799
     7.800000000     0.052348558    -1.304571543     0.101176941
     7.810000000     0.051621184    -1.282672758     0.099171186
     7.820000000     0.050949468    -1.261357575     0.097076049
     7.830000000     0.050262228    -1.240533154     0.094920307
     7.840000000     0.049491218    -1.220025772     0.092721183
     7.850000000     0.048577696    -1.199714303     0.090479960
     7.860000000     0.047477520    -1.179559981     0.088182138
     7.870000000     0.046164064    -1.159554038     0.085802093
     7.880000000     0.044629039    -1.139688480     0.083310918
     7.890000000     0.042881743    -1.119950332     0.080685207
     7.900000000     0.040947323    -1.100297082     0.077914280
     7.910000000     0.038864355    -1.080641791     0.075003793
     7.920000000     0.036681771    -1.060892402     0.071974859
     7.930000000     0.034455038    -1.041000114     0.068859148
     7.940000000     0.032241593    -1.020957629     0.065691718
     7.950000000     0.030095838    -1.000780030     0.062503942
     7.960000000     0.028064289    -0.980499739     0.059318748
     7.970000000     0.026181614    -0.960146351     0.056149488
     7.980000000     0.024468259    -0.939716799     0.053002455
     7.990000000     0.022930063    -0.919188571     0.049881853
     8.000000000     0.021559888    -0.898571575     0.046795285
     8.010000000     0.020340808    -0.877921141     0.043757827
     8.020000000     0.019250102    -0.857283333     0.040793353
     8.030000000     0.018263142    -0.836635187     0.037932833
     8.040000000     0.017356405    -0.815882726     0.035210244
     8.050000000     0.016509187    -0.794921252     0.032657417
     8.060000000     0.015704097    -0.773707859     0.030299240
     8.070000000     0.014926758    -0.752277728     0.028150318
     8.080000000     0.014165366    -0.730690725     0.026213595
     8.090000000     0.013410577    -0.708962689     0.024480827
     8.100000000     0.012655900    -0.687040663     0.022934371
     8.110000000     0.011898346    -0.664832079     0.021549580
     8.120000000     0.011138881    -0.642247812     0.020297215
     8.130000000     0.010382226    -0.619231064     0.019145562
     8.140000000     0.009635820    -0.595763896     0.018062200
     8.150000000     0.008908104    -0.571843575     0.017015617
     8.160000000     0.008206564    -0.547451065     0.015976907
     8.170000000     0.007536109    -0.522541614     0.014921691
     8.180000000     0.006898190    -0.497058725     0.013832173
     8.190000000     0.006290911    -0.470950132     0.012699057
     8.200000000     0.005710001    -0.444167511     0.011522851
     8.210000000     0.005150365    -0.416655347     0.010314115
     8.220000000     0.004607748    -0.388343456     0.009092346
     8.230000000     0.004080095    -0.359145284     0.007883528
     8.240000000     0.003568284    -0.328956953     0.006716676
     8.250000000     0.003076099    -0.297662818     0.005619979
     8.260000000     0.002609507    -0.265148950     0.004617289
     8.270000000     0.002175490    -0.231307917     0.003725543
     8.280000000     0.001780787    -0.196028017     0.002953541
     8.290000000     0.001430940    -0.159178099     0.002302090
     8.300000000     0.001130089    -0.120599255     0.001765276
     8.310000000     0.000882066    -0.080105927     0.001332395
     8.320000000     0.000693791    -0.037489492     0.000990065
     8.330000000     0.000582988     0.007483086     0.000724078
     8.340000000     0.000594267     0.055074726     0.000520777
     8.350000000     0.000831079     0.105584066     0.000367874
     8.360000000     0.001516263     0.159350438     0.000254806
     8.370000000     0.003100686     0.216758344     0.000172764
     8.380000000     0.006446387     0.278241523     0.000114548
     8.390000000     0.013114171     0.344285975     0.000074383
     8.400000000     0.025779521     0.415430415     0.000047737
     8.410000000     0.048776590     0.492261355     0.000031190
     8.420000000     0.088719635     0.575397783     0.000022322
     8.430000000     0.155072066     0.665456519     0.000019620
     8.440000000     0.260435614     0.762982287     0.000022374
     8.450000000     0.420245803     0.868314031     0.000030529
     8.460000000     0.651534196     0.981336500     0.000044494
     8.470000000     0.970510221     1.101026422     0.000064886
     8.480000000     1.388965670     1.224634481     0.000092204
     8.490000000     1.909902611     1.346236172     0.000126486
     8.500000000     2.523243622     1.454244713     0.000166974
     8.510000000     3.202840982     1.527415984     0.000211890
     8.520000000     3.906067946     1.529338696     0.000258391
     8.530000000     4.576910627     1.403674462     0.000302759
     8.540000000     5.152681420     1.078598762     0.000340843
     8.550000000     5.573427706     0.497123550     0.000368673
     8.560000000     5.792148308    -0.320266601     0.000383141
     8.570000000     5.783426164    -1.231698421     0.000382564
     8.580000000     5.548287257    -2.034912024     0.000367010
     8.590000000     5.114002095    -2.596648722     0.000338283
     8.600000000     4.528882839    -2.904607234     0.000299578
     8.610000000     3.853447892    -3.018777558     0.000254899
     8.620000000     3.150185413    -3.010437790     0.000208379
     8.630000000     2.474292066    -2.934381413     0.000163670
     8.640000000     1.867213719    -2.825672893     0.000123513
     8.650000000     1.353833690    -2.704651847     0.000089554
     8.660000000     0.943115377    -2.582361119     0.000062386
     8.670000000     0.631237157    -2.464415950     0.000041755
     8.680000000     0.405927529    -2.353395923     0.000026851
     8.690000000     0.250802970    -2.250234169     0.000016590
     8.700000000     0.148882985    -2.155000263     0.000009848
     8.710000000     0.084915247    -2.067334121     0.000005617
     8.720000000     0.046532299    -1.986683238     0.000003078
     8.730000000     0.024499181    -1.912430162     0.000001621
     8.740000000     0.012393011    -1.843958956     0.000000820
     8.750000000     0.006023242    -1.780687924     0.000000398
     8.760000000     0.002812626    -1.722083846     0.000000186
     8.770000000     0.001261891    -1.667666250     0.000000083
     8.780000000     0.000543951    -1.617006506     0.000000036
     8.790000000     0.000225282    -1.569724402     0.000000015
     8.800000000     0.000089644    -1.525483670     0.000000006
     8.810000000     0.000034272    -1.483987247     0.000000002
     8.820000000     0.000012589    -1.444972703     0.000000001
     8.830000000     0.000004443    -1.408208009     0.000000000
     8.840000000     0.000001507    -1.373487730     0.000000000
     8.850000000     0.000000491    -1.340629663     0.000000000
     8.860000000     0.000000154    -1.309471891     0.000000000
     8.870000000     0.000000046    -1.279870212     0.000000000
     8.880000000     0.000000013    -1.251695920     0.000000000
     8.890000000     0.000000004    -1.224833874     0.000000000
     8.900000000     0.000000001    -1.199180835     0.000000000
     8.910000000     0.000000000    -1.174644025     0.000000000
     8.920000000     0.000000000    -1.151139877     0.000000000
     8.930000000     0.000000000    -1.128592955     0.000000000
     8.940000000     0.000000000    -1.106935015     0.000000000
     8.950000000     0.000000000    -1.086104188     0.000000000
     8.960000000     0.000000000    -1.066044268     0.000000000
     8.970000000     0.000000000    -1.046704092     0.000000000
     8.980000000     0.000000000    -1.028036994     0.000000000
     8.990000000     0.000000000    -1.010000333     0.000000000
     9.000000000     0.000000000    -0.992555072     0.000000000
     9.010000000     0.000000000    -0.975665408     0.000000000
     9.020000000     0.000000000    -0.959298451     0.000000000
     9.030000000     0.000000000    -0.943423934     0.000000000
     9.040000000     0.000000000    -0.928013958     0.000000000
     9.050000000     0.000000000    -0.913042770     0.000000000
     9.060000000     0.000000000    -0.898486555     0.000000000
     9.070000000     0.000000000    -0.884323266     0.000000000
     9.080000000     0.000000000    -0.870532457     0.000000000
     9.090000000     0.000000000    -0.857095143     0.000000000
     9.100000000     0.000000000    -0.843993672     0.000000000
     9.110000000     0.000000000    -0.831211610     0.000000000
     9.120000000     0.000000000    -0.818733636     0.000000000
     9.130000000     0.000000000    -0.806545450     0.000000000
     9.140000000     0.000000000    -0.794633692     0.000000000
     9.150000000     0.000000000    -0.782985859     0.000000000
     9.160000000     0.000000000    -0.771590244     0.000000000
     9.170000000     0.000000000    -0.760435869     0.000000000
     9.180000000     0.000000000    -0.749512429     0.000000000
     9.190000000     0.000000000    -0.738810241     0.000000000
     9.200000000     0.000000000    -0.728320201     0.000000000
     9.210000000     0.000000000    -0.718033735     0.000000000
     9.220000000     0.000000000    -0.707942762     0.000000000
     9.230000000     0.000000000    -0.698039662     0.000000000
     9.240000000     0.000000000    -0.688317241     0.000000000
     9.250000000     0.000000000    -0.678768698     0.000000000
     9.260000000     0.000000000    -0.669387605     0.000000000
     9.270000000     0.000000000    -0.660167874     0.000000000
     9.280000000     0.000000000    -0.651103739     0.000000000
     9.290000000     0.000000000    -0.642189733     0.000000000
     9.300000000     0.000000000    -0.633420669     0.000000000
     9.310000000     0.000000000    -0.624791620     0.000000000
     9.320000000     0.000000000    -0.616297906     0.000000000
     9.330000000     0.000000000    -0.607935073     0.000000000
     9.340000000     0.000000000    -0.599698886     0.000000000
     9.350000000     0.000000000    -0.591585308     0.000000000
     9.360000000     0.000000000    -0.583590494     0.000000000
     9.370000000     0.000000000    -0.575710775     0.000000000
     9.380000000     0.000000000    -0.567942650     0.000000000
     9.390000000     0.000000000    -0.560282775     0.000000000
     9.400000000     0.000000000    -0.552727956     0.000000000
     9.410000000     0.000000000    -0.545275135     0.000000000
     9.420000000     0.000000000    -0.537921388     0.000000000
     9.430000000     0.000000000    -0.530663915     0.000000000
     9.440000000     0.000000000    -0.523500030     0.000000000
     9.450000000     0.000000000    -0.516427161     0.000000000
     9.460000000     0.000000000    -0.509442837     0.000000000
     9.470000000     0.000000000    -0.502544685     0.000000000
     9.480000000     0.000000000    -0.495730426     0.000000000
     9.490000000     0.000000001    -0.488997867     0.000000000
     9.500000000     0.000000002    -0.482344895     0.000000001
     9.510000000     0.000000005    -0.475769478     0.000000002
     9.520000000     0.000000014    -0.469269654     0.000000005
     9.530000000     0.000000034    -0.462843527     0.000000013
     9.540000000     0.000000084    -0.456489269     0.000000031
     9.550000000     0.000000196    -0.450205106     0.000000073
     9.560000000     0.000000439    -0.443989325     0.000000164
     9.570000000     0.000000946    -0.437840259     0.000000353
     9.580000000     0.000001959    -0.431756292     0.000000730
     9.590000000     0.000003897    -0.425735853     0.000001453
     9.600000000     0.000007451    -0.419777414     0.000002778
     9.610000000     0.000013688    -0.413879487     0.000005103
     9.620000000     0.000024157    -0.408040635     0.000009006
     9.630000000     0.000040962    -0.402259470     0.000015270
     9.640000000     0.000066734    -0.396534679     0.000024878
     9.650000000     0.000104458    -0.390865059     0.000038942
     9.660000000     0.000157097    -0.385249579     0.000058566
     9.670000000     0.000226997    -0.379687514     0.000084624
     9.680000000     0.000315138    -0.374178662     0.000117484
     9.690000000     0.000420350    -0.368723731     0.000156706
     9.700000000     0.000538702    -0.363324979     0.000200828
     9.710000000     0.000663307    -0.357987141     0.000247281
     9.720000000     0.000784709    -0.352718378     0.000292539
     9.730000000     0.000891930    -0.347530109     0.000332512
     9.740000000     0.000974050    -0.342433018     0.000363126
     9.750000000     0.001022022    -0.337427003     0.000381010
     9.760000000     0.001030308    -0.332491074     0.000384099
     9.770000000     0.000997935    -0.327589026     0.000372030
     9.780000000     0.000928680    -0.322691793     0.000346212
     9.790000000     0.000830343    -0.317791619     0.000309552
     9.800000000     0.000713309    -0.312896467     0.000265921
     9.810000000     0.000588743    -0.308018454     0.000219483
     9.820000000     0.000466876    -0.303167449     0.000174052
     9.830000000     0.000355718    -0.298349760     0.000132612
     9.840000000     0.000260399    -0.293568851     0.000097077
     9.850000000     0.000183147    -0.288826349     0.000068277
     9.860000000     0.000123763    -0.284122793     0.000046139
     9.870000000     0.000080354    -0.279458123     0.000029956
     9.880000000     0.000050125    -0.274831951     0.000018687
     9.890000000     0.000030042    -0.270243729     0.000011200
     9.900000000     0.000017299    -0.265692833     0.000006449
     9.910000000     0.000009571    -0.261178610     0.000003568
     9.920000000     0.000005088    -0.256700406     0.000001897
     9.930000000     0.000002598    -0.252257579     0.000000969
     9.940000000     0.000001275    -0.247849506     0.000000475
     9.950000000     0.000000601    -0.243475584     0.000000224
     9.960000000     0.000000272    -0.239135231     0.000000102
     9.970000000     0.000000119    -0.234827887     0.000000044
     9.980000000     0.000000050    -0.230553013     0.000000018
     9.990000000     0.000000020    -0.226310088     0.000000007
    10.000000000     0.000000008    -0.222098609     0.000000003
    10.010000000     0.000000003    -0.217918091     0.000000001
    10.020000000     0.000000001    -0.213768062     0.000000000
    10.030000000     0.000000000    -0.209648068     0.000000000
    10.040000000     0.000000000    -0.205557666     0.000000000
    10.050000000     0.000000000    -0.201496427     0.000000000
    10.060000000     0.000000000    -0.197463935     0.000000000
    10.070000000     0.000000000    -0.193459783     0.000000000
    10.080000000     0.000000000    -0.189483577     0.000000000
    10.090000000     0.000000000    -0.185534934     0.000000000
    10.100000000     0.000000000    -0.181613477     0.000000000
    10.110000000     0.000000000    -0.177718842     0.000000000
    10.120000000     0.000000000    -0.173850672     0.000000000
    10.130000000     0.000000000    -0.170008620     0.000000000
    10.140000000     0.000000000    -0.166192346     0.000000000
    10.150000000     0.000000000    -0.162401518     0.000000000
    10.160000000     0.000000000    -0.158635810     0.000000000
    10.170000000     0.000000000    -0.154894907     0.000000000
    10.180000000     0.000000000    -0.151178497     0.000000000
    10.190000000     0.000000000    -0.147486277     0.000000000
    10.200000000     0.000000000    -0.143817950     0.000000000
    10.210000000     0.000000000    -0.140173225     0.000000000
    10.220000000     0.000000000    -0.136551817     0.000000000
    10.230000000     0.000000000    -0.132953447     0.000000000
    10.240000000     0.000000000    -0.129377841     0.000000000
    10.250000000     0.000000000    -0.125824731     0.000000000
    10.260000000     0.000000000    -0.122293856     0.000000000
    10.270000000     0.000000000    -0.118784956     0.000000000
    10.280000000     0.000000000    -0.115297780     0.000000000
    10.290000000     0.000000000    -0.111832080     0.000000000
    10.300000000     0.000000000    -0.108387612     0.000000000
    10.310000000     0.000000000    -0.104964139     0.000000000
    10.320000000     0.000000000    -0.101561427     0.000000000
    10.330000000     0.000000000    -0.098179245     0.000000000
    10.340000000     0.000000000    -0.094817368     0.000000000
    10.350000000     0.000000000    -0.091475574     0.000000000
    10.360000000     0.000000000    -0.088153647     0.000000000
    10.370000000     0.000000000    -0.084851372     0.000000000
    10.380000000     0.000000000    -0.081568540     0.000000000
    10.390000000     0.000000000    -0.078304944     0.000000000
    10.400000000     0.000000000    -0.075060382     0.000000000
    10.410000000     0.000000000    -0.071834655     0.000000000
    10.420000000     0.000000000    -0.068627566     0.000000000
    10.430000000     0.000000000    -0.065438924     0.000000000
    10.440000000     0.000000000    -0.062268540     0.000000000
    10.450000000     0.000000000    -0.059116227     0.000000000
    10.460000000     0.000000000    -0.055981802     0.000000000
    10.470000000     0.000000000    -0.052865086     0.000000000
    10.480000000     0.000000000    -0.049765901     0.000000000
    10.490000000     0.000000000    -0.046684073     0.000000000
    10.500000000     0.000000000    -0.043619431     0.000000000
    10.510000000     0.000000000    -0.040571806     0.000000000
    10.520000000     0.000000000    -0.037541032     0.000000000
    10.530000000     0.000000000    -0.034526947     0.000000000
    10.540000000     0.000000000    -0.031529388     0.000000000
    10.550000000     0.000000000    -0.028548198     0.000000000
    10.560000000     0.000000000    -0.025583220     0.000000000
    10.570000000     0.000000000    -0.022634302     0.000000000
    10.580000000     0.000000000    -0.019701292     0.000000000
    10.590000000     0.000000000    -0.016784041     0.000000000
    10.600000000     0.000000000    -0.013882402     0.000000000
    10.610000000     0.000000000    -0.010996231     0.000000000
    10.620000000     0.000000000    -0.008125386     0.000000000
    10.630000000     0.000000000    -0.005269726     0.000000000
    10.640000000     0.000000000    -0.002429114     0.000000000
    10.650000000     0.000000000     0.000396588     0.000000000
    10.660000000     0.000000000     0.003207514     0.000000000
    10.670000000     0.000000000     0.006003795     0.000000000
    10.680000000     0.000000000     0.008785563     0.000000000
    10.690000000     0.000000000     0.011552945     0.000000000
    10.700000000     0.000000000     0.014306070     0.000000000
    10.710000000     0.000000000     0.017045061     0.000000000
    10.720000000     0.000000000     0.019770042     0.000000000
    10.730000000     0.000000000     0.022481135     0.000000000
    10.740000000     0.000000000     0.025178460     0.000000000
    10.750000000     0.000000000     0.027862135     0.000000000
    10.760000000     0.000000000     0.030532276     0.000000000
    10.770000000     0.000000000     0.033189000     0.000000000
    10.780000000     0.000000000     0.035832419     0.000000000
    10.790000000     0.000000000     0.038462646     0.000000000
    10.800000000     0.000000000     0.041079791     0.000000000
    10.810000000     0.000000000     0.043683964     0.000000000
    10.820000000     0.000000000     0.046275272     0.000000000
    10.830000000     0.000000000     0.048853821     0.000000000
    10.840000000     0.000000000     0.051419717     0.000000000
    10.850000000     0.000000000     0.053973063     0.000000000
    10.860000000     0.000000000     0.056513961     0.000000000
    10.870000000     0.000000000     0.059042513     0.000000000
    10.880000000     0.000000000     0.061558819     0.000000000
    10.890000000     0.000000000     0.064062975     0.000000000
    10.900000000     0.000000000     0.066555081     0.000000000
    10.910000000     0.000000000     0.069035232     0.000000000
    10.920000000     0.000000000     0.071503522     0.000000000
    10.930000000     0.000000000     0.073960046     0.000000000
    10.940000000     0.000000000     0.076404896     0.000000000
    10.950000000     0.000000000     0.078838163     0.000000000
    10.960000000     0.000000000     0.081259938     0.000000000
    10.970000000     0.000000000     0.083670310     0.000000000
    10.980000000     0.000000000     0.086069367     0.000000000
    10.990000000     0.000000000     0.088457196     0.000000000
    11.000000000     0.000000000     0.090833884     0.000000000
