 # Column 1: omega
 # Column 2: eps2(omega)
 # Column 3: eps1(omega)
 # Column 4: JDOS(omega)
     0.000000000     0.000000000     2.134178544     0.000000000
     0.010000000     0.000000000     2.134187784     0.000000000
     0.020000000     0.000000000     2.134215505     0.000000000
     0.030000000     0.000000000     2.134261713     0.000000000
     0.040000000     0.000000000     2.134326417     0.000000000
     0.050000000     0.000000000     2.134409633     0.000000000
     0.060000000     0.000000000     2.134511376     0.000000000
     0.070000000     0.000000000     2.134631669     0.000000000
     0.080000000     0.000000000     2.134770538     0.000000000
     0.090000000     0.000000000     2.134928012     0.000000000
     0.100000000     0.000000000     2.135104124     0.000000000
     0.110000000     0.000000000     2.135298912     0.000000000
     0.120000000     0.000000000     2.135512418     0.000000000
     0.130000000     0.000000000     2.135744688     0.000000000
     0.140000000     0.000000000     2.135995771     0.000000000
     0.150000000     0.000000000     2.136265721     0.000000000
     0.160000000     0.000000000     2.136554597     0.000000000
     0.170000000     0.000000000     2.136862460     0.000000000
     0.180000000     0.000000000     2.137189379     0.000000000
     0.190000000     0.000000000     2.137535423     0.000000000
     0.200000000     0.000000000     2.137900669     0.000000000
     0.210000000     0.000000000     2.138285195     0.000000000
     0.220000000     0.000000000     2.138689088     0.000000000
     0.230000000     0.000000000     2.139112435     0.000000000
     0.240000000     0.000000000     2.139555331     0.000000000
     0.250000000     0.000000000     2.140017873     0.000000000
     0.260000000     0.000000000     2.140500165     0.000000000
     0.270000000     0.000000000     2.141002315     0.000000000
     0.280000000     0.000000000     2.141524436     0.000000000
     0.290000000     0.000000000     2.142066646     0.000000000
     0.300000000     0.000000000     2.142629069     0.000000000
     0.310000000     0.000000000     2.143211832     0.000000000
     0.320000000     0.000000000     2.143815069     0.000000000
     0.330000000     0.000000000     2.144438920     0.000000000
     0.340000000     0.000000000     2.145083530     0.000000000
     0.350000000     0.000000000     2.145749049     0.000000000
     0.360000000     0.000000000     2.146435633     0.000000000
     0.370000000     0.000000000     2.147143444     0.000000000
     0.380000000     0.000000000     2.147872652     0.000000000
     0.390000000     0.000000000     2.148623430     0.000000000
     0.400000000     0.000000000     2.149395960     0.000000000
     0.410000000     0.000000000     2.150190428     0.000000000
     0.420000000     0.000000000     2.151007030     0.000000000
     0.430000000     0.000000000     2.151845966     0.000000000
     0.440000000     0.000000000     2.152707444     0.000000000
     0.450000000     0.000000000     2.153591681     0.000000000
     0.460000000     0.000000000     2.154498897     0.000000000
     0.470000000     0.000000000     2.155429325     0.000000000
     0.480000000     0.000000000     2.156383202     0.000000000
     0.490000000     0.000000000     2.157360774     0.000000000
     0.500000000     0.000000000     2.158362297     0.000000000
     0.510000000     0.000000000     2.159388034     0.000000000
     0.520000000     0.000000000     2.160438256     0.000000000
     0.530000000     0.000000000     2.161513245     0.000000000
     0.540000000     0.000000000     2.162613292     0.000000000
     0.550000000     0.000000000     2.163738696     0.000000000
     0.560000000     0.000000000     2.164889769     0.000000000
     0.570000000     0.000000000     2.166066829     0.000000000
     0.580000000     0.000000000     2.167270209     0.000000000
     0.590000000     0.000000000     2.168500251     0.000000000
     0.600000000     0.000000000     2.169757307     0.000000000
     0.610000000     0.000000000     2.171041744     0.000000000
     0.620000000     0.000000000     2.172353937     0.000000000
     0.630000000     0.000000000     2.173694279     0.000000000
     0.640000000     0.000000000     2.175063170     0.000000000
     0.650000000     0.000000000     2.176461028     0.000000000
     0.660000000     0.000000000     2.177888282     0.000000000
     0.670000000     0.000000000     2.179345379     0.000000000
     0.680000000     0.000000000     2.180832776     0.000000000
     0.690000000     0.000000000     2.182350950     0.000000000
     0.700000000     0.000000000     2.183900392     0.000000000
     0.710000000     0.000000000     2.185481610     0.000000000
     0.720000000     0.000000000     2.187095131     0.000000000
     0.730000000     0.000000000     2.188741497     0.000000000
     0.740000000     0.000000000     2.190421271     0.000000000
     0.750000000     0.000000000     2.192135036     0.000000000
     0.760000000     0.000000000     2.193883394     0.000000000
     0.770000000     0.000000000     2.195666969     0.000000000
     0.780000000     0.000000000     2.197486407     0.000000000
     0.790000000     0.000000000     2.199342376     0.000000000
     0.800000000     0.000000000     2.201235570     0.000000000
     0.810000000     0.000000000     2.203166706     0.000000000
     0.820000000     0.000000000     2.205136528     0.000000000
     0.830000000     0.000000000     2.207145808     0.000000000
     0.840000000     0.000000000     2.209195346     0.000000000
     0.850000000     0.000000000     2.211285970     0.000000000
     0.860000000     0.000000000     2.213418542     0.000000000
     0.870000000     0.000000000     2.215593954     0.000000000
     0.880000000     0.000000000     2.217813134     0.000000000
     0.890000000     0.000000000     2.220077044     0.000000000
     0.900000000     0.000000000     2.222386685     0.000000000
     0.910000000     0.000000000     2.224743095     0.000000000
     0.920000000     0.000000000     2.227147356     0.000000000
     0.930000000     0.000000000     2.229600589     0.000000000
     0.940000000     0.000000000     2.232103964     0.000000000
     0.950000000     0.000000000     2.234658696     0.000000000
     0.960000000     0.000000000     2.237266051     0.000000000
     0.970000000     0.000000000     2.239927347     0.000000000
     0.980000000     0.000000000     2.242643958     0.000000000
     0.990000000     0.000000000     2.245417313     0.000000000
     1.000000000     0.000000000     2.248248907     0.000000000
     1.010000000     0.000000000     2.251140295     0.000000000
     1.020000000     0.000000000     2.254093102     0.000000000
     1.030000000     0.000000000     2.257109024     0.000000000
     1.040000000     0.000000000     2.260189835     0.000000000
     1.050000000     0.000000000     2.263337385     0.000000000
     1.060000000     0.000000000     2.266553612     0.000000000
     1.070000000     0.000000000     2.269840542     0.000000000
     1.080000000     0.000000000     2.273200295     0.000000000
     1.090000000     0.000000000     2.276635094     0.000000000
     1.100000000     0.000000000     2.280147265     0.000000000
     1.110000000     0.000000000     2.283739250     0.000000000
     1.120000000     0.000000000     2.287413610     0.000000000
     1.130000000     0.000000000     2.291173033     0.000000000
     1.140000000     0.000000000     2.295020343     0.000000000
     1.150000000     0.000000000     2.298958508     0.000000000
     1.160000000     0.000000000     2.302990651     0.000000000
     1.170000000     0.000000000     2.307120057     0.000000000
     1.180000000     0.000000000     2.311350190     0.000000000
     1.190000000     0.000000000     2.315684695     0.000000000
     1.200000000     0.000000000     2.320127424     0.000000000
     1.210000000     0.000000000     2.324682437     0.000000000
     1.220000000     0.000000000     2.329354027     0.000000000
     1.230000000     0.000000000     2.334146732     0.000000000
     1.240000000     0.000000000     2.339065353     0.000000000
     1.250000000     0.000000000     2.344114977     0.000000000
     1.260000000     0.000000000     2.349300994     0.000000000
     1.270000000     0.000000000     2.354629125     0.000000000
     1.280000000     0.000000000     2.360105443     0.000000000
     1.290000000     0.000000000     2.365736405     0.000000000
     1.300000000     0.000000000     2.371528883     0.000000000
     1.310000000     0.000000000     2.377490195     0.000000000
     1.320000000     0.000000000     2.383628145     0.000000000
     1.330000000     0.000000000     2.389951064     0.000000000
     1.340000000     0.000000000     2.396467852     0.000000000
     1.350000000     0.000000000     2.403188035     0.000000000
     1.360000000     0.000000000     2.410121817     0.000000000
     1.370000000     0.000000000     2.417280140     0.000000000
     1.380000000     0.000000000     2.424674756     0.000000000
     1.390000000     0.000000000     2.432318303     0.000000000
     1.400000000     0.000000000     2.440224391     0.000000000
     1.410000000     0.000000000     2.448407694     0.000000000
     1.420000000     0.000000001     2.456884063     0.000000000
     1.430000000     0.000000004     2.465670639     0.000000001
     1.440000000     0.000000011     2.474785994     0.000000003
     1.450000000     0.000000029     2.484250278     0.000000008
     1.460000000     0.000000074     2.494085396     0.000000021
     1.470000000     0.000000180     2.504315193     0.000000051
     1.480000000     0.000000422     2.514965683     0.000000118
     1.490000000     0.000000954     2.526065291     0.000000264
     1.500000000     0.000002075     2.537645140     0.000000568
     1.510000000     0.000004341     2.549739368     0.000001177
     1.520000000     0.000008736     2.562385501     0.000002343
     1.530000000     0.000016916     2.575624864     0.000004488
     1.540000000     0.000031515     2.589503064     0.000008268
     1.550000000     0.000056491     2.604070523     0.000014648
     1.560000000     0.000097439     2.619383093     0.000024964
     1.570000000     0.000161743     2.635502738     0.000040922
     1.580000000     0.000258425     2.652498291     0.000064530
     1.590000000     0.000397563     2.670446260     0.000097887
     1.600000000     0.000589270     2.689431655     0.000142848
     1.610000000     0.000842509     2.709548747     0.000200550
     1.620000000     0.001164542     2.730901627     0.000270886
     1.630000000     0.001562605     2.753604362     0.000352034
     1.640000000     0.002050609     2.777780608     0.000440192
     1.650000000     0.002665255     2.803563072     0.000529646
     1.660000000     0.003498053     2.831094800     0.000613284
     1.670000000     0.004751966     2.860536992     0.000683515
     1.680000000     0.006833227     2.892087668     0.000733474
     1.690000000     0.010488719     2.926005578     0.000758283
     1.700000000     0.016994830     2.962621772     0.000756095
     1.710000000     0.028391834     3.002322666     0.000728684
     1.720000000     0.047736112     3.045500148     0.000681444
     1.730000000     0.079311089     3.092493834     0.000622806
     1.740000000     0.128701885     3.143555524     0.000563209
     1.750000000     0.202610934     3.198809100     0.000513832
     1.760000000     0.308290716     3.258145749     0.000485325
     1.770000000     0.452515200     3.320998917     0.000486729
     1.780000000     0.640114673     3.385927575     0.000524693
     1.790000000     0.872251050     3.449890628     0.000603070
     1.800000000     1.144776829     3.507054297     0.000722908
     1.810000000     1.447141207     3.547042240     0.000882839
     1.820000000     1.762315168     3.553007897     0.001079855
     1.830000000     2.068058667     3.501299819     0.001310412
     1.840000000     2.339552356     3.366660200     0.001571741
     1.850000000     2.553031970     3.136222141     0.001863197
     1.860000000     2.689714648     2.825846122     0.002187398
     1.870000000     2.739122745     2.481714936     0.002550953
     1.880000000     2.700979632     2.162311821     0.002964612
     1.890000000     2.585176476     1.915172207     0.003442754
     1.900000000     2.409798229     1.759698738     0.004002258
     1.910000000     2.197696279     1.685284206     0.004660852
     1.920000000     1.972445375     1.665707366     0.005435100
     1.930000000     1.754620145     1.674699643     0.006338235
     1.940000000     1.559160117     1.692874072     0.007378051
     1.950000000     1.394237750     1.708893678     0.008555082
     1.960000000     1.261628112     1.718128299     0.009861296
     1.970000000     1.158227327     1.718739635     0.011279496
     1.980000000     1.078163358     1.709024751     0.012783512
     1.990000000     1.014911497     1.689811653     0.014339229
     2.000000000     0.962940377     1.667505337     0.015906382
     2.010000000     0.918615369     1.651435795     0.017441041
     2.020000000     0.880311369     1.647813600     0.018898749
     2.030000000     0.847883118     1.657463648     0.020238244
     2.040000000     0.821772028     1.677356679     0.021425648
     2.050000000     0.802076055     1.702068054     0.022438821
     2.060000000     0.787872607     1.724517587     0.023271264
     2.070000000     0.776979498     1.737126097     0.023934686
     2.080000000     0.766195449     1.734186725     0.024459277
     2.090000000     0.751918683     1.714625812     0.024890928
     2.100000000     0.730938549     1.683161385     0.025285298
     2.110000000     0.701158581     1.649041729     0.025699456
     2.120000000     0.662046938     1.622573449     0.026182684
     2.130000000     0.614705766     1.610623628     0.026768490
     2.140000000     0.561570537     1.614235583     0.027469807
     2.150000000     0.505854085     1.630027733     0.028278606
     2.160000000     0.450906405     1.653102977     0.029170039
     2.170000000     0.399658129     1.679066219     0.030110042
     2.180000000     0.354262237     1.704921073     0.031064462
     2.190000000     0.315970598     1.729408468     0.032007547
     2.200000000     0.285209380     1.753021864     0.032927937
     2.210000000     0.261773167     1.777375933     0.033831133
     2.220000000     0.245050179     1.803803208     0.034738352
     2.230000000     0.234213761     1.832185773     0.035682478
     2.240000000     0.228352165     1.860990965     0.036702384
     2.250000000     0.226542333     1.888214408     0.037836958
     2.260000000     0.227892308     1.912513376     0.039120024
     2.270000000     0.231578508     1.933914430     0.040576885
     2.280000000     0.236893467     1.953538183     0.042222721
     2.290000000     0.243305371     1.972549176     0.044062585
     2.300000000     0.250520388     1.991391764     0.046092436
     2.310000000     0.258535890     2.009954232     0.048300474
     2.320000000     0.267676270     2.028262550     0.050668170
     2.330000000     0.278609126     2.046835125     0.053170613
     2.340000000     0.292343323     2.066312719     0.055776191
     2.350000000     0.310208741     2.086863465     0.058445931
     2.360000000     0.333810081     2.108004573     0.061133080
     2.370000000     0.364937138     2.128881435     0.063783501
     2.380000000     0.405407495     2.148651174     0.066337276
     2.390000000     0.456821491     2.166766720     0.068731524
     2.400000000     0.520228153     2.183107121     0.070904105
     2.410000000     0.595733709     2.197629249     0.072797592
     2.420000000     0.682123008     2.209338524     0.074362895
     2.430000000     0.776593969     2.215300168     0.075562130
     2.440000000     0.874710097     2.210495883     0.076370691
     2.450000000     0.970645789     2.188551756     0.076778768
     2.460000000     1.057735719     2.143413685     0.076792654
     2.470000000     1.129259375     2.072436712     0.076436013
     2.480000000     1.179320748     1.980196671     0.075750859
     2.490000000     1.203647147     1.878984824     0.074797628
     2.500000000     1.200144419     1.782570023     0.073653505
     2.510000000     1.169105146     1.698578355     0.072408341
     2.520000000     1.113051348     1.627708216     0.071158002
     2.530000000     1.036275617     1.568695955     0.069995664
     2.540000000     0.944199823     1.521902434     0.069002254
     2.550000000     0.842686602     1.488571148     0.068237614
     2.560000000     0.737419211     1.468857031     0.067733948
     2.570000000     0.633424311     1.461499857     0.067492714
     2.580000000     0.534767114     1.464585903     0.067485426
     2.590000000     0.444412273     1.475960076     0.067658048
     2.600000000     0.364222438     1.493303687     0.067938023
     2.610000000     0.295058198     1.514449010     0.068242624
     2.620000000     0.236943557     1.537735172     0.068487268
     2.630000000     0.189265282     1.562045921     0.068592749
     2.640000000     0.150979656     1.586612512     0.068490760
     2.650000000     0.120805433     1.610854068     0.068127543
     2.660000000     0.097387335     1.634365922     0.067465772
     2.670000000     0.079420506     1.656948407     0.066484936
     2.680000000     0.065732651     1.678576011     0.065180420
     2.690000000     0.055326484     1.699324260     0.063561464
     2.700000000     0.047389766     1.719307940     0.061648190
     2.710000000     0.041282889     1.738616930     0.059468014
     2.720000000     0.036514552     1.757244129     0.057051976
     2.730000000     0.032714589     1.775076400     0.054431655
     2.740000000     0.029610066     1.791982323     0.051637326
     2.750000000     0.027007201     1.807950771     0.048697745
     2.760000000     0.024778420     1.823166057     0.045641563
     2.770000000     0.022851779     1.837910986     0.042499828
     2.780000000     0.021199532     1.852388990     0.039308702
     2.790000000     0.019823672     1.866664727     0.036111329
     2.800000000     0.018738380     1.880718573     0.032958015
     2.810000000     0.017951463     1.894493946     0.029904305
     2.820000000     0.017448398     1.907917509     0.027007171
     2.830000000     0.017182779     1.920913167     0.024320069
     2.840000000     0.017075852     1.933399862     0.021887974
     2.850000000     0.017025617     1.945287810     0.019743511
     2.860000000     0.016923467     1.956518865     0.017904936
     2.870000000     0.016674224     1.967147556     0.016376222
     2.880000000     0.016214492     1.977378040     0.015148900
     2.890000000     0.015524665     1.987495068     0.014204939
     2.900000000     0.014631720     1.997739107     0.013519800
     2.910000000     0.013602485     2.008219105     0.013064982
     2.920000000     0.012529527     2.018910044     0.012809708
     2.930000000     0.011513517     2.029709454     0.012721798
     2.940000000     0.010646323     2.040498206     0.012768023
     2.950000000     0.009998177     2.051178012     0.012914363
     2.960000000     0.009610595     2.061689013     0.013126515
     2.970000000     0.009494853     2.072018007     0.013370799
     2.980000000     0.009634576     2.082194629     0.013615430
     2.990000000     0.009990566     2.092263789     0.013831962
     3.000000000     0.010506437     2.102248147     0.013996645
     3.010000000     0.011114498     2.112129614     0.014091451
     3.020000000     0.011742127     2.121850833     0.014104634
     3.030000000     0.012319179     2.131336769     0.014030738
     3.040000000     0.012786734     2.140551504     0.013870131
     3.050000000     0.013106757     2.149558417     0.013628197
     3.060000000     0.013271461     2.158508821     0.013314375
     3.070000000     0.013310640     2.167555836     0.012941273
     3.080000000     0.013295073     2.176779784     0.012523990
     3.090000000     0.013334455     2.186191431     0.012079701
     3.100000000     0.013568838     2.195795624     0.011627393
     3.110000000     0.014153359     2.205621469     0.011187542
     3.120000000     0.015236891     2.215679144     0.010781512
     3.130000000     0.016936325     2.225916995     0.010430532
     3.140000000     0.019309527     2.236223291     0.010154281
     3.150000000     0.022331352     2.246445340     0.009969297
     3.160000000     0.025878227     2.256410226     0.009887531
     3.170000000     0.029726891     2.265948266     0.009915384
     3.180000000     0.033571483     2.274895535     0.010053470
     3.190000000     0.037059908     2.283046810     0.010297211
     3.200000000     0.039845864     2.290138244     0.010638236
     3.210000000     0.041648130     2.296047672     0.011066420
     3.220000000     0.042305342     2.301168257     0.011572314
     3.230000000     0.041813957     2.306457043     0.012149614
     3.240000000     0.040339950     2.312875577     0.012797200
     3.250000000     0.038200440     2.320838347     0.013520284
     3.260000000     0.035818282     2.330230840     0.014330200
     3.270000000     0.033658566     2.340715514     0.015242631
     3.280000000     0.032159413     2.351936374     0.016274372
     3.290000000     0.031669640     2.363588892     0.017439145
     3.300000000     0.032403359     2.375435083     0.018743312
     3.310000000     0.034417425     2.387278781     0.020182490
     3.320000000     0.037613215     2.398898822     0.021739924
     3.330000000     0.041760302     2.409995330     0.023387154
     3.340000000     0.046536712     2.420232041     0.025086999
     3.350000000     0.051578571     2.429398719     0.026798366
     3.360000000     0.056531177     2.437589795     0.028482055
     3.370000000     0.061093916     2.445187381     0.030106574
     3.380000000     0.065052988     2.452606903     0.031653056
     3.390000000     0.068298561     2.460124625     0.033118588
     3.400000000     0.070826038     2.467955312     0.034517543
     3.410000000     0.072723920     2.476264870     0.035880779
     3.420000000     0.074152467     2.485021176     0.037252781
     3.430000000     0.075317614     2.494024234     0.038687002
     3.440000000     0.076443748     2.503170108     0.040239874
     3.450000000     0.077747517     2.512604474     0.041964131
     3.460000000     0.079413800     2.522559448     0.043902274
     3.470000000     0.081574645     2.533072025     0.046081069
     3.480000000     0.084292474     2.543900053     0.048507888
     3.490000000     0.087549642     2.554682608     0.051169435
     3.500000000     0.091246799     2.565141477     0.054033000
     3.510000000     0.095212136     2.575158659     0.057049981
     3.520000000     0.099222141     2.584729004     0.060161083
     3.530000000     0.103032532     2.593882448     0.063302485
     3.540000000     0.106415787     2.602664968     0.066412288
     3.550000000     0.109199856     2.611174743     0.069436678
     3.560000000     0.111301656     2.619590163     0.072335387
     3.570000000     0.112749022     2.628163787     0.075086015
     3.580000000     0.113686208     2.637209802     0.077686731
     3.590000000     0.114360611     2.647061151     0.080156785
     3.600000000     0.115091917     2.657962675     0.082534321
     3.610000000     0.116228535     2.669978393     0.084871322
     3.620000000     0.118099187     2.682962997     0.087226093
     3.630000000     0.120968903     2.696576377     0.089654456
     3.640000000     0.125007792     2.710366679     0.092201420
     3.650000000     0.130277927     2.723927358     0.094895300
     3.660000000     0.136739106     2.737007887     0.097745861
     3.670000000     0.144269631     2.749465784     0.100747100
     3.680000000     0.152694833     2.761196581     0.103883993
     3.690000000     0.161815212     2.772240537     0.107141393
     3.700000000     0.171427835     2.782903304     0.110512597
     3.710000000     0.181338452     2.793565966     0.114005200
     3.720000000     0.191366022     2.804290454     0.117642621
     3.730000000     0.201344356     2.814701955     0.121460919
     3.740000000     0.211126022     2.824326206     0.125501698
     3.750000000     0.220591494     2.833002949     0.129802798
     3.760000000     0.229662634     2.840951408     0.134388799
     3.770000000     0.238315936     2.848536662     0.139263212
     3.780000000     0.246589116     2.856071616     0.144403699
     3.790000000     0.254575810     2.863803542     0.149760989
     3.800000000     0.262406783     2.871961712     0.155261468
     3.810000000     0.270220732     2.880684301     0.160812853
     3.820000000     0.278131432     2.889833082     0.166311862
     3.830000000     0.286198899     2.898937277     0.171652557
     3.840000000     0.294410225     2.907392358     0.176733967
     3.850000000     0.302671768     2.914778395     0.181465875
     3.860000000     0.310810607     2.921115319     0.185772174
     3.870000000     0.318581576     2.926888480     0.189591936
     3.880000000     0.325677495     2.932761964     0.192878987
     3.890000000     0.331743468     2.939093320     0.195601182
     3.900000000     0.336398947     2.945553009     0.197740488
     3.910000000     0.339271281     2.951298793     0.199294465
     3.920000000     0.340040655     2.955751632     0.200278840
     3.930000000     0.338489962     2.959180679     0.200730135
     3.940000000     0.334547405     2.962483725     0.200706803
     3.950000000     0.328308122     2.966715254     0.200287522
     3.960000000     0.320025857     2.972990352     0.199565969
     3.970000000     0.310075574     2.982318558     0.198642458
     3.980000000     0.298899109     2.995023012     0.197613832
     3.990000000     0.286953093     3.010359787     0.196563583
     4.000000000     0.274677675     3.026869542     0.195554178
     4.010000000     0.262495464     3.043241679     0.194622993
     4.020000000     0.250836182     3.059178432     0.193782314
     4.030000000     0.240169759     3.075750282     0.193022934
     4.040000000     0.231024930     3.094757056     0.192320196
     4.050000000     0.223974575     3.117397292     0.191641124
     4.060000000     0.219581469     3.143498175     0.190951438
     4.070000000     0.218313723     3.171866652     0.190221725
     4.080000000     0.220451607     3.201049021     0.189432468
     4.090000000     0.226012009     3.229797489     0.188577981
     4.100000000     0.234712428     3.257220302     0.187669346
     4.110000000     0.245985434     3.282850153     0.186736349
     4.120000000     0.259041528     3.306636182     0.185828158
     4.130000000     0.272967541     3.328753359     0.185012351
     4.140000000     0.286841805     3.349376106     0.184371919
     4.150000000     0.299846506     3.368656579     0.184000123
     4.160000000     0.311360610     3.386877697     0.183993548
     4.170000000     0.321021562     3.404592833     0.184444184
     4.180000000     0.328749190     3.422604986     0.185431738
     4.190000000     0.334730225     3.441692847     0.187017427
     4.200000000     0.339366713     3.462309752     0.189240185
     4.210000000     0.343196152     3.484644283     0.192115567
     4.220000000     0.346795375     3.508817458     0.195636808
     4.230000000     0.350682978     3.534803234     0.199776845
     4.240000000     0.355235647     3.562223468     0.204489790
     4.250000000     0.360631417     3.590360525     0.209710617
     4.260000000     0.366827878     3.618468250     0.215352510
     4.270000000     0.373576680     3.646109906     0.221302329
     4.280000000     0.380469230     3.673233064     0.227415514
     4.290000000     0.387003699     3.700085721     0.233512259
     4.300000000     0.392661750     3.727140022     0.239376798
     4.310000000     0.396984614     3.754886675     0.244761130
     4.320000000     0.399641375     3.783572500     0.249393828
     4.330000000     0.400486002     3.813307867     0.252993828
     4.340000000     0.399602069     3.844496663     0.255288474
     4.350000000     0.397334323     3.877872812     0.256034659
     4.360000000     0.394304400     3.913969813     0.255041460
     4.370000000     0.391405081     3.952920855     0.252192213
     4.380000000     0.389765488     3.994920629     0.247463469
     4.390000000     0.390680290     4.040451180     0.240937905
     4.400000000     0.395500454     4.089910248     0.232808348
     4.410000000     0.405490976     4.143283160     0.223370702
     4.420000000     0.421670427     4.200103290     0.213005048
     4.430000000     0.444655012     4.259452435     0.202146081
     4.440000000     0.474533175     4.319865029     0.191246130
     4.450000000     0.510794190     4.379281216     0.180735602
     4.460000000     0.552326247     4.435485621     0.170986367
     4.470000000     0.597489305     4.487059208     0.162283202
     4.480000000     0.644258649     4.534071887     0.154806923
     4.490000000     0.690428744     4.577923150     0.148630839
     4.500000000     0.733863016     4.620457207     0.143729947
     4.510000000     0.772770827     4.662587210     0.140000492
     4.520000000     0.805985362     4.703519395     0.137286202
     4.530000000     0.833205349     4.742148360     0.135406859
     4.540000000     0.855153548     4.779844010     0.134184785
     4.550000000     0.873602900     4.821508972     0.133465356
     4.560000000     0.891233929     4.873006692     0.133128747
     4.570000000     0.911316704     4.937402160     0.133091828
     4.580000000     0.937252767     5.013866657     0.133301191
     4.590000000     0.972055545     5.099306632     0.133720307
     4.600000000     1.017877751     5.190030052     0.134315208
     4.610000000     1.075698890     5.282324975     0.135043279
     4.620000000     1.145259528     5.372856634     0.135848645
     4.630000000     1.225274959     5.459038409     0.136665381
     4.640000000     1.313891800     5.538567968     0.137427238
     4.650000000     1.409285750     5.609186054     0.138080493
     4.660000000     1.510257736     5.670856471     0.138595711
     4.670000000     1.616684272     5.728850466     0.138974875
     4.680000000     1.729720234     5.792444498     0.139252065
     4.690000000     1.851727187     5.868312544     0.139488099
     4.700000000     1.985982838     5.955909318     0.139761286
     4.710000000     2.136286009     6.049696127     0.140157245
     4.720000000     2.306581791     6.143391483     0.140760336
     4.730000000     2.500686614     6.230951771     0.141648053
     4.740000000     2.722110703     6.306509652     0.142888249
     4.750000000     2.973892776     6.366788071     0.144537939
     4.760000000     3.258320976     6.413948486     0.146642112
     4.770000000     3.576441954     6.454752880     0.149231463
     4.780000000     3.927355057     6.494598038     0.152318981
     4.790000000     4.307416956     6.530215362     0.155896328
     4.800000000     4.709591379     6.547570275     0.159931534
     4.810000000     5.123219124     6.526336983     0.164369352
     4.820000000     5.534430305     6.448505818     0.169134825
     4.830000000     5.927283824     6.308254578     0.174139566
     4.840000000     6.285539005     6.115104998     0.179289425
     4.850000000     6.594794566     5.885427988     0.184491917
     4.860000000     6.844617403     5.632688901     0.189662203
     4.870000000     7.030253878     5.367609243     0.194727145
     4.880000000     7.153572362     5.102798049     0.199627785
     4.890000000     7.223013204     4.853130326     0.204320951
     4.900000000     7.252497517     4.634111874     0.208780571
     4.910000000     7.259440830     4.460201789     0.212998723
     4.920000000     7.262199404     4.338761044     0.216985842
     4.930000000     7.277409508     4.262603232     0.220769180
     4.940000000     7.317727692     4.210899575     0.224388853
     4.950000000     7.390418690     4.159210412     0.227891453
     4.960000000     7.497066126     4.089647745     0.231322078
     4.970000000     7.634429821     3.992247636     0.234716337
     4.980000000     7.796200788     3.860393282     0.238094105
     4.990000000     7.975183037     3.691084597     0.241456535
     5.000000000     8.165324270     3.491412247     0.244787090
     5.010000000     8.363059828     3.280422164     0.248056467
     5.020000000     8.567618574     3.079063584     0.251230397
     5.030000000     8.780217743     2.896171276     0.254278689
     5.040000000     9.002372259     2.723895166     0.257183590
     5.050000000     9.233784869     2.545339157     0.259945649
     5.060000000     9.470406641     2.344850051     0.262585722
     5.070000000     9.703234437     2.111447828     0.265142561
     5.080000000     9.918249823     1.836946916     0.267666328
     5.090000000    10.097639669     1.514359482     0.270209246
     5.100000000    10.222131196     1.137682914     0.272815187
     5.110000000    10.273992800     0.705458328     0.275510090
     5.120000000    10.240064950     0.229109090     0.278294832
     5.130000000    10.114145206    -0.261702523     0.281141539
     5.140000000     9.898178801    -0.726058514     0.283993682
     5.150000000     9.601978369    -1.128305513     0.286769738
     5.160000000     9.241546101    -1.451023684     0.289369876
     5.170000000     8.836403492    -1.697458339     0.291684888
     5.180000000     8.406553538    -1.884664030     0.293606425
     5.190000000     7.969747499    -2.032270385     0.295037420
     5.200000000     7.539597612    -2.154973334     0.295901413
     5.210000000     7.124818816    -2.262014301     0.296149562
     5.220000000     6.729581593    -2.358524560     0.295764422
     5.230000000     6.354702427    -2.445877625     0.294760138
     5.240000000     5.999249658    -2.522206612     0.293179356
     5.250000000     5.662120467    -2.583176685     0.291087665
     5.260000000     5.343229787    -2.623677298     0.288566620
     5.270000000     5.044100336    -2.640473501     0.285706301
     5.280000000     4.767806505    -2.633610525     0.282598139
     5.290000000     4.518365644    -2.605344599     0.279328525
     5.300000000     4.299767765    -2.558519162     0.275973594
     5.310000000     4.114883379    -2.496645983     0.272595621
     5.320000000     3.964492999    -2.425280045     0.269241417
     5.330000000     3.846647768    -2.353040118     0.265942954
     5.340000000     3.756505900    -2.290811863     0.262720043
     5.350000000     3.686701957    -2.247957437     0.259584458
     5.360000000     3.628206022    -2.228169762     0.256544479
     5.370000000     3.571532799    -2.229917071     0.253608755
     5.380000000     3.508085269    -2.249951064     0.250788563
     5.390000000     3.431382038    -2.283948196     0.248098082
     5.400000000     3.337933928    -2.323985942     0.245552894
     5.410000000     3.227603838    -2.357991851     0.243167450
     5.420000000     3.103390450    -2.373945245     0.240952566
     5.430000000     2.970695399    -2.365672989     0.238913944
     5.440000000     2.836234893    -2.335184028     0.237052403
     5.450000000     2.706815863    -2.289925821     0.235365900
     5.460000000     2.588202227    -2.237891108     0.233852794
     5.470000000     2.484254505    -2.184535058     0.232515260
     5.480000000     2.396454092    -2.132781478     0.231361544
     5.490000000     2.323845055    -2.084238239     0.230405975
     5.500000000     2.263359171    -2.040290096     0.229666231
     5.510000000     2.210442026    -2.003448556     0.229158314
     5.520000000     2.159867980    -1.977749959     0.228890563
     5.530000000     2.106615021    -1.966094241     0.228858616
     5.540000000     2.046664778    -1.966101095     0.229043325
     5.550000000     1.977601446    -1.969815115     0.229412966
     5.560000000     1.898911904    -1.968612672     0.229930024
     5.570000000     1.811940418    -1.957239518     0.230561456
     5.580000000     1.719519212    -1.933280148     0.231290180
     5.590000000     1.625365679    -1.895598928     0.232124880
     5.600000000     1.533387858    -1.845139866     0.233105280
     5.610000000     1.447054807    -1.786257531     0.234300859
     5.620000000     1.368960625    -1.725331442     0.235802294
     5.630000000     1.300647679    -1.667410209     0.237706429
     5.640000000     1.242675848    -1.614379480     0.240096881
     5.650000000     1.194855858    -1.565655253     0.243023229
     5.660000000     1.156528456    -1.519297284     0.246481963
     5.670000000     1.126777944    -1.472839581     0.250402074
     5.680000000     1.104514384    -1.424441934     0.254637453
     5.690000000     1.088425292    -1.373833886     0.258967470
     5.700000000     1.076859787    -1.322787769     0.263106268
     5.710000000     1.067742588    -1.274985282     0.266720521
     5.720000000     1.058609182    -1.234726411     0.269454702
     5.730000000     1.046809340    -1.205012188     0.270962020
     5.740000000     1.029860652    -1.186202539     0.270938288
     5.750000000     1.005871598    -1.175492745     0.269155071
     5.760000000     0.973918102    -1.167194645     0.265487820
     5.770000000     0.934261831    -1.154503353     0.259934690
     5.780000000     0.888340668    -1.132273562     0.252622519
     5.790000000     0.838526651    -1.098852220     0.243798224
     5.800000000     0.787711205    -1.055905275     0.233806196
     5.810000000     0.738820810    -1.006750931     0.223054826
     5.820000000     0.694376149    -0.954501169     0.211977341
     5.830000000     0.656184798    -0.901220526     0.200993111
     5.840000000     0.625212468    -0.848261517     0.190475242
     5.850000000     0.601627234    -0.796704954     0.180728681
     5.860000000     0.584970292    -0.747228620     0.171980619
     5.870000000     0.574385667    -0.700067469     0.164382456
     5.880000000     0.568842351    -0.655204907     0.158020538
     5.890000000     0.567301579    -0.612141045     0.152931803
     5.900000000     0.568810912    -0.569718535     0.149120454
     5.910000000     0.572535390    -0.526915741     0.146572589
     5.920000000     0.577755388    -0.483942792     0.145266938
     5.930000000     0.583865380    -0.442335481     0.145181029
     5.940000000     0.590397197    -0.403968995     0.146293026
     5.950000000     0.597070670    -0.369786563     0.148579968
     5.960000000     0.603852727    -0.339000449     0.152013372
     5.970000000     0.610992855    -0.309236995     0.156553283
     5.980000000     0.619004709    -0.277583636     0.162141907
     5.990000000     0.628580576    -0.242135113     0.168698012
     6.000000000     0.640450880    -0.203176889     0.176113219
     6.010000000     0.655224252    -0.162921687     0.184251036
     6.020000000     0.673255114    -0.124056573     0.192949111
     6.030000000     0.694580314    -0.088546075     0.202024649
     6.040000000     0.718946372    -0.057259083     0.211282514
     6.050000000     0.745922275    -0.030076549     0.220525253
     6.060000000     0.775069300    -0.006124334     0.229564095
     6.070000000     0.806126441     0.015953203     0.238229930
     6.080000000     0.839169685     0.037431201     0.246383204
     6.090000000     0.874712483     0.058839211     0.253921545
     6.100000000     0.913727304     0.079807994     0.260783958
     6.110000000     0.957578855     0.099593634     0.266950536
     6.120000000     1.007866406     0.117787397     0.272437180
     6.130000000     1.066177514     0.134588919     0.277285636
     6.140000000     1.133762646     0.150302423     0.281550216
     6.150000000     1.211153612     0.164308425     0.285283527
     6.160000000     1.297769407     0.174427798     0.288524055
     6.170000000     1.391577155     0.177299884     0.291288269
     6.180000000     1.488895476     0.169389626     0.293568964
     6.190000000     1.584431865     0.147833070     0.295340084
     6.200000000     1.671625011     0.110743707     0.296566626
     6.210000000     1.743313143     0.056885475     0.297217061
     6.220000000     1.792675597    -0.014941070     0.297275228
     6.230000000     1.814313163    -0.105019699     0.296749082
     6.240000000     1.805267852    -0.209330968     0.295674794
     6.250000000     1.765759857    -0.316427271     0.294115980
     6.260000000     1.699454473    -0.409344754     0.292158973
     6.270000000     1.613162186    -0.473359171     0.289905676
     6.280000000     1.515998572    -0.503166255     0.287465568
     6.290000000     1.418150888    -0.503132239     0.284948120
     6.300000000     1.329479166    -0.482448799     0.282456376
     6.310000000     1.258199613    -0.450624755     0.280082122
     6.320000000     1.209857969    -0.415385125     0.277902828
     6.330000000     1.186721585    -0.382219435     0.275980545
     6.340000000     1.187631916    -0.354797358     0.274362841
     6.350000000     1.208289130    -0.335919945     0.273085657
     6.360000000     1.241898039    -0.328454220     0.272177540
     6.370000000     1.280083617    -0.335825388     0.271664238
     6.380000000     1.313971463    -0.361694328     0.271572294
     6.390000000     1.335313133    -0.408205187     0.271930265
     6.400000000     1.337519186    -0.473112341     0.272766653
     6.410000000     1.316455913    -0.547794322     0.274104453
     6.420000000     1.270880477    -0.618980841     0.275953191
     6.430000000     1.202441517    -0.674538367     0.278300205
     6.440000000     1.115251850    -0.708581073     0.281103343
     6.450000000     1.015126220    -0.721547663     0.284287202
     6.460000000     0.908643582    -0.716984569     0.287744454
     6.470000000     0.802219295    -0.699052686     0.291342870
     6.480000000     0.701350816    -0.671679257     0.294937518
     6.490000000     0.610140979    -0.638156776     0.298386502
     6.500000000     0.531126774    -0.600897600     0.301567712
     6.510000000     0.465372455    -0.561570527     0.304393475
     6.520000000     0.412741336    -0.521399533     0.306820025
     6.530000000     0.372247292    -0.481343044     0.308849399
     6.540000000     0.342400701    -0.442068891     0.310522790
     6.550000000     0.321493451    -0.403884260     0.311906419
     6.560000000     0.307801248    -0.366853563     0.313073045
     6.570000000     0.299708600    -0.331083468     0.314083817
     6.580000000     0.295777257    -0.296928249     0.314975448
     6.590000000     0.294781692    -0.264952343     0.315756481
     6.600000000     0.295728848    -0.235637487     0.316413753
     6.610000000     0.297868805    -0.209002456     0.316926915
     6.620000000     0.300693915    -0.184408915     0.317286168
     6.630000000     0.303920081    -0.160697398     0.317507180
     6.640000000     0.307446381    -0.136694730     0.317638105
     6.650000000     0.311296438    -0.111876971     0.317756239
     6.660000000     0.315552852    -0.086637118     0.317955298
     6.670000000     0.320300633    -0.062011138     0.318327187
     6.680000000     0.325594406    -0.039112237     0.318943477
     6.690000000     0.331457226    -0.018439249     0.319841310
     6.700000000     0.337908829     0.000499537     0.321016483
     6.710000000     0.345011449     0.018782486     0.322424035
     6.720000000     0.352914939     0.037232741     0.323984628
     6.730000000     0.361881300     0.055927294     0.325594140
     6.740000000     0.372271744     0.074368000     0.327134089
     6.750000000     0.384486527     0.092035574     0.328481381
     6.760000000     0.398858454     0.108854493     0.329516909
     6.770000000     0.415514427     0.125225715     0.330133018
     6.780000000     0.434234072     0.141586206     0.330239881
     6.790000000     0.454346380     0.157783770     0.329770370
     6.800000000     0.474708988     0.172633888     0.328682657
     6.810000000     0.493804942     0.183966227     0.326959732
     6.820000000     0.509966563     0.189270069     0.324605592
     6.830000000     0.521699432     0.186887668     0.321638760
     6.840000000     0.528041667     0.177618397     0.318084754
     6.850000000     0.528867858     0.165625823     0.313969583
     6.860000000     0.525044932     0.156962209     0.309316168
     6.870000000     0.518373548     0.156320775     0.304144617
     6.880000000     0.511298883     0.165019521     0.298476004
     6.890000000     0.506435845     0.181611996     0.292338124
     6.900000000     0.506008546     0.203555665     0.285771166
     6.910000000     0.511335999     0.228122631     0.278831490
     6.920000000     0.522494978     0.252328724     0.271592642
     6.930000000     0.538254789     0.272646099     0.264143894
     6.940000000     0.556314973     0.285143990     0.256587449
     6.950000000     0.573800630     0.286394365     0.249035612
     6.960000000     0.587901354     0.275373997     0.241608716
     6.970000000     0.596498064     0.255607875     0.234433582
     6.980000000     0.598621187     0.234930022     0.227641512
     6.990000000     0.594626252     0.221517449     0.221364479
     7.000000000     0.586048389     0.219725375     0.215728727
     7.010000000     0.575183972     0.229281719     0.210846076
     7.020000000     0.564519602     0.246867549     0.206804415
     7.030000000     0.556164323     0.268078585     0.203659598
     7.040000000     0.551430462     0.288946978     0.201430815
     7.050000000     0.550657342     0.306595503     0.200100466
     7.060000000     0.553297986     0.319064897     0.199618105
     7.070000000     0.558215957     0.325300072     0.199906648
     7.080000000     0.564088859     0.326137142     0.200868468
     7.090000000     0.569799235     0.325017387     0.202389420
     7.100000000     0.574712824     0.326264989     0.204340083
     7.110000000     0.578788198     0.332097521     0.206575120
     7.120000000     0.582514389     0.341904197     0.208932837
     7.130000000     0.586718303     0.354025602     0.211237412
     7.140000000     0.592310196     0.367320440     0.213305545
     7.150000000     0.600039767     0.381264615     0.214957818
     7.160000000     0.610320743     0.395339209     0.216033351
     7.170000000     0.623155974     0.408578252     0.216405029
     7.180000000     0.638167010     0.419679454     0.215992106
     7.190000000     0.654708980     0.427693278     0.214767543
     7.200000000     0.672037577     0.432669452     0.212758708
     7.210000000     0.689490707     0.435619814     0.210041638
     7.220000000     0.706651019     0.438000727     0.206730418
     7.230000000     0.723463743     0.441034483     0.202963913
     7.240000000     0.740293700     0.445070759     0.198892059
     7.250000000     0.757913829     0.449631499     0.194663307
     7.260000000     0.777424888     0.454319812     0.190413973
     7.270000000     0.800113433     0.459554084     0.186259612
     7.280000000     0.827264176     0.466232506     0.182288256
     7.290000000     0.859953548     0.474817239     0.178555549
     7.300000000     0.898860832     0.484725724     0.175082203
     7.310000000     0.944137058     0.493928038     0.171854500
     7.320000000     0.995365029     0.498990866     0.168828547
     7.330000000     1.051625004     0.496495643     0.165938486
     7.340000000     1.111653188     0.484964931     0.163108060
     7.350000000     1.174052679     0.465137970     0.160264014
     7.360000000     1.237499221     0.438571524     0.157349166
     7.370000000     1.300884250     0.406916300     0.154332818
     7.380000000     1.363356428     0.372402861     0.151216603
     7.390000000     1.424253605     0.337227664     0.148034763
     7.400000000     1.482948998     0.301353713     0.144849011
     7.410000000     1.538657733     0.261545870     0.141739164
     7.420000000     1.590257143     0.213505561     0.138791485
     7.430000000     1.636167581     0.155466467     0.136086940
     7.440000000     1.674325819     0.089809220     0.133691381
     7.450000000     1.702266721     0.020785106     0.131649111
     7.460000000     1.717313657    -0.049526442     0.129980643
     7.470000000     1.716862931    -0.122895894     0.128684692
     7.480000000     1.698730189    -0.202813307     0.127743804
     7.490000000     1.661507893    -0.290263110     0.127132435
     7.500000000     1.604868154    -0.380675601     0.126825878
     7.510000000     1.529743064    -0.465322625     0.126808135
     7.520000000     1.438331674    -0.536252167     0.127076937
     7.530000000     1.333918002    -0.589915267     0.127644476
     7.540000000     1.220528611    -0.627171241     0.128533263
     7.550000000     1.102496511    -0.651144284     0.129767564
     7.560000000     0.984017259    -0.664745871     0.131361936
     7.570000000     0.868777441    -0.669410854     0.133309179
     7.580000000     0.759709052    -0.665794926     0.135570309
     7.590000000     0.658887001    -0.654901120     0.138068874
     7.600000000     0.567553548    -0.638231233     0.140691113
     7.610000000     0.486232183    -0.617362338     0.143292382
     7.620000000     0.414886968    -0.593595899     0.145709056
     7.630000000     0.353088969    -0.567852612     0.147774105
     7.640000000     0.300163462    -0.540744406     0.149333875
     7.650000000     0.255304773    -0.512687153     0.150263437
     7.660000000     0.217656349    -0.484010437     0.150478238
     7.670000000     0.186360577    -0.455095149     0.149940648
     7.680000000     0.160586298    -0.426435538     0.148661089
     7.690000000     0.139542538    -0.398512889     0.146694485
     7.700000000     0.122485685    -0.371632198     0.144133427
     7.710000000     0.108725014    -0.345911354     0.141099521
     7.720000000     0.097628852    -0.321387692     0.137734025
     7.730000000     0.088631474    -0.298070585     0.134188226
     7.740000000     0.081239508    -0.275894513     0.130613588
     7.750000000     0.075036301    -0.254725405     0.127151610
     7.760000000     0.069683197    -0.234461119     0.123923713
     7.770000000     0.064917435    -0.215066479     0.121022016
     7.780000000     0.060547100    -0.196501269     0.118502261
     7.790000000     0.056443866    -0.178675902     0.116380081
     7.800000000     0.052534235    -0.161477921     0.114631382
     7.810000000     0.048789756    -0.144798266     0.113196862
     7.820000000     0.045216585    -0.128525973     0.111990035
     7.830000000     0.041844756    -0.112558896     0.110907722
     7.840000000     0.038717737    -0.096858839     0.109841838
     7.850000000     0.035882999    -0.081468528     0.108691333
     7.860000000     0.033384331    -0.066450773     0.107373148
     7.870000000     0.031256319    -0.051830202     0.105830975
     7.880000000     0.029520996    -0.037595485     0.104040550
     7.890000000     0.028186179    -0.023734949     0.102010371
     7.900000000     0.027244769    -0.010248135     0.099777278
     7.910000000     0.026674354     0.002871638     0.097397248
     7.920000000     0.026436760     0.015632183     0.094932895
     7.930000000     0.026477708     0.028007235     0.092440096
     7.940000000     0.026727112     0.039934621     0.089956604
     7.950000000     0.027100793     0.051365794     0.087495208
     7.960000000     0.027504274     0.062306264     0.085042971
     7.970000000     0.027838967     0.072802012     0.082566604
     7.980000000     0.028010535     0.082896516     0.080022502
     7.990000000     0.027938530     0.092615717     0.077368867
     8.000000000     0.027565907     0.101992480     0.074576933
     8.010000000     0.026866619     0.111093616     0.071638717
     8.020000000     0.025849593     0.120030111     0.068569793
     8.030000000     0.024557851     0.128948841     0.065406916
     8.040000000     0.023062466     0.137997882     0.062201578
     8.050000000     0.021452204     0.147266164     0.059011400
     8.060000000     0.019820734     0.156740963     0.055891493
     8.070000000     0.018253878     0.166328993     0.052887592
     8.080000000     0.016819340     0.175913362     0.050032074
     8.090000000     0.015560611     0.185399958     0.047343134
     8.100000000     0.014495611     0.194747733     0.044826586
     8.110000000     0.013619459     0.203976308     0.042479270
     8.120000000     0.012909962     0.213134284     0.040292826
     8.130000000     0.012334122     0.222250958     0.038256795
     8.140000000     0.011854244     0.231318725     0.036360391
     8.150000000     0.011432807     0.240316201     0.034592877
     8.160000000     0.011035895     0.249241329     0.032942947
     8.170000000     0.010635398     0.258119105     0.031397808
     8.180000000     0.010210333     0.266978603     0.029942655
     8.190000000     0.009747550     0.275834424     0.028560971
     8.200000000     0.009241888     0.284701497     0.027235713
     8.210000000     0.008695711     0.293618072     0.025951040
     8.220000000     0.008117761     0.302638448     0.024694061
     8.230000000     0.007521364     0.311801694     0.023456062
     8.240000000     0.006922230     0.321114043     0.022232835
     8.250000000     0.006336187     0.330561833     0.021024052
     8.260000000     0.005777222     0.340136475     0.019831872
     8.270000000     0.005256088     0.349849013     0.018659183
     8.280000000     0.004779591     0.359726142     0.017507942
     8.290000000     0.004350467     0.369796229     0.016378033
     8.300000000     0.003967701     0.380080574     0.015266913
     8.310000000     0.003627119     0.390596897     0.014170100
     8.320000000     0.003322142     0.401367372     0.013082398
     8.330000000     0.003044666     0.412419995     0.011999558
     8.340000000     0.002786093     0.423785643     0.010919965
     8.350000000     0.002538510     0.435499520     0.009845974
     8.360000000     0.002296024     0.447606447     0.008784501
     8.370000000     0.002056294     0.460164076     0.007746728
     8.380000000     0.001822535     0.473243151     0.006746881
     8.390000000     0.001606740     0.486924308     0.005800354
     8.400000000     0.001435747     0.501289875     0.004921547
     8.410000000     0.001363051     0.516419249     0.004121920
     8.420000000     0.001490974     0.532394236     0.003408654
     8.430000000     0.002009531     0.549307572     0.002784185
     8.440000000     0.003259426     0.567267679     0.002246598
     8.450000000     0.005825710     0.586399117     0.001790679
     8.460000000     0.010663716     0.606840493     0.001409256
     8.470000000     0.019248044     0.628740405     0.001094486
     8.480000000     0.033717456     0.652249803     0.000838803
     8.490000000     0.056965382     0.677507055     0.000635437
     8.500000000     0.092603414     0.704609404     0.000478525
     8.510000000     0.144714795     0.733559808     0.000362951
     8.520000000     0.217330368     0.764169657     0.000284044
     8.530000000     0.313611877     0.795883033     0.000237260
     8.540000000     0.434817637     0.827464079     0.000217903
     8.550000000     0.579236266     0.856455917     0.000220916
     8.560000000     0.741369766     0.878295482     0.000240777
     8.570000000     0.911681547     0.885037741     0.000271511
     8.580000000     1.077159639     0.864062905     0.000306888
     8.590000000     1.222771665     0.798410954     0.000340781
     8.600000000     1.333641043     0.672476376     0.000367681
     8.610000000     1.397528876     0.485960566     0.000383266
     8.620000000     1.407054314     0.267338194     0.000384886
     8.630000000     1.361097263     0.065157835     0.000371849
     8.640000000     1.265015023    -0.082745753     0.000345388
     8.650000000     1.129614939    -0.167753457     0.000308327
     8.660000000     0.969155339    -0.202179986     0.000264491
     8.670000000     0.798885574    -0.203569648     0.000218008
     8.680000000     0.632708962    -0.186225562     0.000172654
     8.690000000     0.481450469    -0.159564551     0.000131376
     8.700000000     0.351987680    -0.129139792     0.000096048
     8.710000000     0.247247286    -0.098004623     0.000067467
     8.720000000     0.166864451    -0.067734944     0.000045533
     8.730000000     0.108199271    -0.039074248     0.000029524
     8.740000000     0.067408252    -0.012311781     0.000018394
     8.750000000     0.040348744     0.012503343     0.000011010
     8.760000000     0.023204659     0.035443125     0.000006332
     8.770000000     0.012821788     0.056635416     0.000003499
     8.780000000     0.006806913     0.076228699     0.000001857
     8.790000000     0.003472003     0.094373585     0.000000947
     8.800000000     0.001701524     0.111213556     0.000000464
     8.810000000     0.000801169     0.126880798     0.000000219
     8.820000000     0.000362442     0.141494782     0.000000099
     8.830000000     0.000157537     0.155162289     0.000000043
     8.840000000     0.000065789     0.167978149     0.000000018
     8.850000000     0.000026397     0.180026299     0.000000007
     8.860000000     0.000010176     0.191380920     0.000000003
     8.870000000     0.000003769     0.202107569     0.000000001
     8.880000000     0.000001341     0.212264218     0.000000000
     8.890000000     0.000000459     0.221902202     0.000000000
     8.900000000     0.000000151     0.231067055     0.000000000
     8.910000000     0.000000048     0.239799247     0.000000000
     8.920000000     0.000000014     0.248134823     0.000000000
     8.930000000     0.000000004     0.256105961     0.000000000
     8.940000000     0.000000001     0.263741451     0.000000000
     8.950000000     0.000000000     0.271067113     0.000000000
     8.960000000     0.000000000     0.278106157     0.000000000
     8.970000000     0.000000000     0.284879493     0.000000000
     8.980000000     0.000000000     0.291406005     0.000000000
     8.990000000     0.000000000     0.297702784     0.000000000
     9.000000000     0.000000000     0.303785329     0.000000000
     9.010000000     0.000000000     0.309667730     0.000000000
     9.020000000     0.000000000     0.315362817     0.000000000
     9.030000000     0.000000000     0.320882303     0.000000000
     9.040000000     0.000000000     0.326236894     0.000000000
     9.050000000     0.000000000     0.331436401     0.000000000
     9.060000000     0.000000000     0.336489827     0.000000000
     9.070000000     0.000000000     0.341405452     0.000000000
     9.080000000     0.000000000     0.346190900     0.000000000
     9.090000000     0.000000000     0.350853205     0.000000000
     9.100000000     0.000000000     0.355398869     0.000000000
     9.110000000     0.000000000     0.359833907     0.000000000
     9.120000000     0.000000000     0.364163897     0.000000000
     9.130000000     0.000000000     0.368394015     0.000000000
     9.140000000     0.000000000     0.372529074     0.000000000
     9.150000000     0.000000000     0.376573556     0.000000000
     9.160000000     0.000000000     0.380531638     0.000000000
     9.170000000     0.000000000     0.384407218     0.000000000
     9.180000000     0.000000000     0.388203940     0.000000000
     9.190000000     0.000000000     0.391925216     0.000000000
     9.200000000     0.000000000     0.395574241     0.000000000
     9.210000000     0.000000000     0.399154011     0.000000000
     9.220000000     0.000000000     0.402667342     0.000000000
     9.230000000     0.000000000     0.406116881     0.000000000
     9.240000000     0.000000000     0.409505118     0.000000000
     9.250000000     0.000000000     0.412834401     0.000000000
     9.260000000     0.000000000     0.416106944     0.000000000
     9.270000000     0.000000000     0.419324837     0.000000000
     9.280000000     0.000000000     0.422490055     0.000000000
     9.290000000     0.000000000     0.425604468     0.000000000
     9.300000000     0.000000000     0.428669845     0.000000000
     9.310000000     0.000000000     0.431687865     0.000000000
     9.320000000     0.000000000     0.434660119     0.000000000
     9.330000000     0.000000000     0.437588118     0.000000000
     9.340000000     0.000000000     0.440473299     0.000000000
     9.350000000     0.000000000     0.443317031     0.000000000
     9.360000000     0.000000000     0.446120613     0.000000000
     9.370000000     0.000000000     0.448885288     0.000000000
     9.380000000     0.000000000     0.451612239     0.000000000
     9.390000000     0.000000000     0.454302596     0.000000000
     9.400000000     0.000000000     0.456957442     0.000000000
     9.410000000     0.000000000     0.459577810     0.000000000
     9.420000000     0.000000000     0.462164691     0.000000000
     9.430000000     0.000000000     0.464719035     0.000000000
     9.440000000     0.000000000     0.467241755     0.000000000
     9.450000000     0.000000000     0.469733729     0.000000000
     9.460000000     0.000000001     0.472195799     0.000000000
     9.470000000     0.000000002     0.474628782     0.000000001
     9.480000000     0.000000006     0.477033463     0.000000002
     9.490000000     0.000000014     0.479410603     0.000000005
     9.500000000     0.000000037     0.481760939     0.000000013
     9.510000000     0.000000089     0.484085189     0.000000032
     9.520000000     0.000000207     0.486384049     0.000000076
     9.530000000     0.000000463     0.488658202     0.000000169
     9.540000000     0.000000996     0.490908314     0.000000365
     9.550000000     0.000002060     0.493135038     0.000000754
     9.560000000     0.000004091     0.495339018     0.000001498
     9.570000000     0.000007807     0.497520885     0.000002858
     9.580000000     0.000014314     0.499681258     0.000005240
     9.590000000     0.000025217     0.501820740     0.000009232
     9.600000000     0.000042682     0.503939907     0.000015626
     9.610000000     0.000069411     0.506039286     0.000025411
     9.620000000     0.000108451     0.508119318     0.000039704
     9.630000000     0.000162807     0.510180287     0.000059603
     9.640000000     0.000234821     0.512222183     0.000085967
     9.650000000     0.000325410     0.514244475     0.000119132
     9.660000000     0.000433264     0.516245700     0.000158617
     9.670000000     0.000554246     0.518222804     0.000202908
     9.680000000     0.000681209     0.520170183     0.000249389
     9.690000000     0.000804427     0.522078733     0.000294498
     9.700000000     0.000912686     0.523936122     0.000334131
     9.710000000     0.000994910     0.525731119     0.000364234
     9.720000000     0.001042017     0.527464056     0.000381479
     9.730000000     0.001048562     0.529156759     0.000383875
     9.740000000     0.001013775     0.530845770     0.000371140
     9.750000000     0.000941710     0.532559333     0.000344757
     9.760000000     0.000840468     0.534303873     0.000307693
     9.770000000     0.000720698     0.536070366     0.000263845
     9.780000000     0.000593764     0.537846005     0.000217375
     9.790000000     0.000470005     0.539620437     0.000172067
     9.800000000     0.000357453     0.541386940     0.000130862
     9.810000000     0.000261194     0.543141652     0.000095622
     9.820000000     0.000183374     0.544882553     0.000067133
     9.830000000     0.000123691     0.546608713     0.000045283
     9.840000000     0.000080162     0.548319809     0.000029347
     9.850000000     0.000049914     0.550015849     0.000018274
     9.860000000     0.000029862     0.551697011     0.000010932
     9.870000000     0.000017164     0.553363560     0.000006284
     9.880000000     0.000009479     0.555015795     0.000003470
     9.890000000     0.000005030     0.556654024     0.000001841
     9.900000000     0.000002564     0.558278553     0.000000939
     9.910000000     0.000001256     0.559889678     0.000000460
     9.920000000     0.000000591     0.561487682     0.000000216
     9.930000000     0.000000267     0.563072831     0.000000098
     9.940000000     0.000000116     0.564645382     0.000000043
     9.950000000     0.000000048     0.566205576     0.000000018
     9.960000000     0.000000019     0.567753643     0.000000007
     9.970000000     0.000000007     0.569289800     0.000000003
     9.980000000     0.000000003     0.570814256     0.000000001
     9.990000000     0.000000001     0.572327211     0.000000000
    10.000000000     0.000000000     0.573828854     0.000000000
    10.010000000     0.000000000     0.575319368     0.000000000
    10.020000000     0.000000000     0.576798930     0.000000000
    10.030000000     0.000000000     0.578267707     0.000000000
    10.040000000     0.000000000     0.579725864     0.000000000
    10.050000000     0.000000000     0.581173557     0.000000000
    10.060000000     0.000000000     0.582610940     0.000000000
    10.070000000     0.000000000     0.584038161     0.000000000
    10.080000000     0.000000000     0.585455361     0.000000000
    10.090000000     0.000000000     0.586862682     0.000000000
    10.100000000     0.000000000     0.588260257     0.000000000
    10.110000000     0.000000000     0.589648219     0.000000000
    10.120000000     0.000000000     0.591026695     0.000000000
    10.130000000     0.000000000     0.592395810     0.000000000
    10.140000000     0.000000000     0.593755686     0.000000000
    10.150000000     0.000000000     0.595106441     0.000000000
    10.160000000     0.000000000     0.596448192     0.000000000
    10.170000000     0.000000000     0.597781051     0.000000000
    10.180000000     0.000000000     0.599105128     0.000000000
    10.190000000     0.000000000     0.600420532     0.000000000
    10.200000000     0.000000000     0.601727368     0.000000000
    10.210000000     0.000000000     0.603025739     0.000000000
    10.220000000     0.000000000     0.604315748     0.000000000
    10.230000000     0.000000000     0.605597492     0.000000000
    10.240000000     0.000000000     0.606871068     0.000000000
    10.250000000     0.000000000     0.608136572     0.000000000
    10.260000000     0.000000000     0.609394097     0.000000000
    10.270000000     0.000000000     0.610643733     0.000000000
    10.280000000     0.000000000     0.611885571     0.000000000
    10.290000000     0.000000000     0.613119697     0.000000000
    10.300000000     0.000000000     0.614346199     0.000000000
    10.310000000     0.000000000     0.615565160     0.000000000
    10.320000000     0.000000000     0.616776664     0.000000000
    10.330000000     0.000000000     0.617980792     0.000000000
    10.340000000     0.000000000     0.619177623     0.000000000
    10.350000000     0.000000000     0.620367236     0.000000000
    10.360000000     0.000000000     0.621549708     0.000000000
    10.370000000     0.000000000     0.622725115     0.000000000
    10.380000000     0.000000000     0.623893532     0.000000000
    10.390000000     0.000000000     0.625055030     0.000000000
    10.400000000     0.000000000     0.626209683     0.000000000
    10.410000000     0.000000000     0.627357561     0.000000000
    10.420000000     0.000000000     0.628498732     0.000000000
    10.430000000     0.000000000     0.629633266     0.000000000
    10.440000000     0.000000000     0.630761230     0.000000000
    10.450000000     0.000000000     0.631882690     0.000000000
    10.460000000     0.000000000     0.632997710     0.000000000
    10.470000000     0.000000000     0.634106355     0.000000000
    10.480000000     0.000000000     0.635208687     0.000000000
    10.490000000     0.000000000     0.636304769     0.000000000
    10.500000000     0.000000000     0.637394661     0.000000000
    10.510000000     0.000000000     0.638478424     0.000000000
    10.520000000     0.000000000     0.639556116     0.000000000
    10.530000000     0.000000000     0.640627796     0.000000000
    10.540000000     0.000000000     0.641693521     0.000000000
    10.550000000     0.000000000     0.642753347     0.000000000
    10.560000000     0.000000000     0.643807331     0.000000000
    10.570000000     0.000000000     0.644855526     0.000000000
    10.580000000     0.000000000     0.645897986     0.000000000
    10.590000000     0.000000000     0.646934766     0.000000000
    10.600000000     0.000000000     0.647965916     0.000000000
    10.610000000     0.000000000     0.648991489     0.000000000
    10.620000000     0.000000000     0.650011536     0.000000000
    10.630000000     0.000000000     0.651026107     0.000000000
    10.640000000     0.000000000     0.652035251     0.000000000
    10.650000000     0.000000000     0.653039017     0.000000000
    10.660000000     0.000000000     0.654037453     0.000000000
    10.670000000     0.000000000     0.655030606     0.000000000
    10.680000000     0.000000000     0.656018523     0.000000000
    10.690000000     0.000000000     0.657001250     0.000000000
    10.700000000     0.000000000     0.657978833     0.000000000
    10.710000000     0.000000000     0.658951316     0.000000000
    10.720000000     0.000000000     0.659918744     0.000000000
    10.730000000     0.000000000     0.660881160     0.000000000
    10.740000000     0.000000000     0.661838607     0.000000000
    10.750000000     0.000000000     0.662791128     0.000000000
    10.760000000     0.000000000     0.663738765     0.000000000
    10.770000000     0.000000000     0.664681559     0.000000000
    10.780000000     0.000000000     0.665619550     0.000000000
    10.790000000     0.000000000     0.666552780     0.000000000
    10.800000000     0.000000000     0.667481288     0.000000000
    10.810000000     0.000000000     0.668405113     0.000000000
    10.820000000     0.000000000     0.669324293     0.000000000
    10.830000000     0.000000000     0.670238868     0.000000000
    10.840000000     0.000000000     0.671148875     0.000000000
    10.850000000     0.000000000     0.672054352     0.000000000
    10.860000000     0.000000000     0.672955334     0.000000000
    10.870000000     0.000000000     0.673851859     0.000000000
    10.880000000     0.000000000     0.674743962     0.000000000
    10.890000000     0.000000000     0.675631680     0.000000000
    10.900000000     0.000000000     0.676515046     0.000000000
    10.910000000     0.000000000     0.677394097     0.000000000
    10.920000000     0.000000000     0.678268865     0.000000000
    10.930000000     0.000000000     0.679139385     0.000000000
    10.940000000     0.000000000     0.680005690     0.000000000
    10.950000000     0.000000000     0.680867813     0.000000000
    10.960000000     0.000000000     0.681725787     0.000000000
    10.970000000     0.000000000     0.682579644     0.000000000
    10.980000000     0.000000000     0.683429416     0.000000000
    10.990000000     0.000000000     0.684275134     0.000000000
    11.000000000     0.000000000     0.685116829     0.000000000
