 # Column 1: omega
 # Column 2: eps2(omega)
 # Column 3: eps1(omega)
 # Column 4: JDOS(omega)
     0.000000000     0.000000000     3.945718835     0.000000000
     0.010000000     0.000000000     3.945731114     0.000000000
     0.020000000     0.000000000     3.945767952     0.000000000
     0.030000000     0.000000000     3.945829350     0.000000000
     0.040000000     0.000000000     3.945915314     0.000000000
     0.050000000     0.000000000     3.946025849     0.000000000
     0.060000000     0.000000000     3.946160963     0.000000000
     0.070000000     0.000000000     3.946320666     0.000000000
     0.080000000     0.000000000     3.946504969     0.000000000
     0.090000000     0.000000000     3.946713884     0.000000000
     0.100000000     0.000000000     3.946947426     0.000000000
     0.110000000     0.000000000     3.947205612     0.000000000
     0.120000000     0.000000000     3.947488460     0.000000000
     0.130000000     0.000000000     3.947795989     0.000000000
     0.140000000     0.000000000     3.948128222     0.000000000
     0.150000000     0.000000000     3.948485181     0.000000000
     0.160000000     0.000000000     3.948866892     0.000000000
     0.170000000     0.000000000     3.949273381     0.000000000
     0.180000000     0.000000000     3.949704678     0.000000000
     0.190000000     0.000000000     3.950160813     0.000000000
     0.200000000     0.000000000     3.950641817     0.000000000
     0.210000000     0.000000000     3.951147727     0.000000000
     0.220000000     0.000000000     3.951678576     0.000000000
     0.230000000     0.000000000     3.952234404     0.000000000
     0.240000000     0.000000000     3.952815249     0.000000000
     0.250000000     0.000000000     3.953421154     0.000000000
     0.260000000     0.000000000     3.954052162     0.000000000
     0.270000000     0.000000000     3.954708318     0.000000000
     0.280000000     0.000000000     3.955389669     0.000000000
     0.290000000     0.000000000     3.956096266     0.000000000
     0.300000000     0.000000000     3.956828157     0.000000000
     0.310000000     0.000000000     3.957585398     0.000000000
     0.320000000     0.000000000     3.958368043     0.000000000
     0.330000000     0.000000000     3.959176150     0.000000000
     0.340000000     0.000000000     3.960009776     0.000000000
     0.350000000     0.000000000     3.960868985     0.000000000
     0.360000000     0.000000000     3.961753838     0.000000000
     0.370000000     0.000000000     3.962664402     0.000000000
     0.380000000     0.000000000     3.963600744     0.000000000
     0.390000000     0.000000000     3.964562934     0.000000000
     0.400000000     0.000000000     3.965551043     0.000000000
     0.410000000     0.000000000     3.966565146     0.000000000
     0.420000000     0.000000000     3.967605319     0.000000000
     0.430000000     0.000000000     3.968671641     0.000000000
     0.440000000     0.000000000     3.969764193     0.000000000
     0.450000000     0.000000000     3.970883058     0.000000000
     0.460000000     0.000000000     3.972028321     0.000000000
     0.470000000     0.000000000     3.973200072     0.000000000
     0.480000000     0.000000000     3.974398400     0.000000000
     0.490000000     0.000000000     3.975623398     0.000000000
     0.500000000     0.000000000     3.976875162     0.000000000
     0.510000000     0.000000000     3.978153790     0.000000000
     0.520000000     0.000000000     3.979459384     0.000000000
     0.530000000     0.000000000     3.980792046     0.000000000
     0.540000000     0.000000000     3.982151882     0.000000000
     0.550000000     0.000000000     3.983539002     0.000000000
     0.560000000     0.000000000     3.984953517     0.000000000
     0.570000000     0.000000000     3.986395541     0.000000000
     0.580000000     0.000000000     3.987865194     0.000000000
     0.590000000     0.000000000     3.989362594     0.000000000
     0.600000000     0.000000000     3.990887865     0.000000000
     0.610000000     0.000000000     3.992441135     0.000000000
     0.620000000     0.000000000     3.994022533     0.000000000
     0.630000000     0.000000000     3.995632191     0.000000000
     0.640000000     0.000000000     3.997270248     0.000000000
     0.650000000     0.000000000     3.998936841     0.000000000
     0.660000000     0.000000000     4.000632116     0.000000000
     0.670000000     0.000000000     4.002356218     0.000000000
     0.680000000     0.000000000     4.004109297     0.000000000
     0.690000000     0.000000000     4.005891509     0.000000000
     0.700000000     0.000000000     4.007703011     0.000000000
     0.710000000     0.000000000     4.009543965     0.000000000
     0.720000000     0.000000000     4.011414537     0.000000000
     0.730000000     0.000000000     4.013314896     0.000000000
     0.740000000     0.000000000     4.015245218     0.000000000
     0.750000000     0.000000000     4.017205681     0.000000000
     0.760000000     0.000000000     4.019196467     0.000000000
     0.770000000     0.000000000     4.021217765     0.000000000
     0.780000000     0.000000000     4.023269766     0.000000000
     0.790000000     0.000000000     4.025352669     0.000000000
     0.800000000     0.000000000     4.027466674     0.000000000
     0.810000000     0.000000000     4.029611989     0.000000000
     0.820000000     0.000000000     4.031788826     0.000000000
     0.830000000     0.000000000     4.033997405     0.000000000
     0.840000000     0.000000000     4.036237947     0.000000000
     0.850000000     0.000000000     4.038510683     0.000000000
     0.860000000     0.000000000     4.040815848     0.000000000
     0.870000000     0.000000000     4.043153684     0.000000000
     0.880000000     0.000000000     4.045524438     0.000000000
     0.890000000     0.000000000     4.047928364     0.000000000
     0.900000000     0.000000000     4.050365725     0.000000000
     0.910000000     0.000000000     4.052836788     0.000000000
     0.920000000     0.000000000     4.055341830     0.000000000
     0.930000000     0.000000000     4.057881133     0.000000000
     0.940000000     0.000000000     4.060454989     0.000000000
     0.950000000     0.000000000     4.063063697     0.000000000
     0.960000000     0.000000000     4.065707564     0.000000000
     0.970000000     0.000000000     4.068386908     0.000000000
     0.980000000     0.000000000     4.071102054     0.000000000
     0.990000000     0.000000000     4.073853338     0.000000000
     1.000000000     0.000000000     4.076641103     0.000000000
     1.010000000     0.000000000     4.079465706     0.000000000
     1.020000000     0.000000000     4.082327513     0.000000000
     1.030000000     0.000000000     4.085226901     0.000000000
     1.040000000     0.000000000     4.088164258     0.000000000
     1.050000000     0.000000000     4.091139987     0.000000000
     1.060000000     0.000000000     4.094154500     0.000000000
     1.070000000     0.000000000     4.097208225     0.000000000
     1.080000000     0.000000000     4.100301604     0.000000000
     1.090000000     0.000000000     4.103435090     0.000000000
     1.100000000     0.000000000     4.106609156     0.000000000
     1.110000000     0.000000000     4.109824289     0.000000000
     1.120000000     0.000000000     4.113080991     0.000000000
     1.130000000     0.000000000     4.116379784     0.000000000
     1.140000000     0.000000000     4.119721208     0.000000000
     1.150000000     0.000000000     4.123105822     0.000000000
     1.160000000     0.000000000     4.126534206     0.000000000
     1.170000000     0.000000000     4.130006962     0.000000000
     1.180000000     0.000000000     4.133524713     0.000000000
     1.190000000     0.000000000     4.137088108     0.000000000
     1.200000000     0.000000000     4.140697821     0.000000000
     1.210000000     0.000000000     4.144354553     0.000000000
     1.220000000     0.000000000     4.148059032     0.000000000
     1.230000000     0.000000000     4.151812019     0.000000000
     1.240000000     0.000000000     4.155614303     0.000000000
     1.250000000     0.000000000     4.159466711     0.000000000
     1.260000000     0.000000000     4.163370105     0.000000000
     1.270000000     0.000000000     4.167325383     0.000000000
     1.280000000     0.000000000     4.171333487     0.000000000
     1.290000000     0.000000000     4.175395402     0.000000000
     1.300000000     0.000000000     4.179512158     0.000000000
     1.310000000     0.000000000     4.183684837     0.000000000
     1.320000000     0.000000000     4.187914572     0.000000000
     1.330000000     0.000000000     4.192202556     0.000000000
     1.340000000     0.000000000     4.196550041     0.000000000
     1.350000000     0.000000000     4.200958347     0.000000000
     1.360000000     0.000000000     4.205428862     0.000000000
     1.370000000     0.000000000     4.209963054     0.000000000
     1.380000000     0.000000000     4.214562471     0.000000000
     1.390000000     0.000000000     4.219228751     0.000000000
     1.400000000     0.000000000     4.223963630     0.000000000
     1.410000000     0.000000000     4.228768945     0.000000000
     1.420000000     0.000000001     4.233646652     0.000000000
     1.430000000     0.000000003     4.238598825     0.000000001
     1.440000000     0.000000009     4.243627678     0.000000003
     1.450000000     0.000000023     4.248735568     0.000000008
     1.460000000     0.000000058     4.253925017     0.000000021
     1.470000000     0.000000140     4.259198719     0.000000051
     1.480000000     0.000000322     4.264559565     0.000000118
     1.490000000     0.000000711     4.270010656     0.000000264
     1.500000000     0.000001511     4.275555328     0.000000568
     1.510000000     0.000003083     4.281197173     0.000001177
     1.520000000     0.000006047     4.286940064     0.000002343
     1.530000000     0.000011393     4.292788187     0.000004488
     1.540000000     0.000020625     4.298746064     0.000008268
     1.550000000     0.000035875     4.304818587     0.000014648
     1.560000000     0.000059955     4.311011038     0.000024964
     1.570000000     0.000096271     4.317329112     0.000040922
     1.580000000     0.000148526     4.323778907     0.000064530
     1.590000000     0.000220165     4.330366887     0.000097887
     1.600000000     0.000313575     4.337099756     0.000142848
     1.610000000     0.000429126     4.343984209     0.000200550
     1.620000000     0.000564280     4.351026451     0.000270886
     1.630000000     0.000713019     4.358231393     0.000352034
     1.640000000     0.000865897     4.365601563     0.000440192
     1.650000000     0.001010937     4.373136324     0.000529646
     1.660000000     0.001135422     4.380833482     0.000613284
     1.670000000     0.001228492     4.388696953     0.000683515
     1.680000000     0.001284290     4.396750927     0.000733474
     1.690000000     0.001305430     4.405047564     0.000758283
     1.700000000     0.001306772     4.413651001     0.000756095
     1.710000000     0.001319763     4.422610303     0.000728684
     1.720000000     0.001398058     4.431951742     0.000681444
     1.730000000     0.001625279     4.441690653     0.000622806
     1.740000000     0.002125729     4.451843798     0.000563209
     1.750000000     0.003078209     4.462434251     0.000513832
     1.760000000     0.004731887     4.473490906     0.000485325
     1.770000000     0.007421421     4.485045354     0.000486729
     1.780000000     0.011576477     4.497126701     0.000524693
     1.790000000     0.017718991     4.509753118     0.000603070
     1.800000000     0.026440596     4.522917462     0.000722908
     1.810000000     0.038353570     4.536562983     0.000882839
     1.820000000     0.054012205     4.550544604     0.001079855
     1.830000000     0.073807941     4.564574538     0.001310412
     1.840000000     0.097850307     4.578163354     0.001571741
     1.850000000     0.125854809     4.590587200     0.001863197
     1.860000000     0.157065337     4.600912535     0.002187398
     1.870000000     0.190239198     4.608061890     0.002550953
     1.880000000     0.223715107     4.610832415     0.002964612
     1.890000000     0.255568491     4.607827689     0.003442754
     1.900000000     0.283837359     4.597780000     0.004002258
     1.910000000     0.306781564     4.580942615     0.004660852
     1.920000000     0.323125247     4.560279898     0.005435100
     1.930000000     0.332231667     4.539954041     0.006338235
     1.940000000     0.334172970     4.522436087     0.007378051
     1.950000000     0.329681393     4.508212357     0.008555082
     1.960000000     0.319996209     4.497646564     0.009861296
     1.970000000     0.306644149     4.491509161     0.011279496
     1.980000000     0.291203552     4.489938068     0.012783512
     1.990000000     0.275101007     4.491837986     0.014339229
     2.000000000     0.259475498     4.495320583     0.015906382
     2.010000000     0.245123965     4.498814473     0.017441041
     2.020000000     0.232520745     4.502024371     0.018898749
     2.030000000     0.221887595     4.505765618     0.020238244
     2.040000000     0.213284391     4.510903948     0.021425648
     2.050000000     0.206693260     4.517621491     0.022438821
     2.060000000     0.202077902     4.525453140     0.023271264
     2.070000000     0.199411096     4.533663445     0.023934686
     2.080000000     0.198673082     4.541686609     0.024459277
     2.090000000     0.199829543     4.549471984     0.024890928
     2.100000000     0.202800231     4.557352341     0.025285298
     2.110000000     0.207428799     4.565509545     0.025699456
     2.120000000     0.213462474     4.573640287     0.026182684
     2.130000000     0.220547574     4.581039129     0.026768490
     2.140000000     0.228243765     4.586903886     0.027469807
     2.150000000     0.236056515     4.590805720     0.028278606
     2.160000000     0.243483623     4.593091360     0.029170039
     2.170000000     0.250068843     4.594616002     0.030110042
     2.180000000     0.255454046     4.595960682     0.031064462
     2.190000000     0.259421768     4.597089794     0.032007547
     2.200000000     0.261922130     4.597734077     0.032927937
     2.210000000     0.263081376     4.598051039     0.033831133
     2.220000000     0.263192564     4.598924231     0.034738352
     2.230000000     0.262691017     4.601405564     0.035682478
     2.240000000     0.262117301     4.605716400     0.036702384
     2.250000000     0.262068852     4.610929357     0.037836958
     2.260000000     0.263139125     4.615811278     0.039120024
     2.270000000     0.265842484     4.620029367     0.040576885
     2.280000000     0.270525942     4.624429505     0.042222721
     2.290000000     0.277275900     4.630019001     0.044062585
     2.300000000     0.285837264     4.636767138     0.046092436
     2.310000000     0.295569593     4.643383712     0.048300474
     2.320000000     0.305465296     4.647892874     0.050668170
     2.330000000     0.314245263     4.648329914     0.053170613
     2.340000000     0.320528693     4.643516018     0.055776191
     2.350000000     0.323051382     4.633876166     0.058445931
     2.360000000     0.320888451     4.621644267     0.061133080
     2.370000000     0.313630713     4.609940704     0.063783501
     2.380000000     0.301472037     4.601304845     0.066337276
     2.390000000     0.285186197     4.597012797     0.068731524
     2.400000000     0.265999077     4.597444331     0.070904105
     2.410000000     0.245387065     4.602430788     0.072797592
     2.420000000     0.224847574     4.611251877     0.074362895
     2.430000000     0.205689618     4.622800492     0.075562130
     2.440000000     0.188882132     4.635905611     0.076370691
     2.450000000     0.174980070     4.649555200     0.076778768
     2.460000000     0.164129002     4.663021636     0.076792654
     2.470000000     0.156133290     4.675919472     0.076436013
     2.480000000     0.150563681     4.688165984     0.075750859
     2.490000000     0.146877902     4.699821433     0.074797628
     2.500000000     0.144531053     4.710927656     0.073653505
     2.510000000     0.143059123     4.721516351     0.072408341
     2.520000000     0.142126614     4.731739487     0.071158002
     2.530000000     0.141536769     4.741914548     0.069995664
     2.540000000     0.141209433     4.752382275     0.069002254
     2.550000000     0.141136616     4.763336978     0.068237614
     2.560000000     0.141329036     4.774750725     0.067733948
     2.570000000     0.141767533     4.786353285     0.067492714
     2.580000000     0.142370893     4.797703681     0.067485426
     2.590000000     0.142986585     4.808324387     0.067658048
     2.600000000     0.143404251     4.817817321     0.067938023
     2.610000000     0.143385522     4.826086845     0.068242624
     2.620000000     0.142699922     4.833611493     0.068487268
     2.630000000     0.141156496     4.841281108     0.068592749
     2.640000000     0.138624304     4.849761155     0.068490760
     2.650000000     0.135040230     4.859077753     0.068127543
     2.660000000     0.130407451     4.868825656     0.067465772
     2.670000000     0.124790093     4.878637439     0.066484936
     2.680000000     0.118308550     4.888425469     0.065180420
     2.690000000     0.111136428     4.898388630     0.063561464
     2.700000000     0.103496372     4.908950213     0.061648190
     2.710000000     0.095650130     4.920595881     0.059468014
     2.720000000     0.087879434     4.933650601     0.057051976
     2.730000000     0.080457954     4.948132559     0.054431655
     2.740000000     0.073619179     4.963744229     0.051637326
     2.750000000     0.067528152     4.980015725     0.048697745
     2.760000000     0.062265109     4.996500663     0.045641563
     2.770000000     0.057825934     5.012869201     0.042499828
     2.780000000     0.054139165     5.028920907     0.039308702
     2.790000000     0.051094099     5.044653314     0.036111329
     2.800000000     0.048571446     5.060310968     0.032958015
     2.810000000     0.046468027     5.076240644     0.029904305
     2.820000000     0.044710059     5.092666255     0.027007171
     2.830000000     0.043254209     5.109619320     0.024320069
     2.840000000     0.042079868     5.126990946     0.021887974
     2.850000000     0.041178320     5.144555718     0.019743511
     2.860000000     0.040544011     5.162007147     0.017904936
     2.870000000     0.040170458     5.179110524     0.016376222
     2.880000000     0.040050016     5.195903423     0.015148900
     2.890000000     0.040174454     5.212727338     0.014204939
     2.900000000     0.040533101     5.229983682     0.013519800
     2.910000000     0.041107219     5.247830028     0.013064982
     2.920000000     0.041862151     5.266101343     0.012809708
     2.930000000     0.042740947     5.284449527     0.012721798
     2.940000000     0.043663502     5.302528063     0.012768023
     2.950000000     0.044533302     5.320119598     0.012914363
     2.960000000     0.045250745     5.337232461     0.013126515
     2.970000000     0.045729081     5.354167365     0.013370799
     2.980000000     0.045907866     5.371402511     0.013615430
     2.990000000     0.045759967     5.389281966     0.013831962
     3.000000000     0.045291068     5.407842635     0.013996645
     3.010000000     0.044533907     5.426932258     0.014091451
     3.020000000     0.043541594     5.446364694     0.014104634
     3.030000000     0.042384414     5.465973369     0.014030738
     3.040000000     0.041152487     5.485686057     0.013870131
     3.050000000     0.039963546     5.505638818     0.013628197
     3.060000000     0.038972119     5.526140469     0.013314375
     3.070000000     0.038374728     5.547450936     0.012941273
     3.080000000     0.038405845     5.569604875     0.012523990
     3.090000000     0.039321299     5.592459591     0.012079701
     3.100000000     0.041368915     5.615872032     0.011627393
     3.110000000     0.044749919     5.639772239     0.011187542
     3.120000000     0.049577970     5.664088068     0.010781512
     3.130000000     0.055844830     5.688669293     0.010430532
     3.140000000     0.063401733     5.713237102     0.010154281
     3.150000000     0.071962889     5.737311528     0.009969297
     3.160000000     0.081132513     5.760235295     0.009887531
     3.170000000     0.090450605     5.781415933     0.009915384
     3.180000000     0.099447536     5.800715815     0.010053470
     3.190000000     0.107695455     5.818768840     0.010297211
     3.200000000     0.114846872     5.836878713     0.010638236
     3.210000000     0.120656450     5.856246864     0.011066420
     3.220000000     0.124988781     5.877059611     0.011572314
     3.230000000     0.127819266     5.898413960     0.012149614
     3.240000000     0.129235227     5.919153271     0.012797200
     3.250000000     0.129439980     5.938935219     0.013520284
     3.260000000     0.128756518     5.958757696     0.014330200
     3.270000000     0.127622997     5.980290273     0.015242631
     3.280000000     0.126572325     6.004529700     0.016274372
     3.290000000     0.126192859     6.031292557     0.017439145
     3.300000000     0.127074454     6.059818794     0.018743312
     3.310000000     0.129750004     6.089418811     0.020182490
     3.320000000     0.134644259     6.119551332     0.021739924
     3.330000000     0.142038209     6.149682173     0.023387154
     3.340000000     0.152050549     6.179307521     0.025086999
     3.350000000     0.164631348     6.208108024     0.026798366
     3.360000000     0.179560442     6.236116813     0.028482055
     3.370000000     0.196445834     6.263676017     0.030106574
     3.380000000     0.214724286     6.291012160     0.031653056
     3.390000000     0.233673560     6.317802911     0.033118588
     3.400000000     0.252449033     6.343192320     0.034517543
     3.410000000     0.270153721     6.366156333     0.035880779
     3.420000000     0.285940153     6.385979340     0.037252781
     3.430000000     0.299128702     6.402742992     0.038687002
     3.440000000     0.309315686     6.417701150     0.040239874
     3.450000000     0.316441264     6.433090807     0.041964131
     3.460000000     0.320794613     6.451085379     0.043902274
     3.470000000     0.322950317     6.472786064     0.046081069
     3.480000000     0.323650013     6.498110623     0.048507888
     3.490000000     0.323659715     6.526142885     0.051169435
     3.500000000     0.323640174     6.555539343     0.054033000
     3.510000000     0.324062676     6.585129726     0.057049981
     3.520000000     0.325187947     6.614375817     0.060161083
     3.530000000     0.327106691     6.643319447     0.063302485
     3.540000000     0.329822976     6.672342645     0.066412288
     3.550000000     0.333351368     6.701947190     0.069436678
     3.560000000     0.337797383     6.732551288     0.072335387
     3.570000000     0.343397946     6.764459522     0.075086015
     3.580000000     0.350511074     6.797905054     0.077686731
     3.590000000     0.359558330     6.832976830     0.080156785
     3.600000000     0.370936275     6.869533942     0.082534321
     3.610000000     0.384921370     6.907205209     0.084871322
     3.620000000     0.401595015     6.945353684     0.087226093
     3.630000000     0.420810764     6.982964189     0.089654456
     3.640000000     0.442215063     7.018825647     0.092201420
     3.650000000     0.465317934     7.052139512     0.094895300
     3.660000000     0.489594617     7.082890258     0.097745861
     3.670000000     0.514587601     7.111573303     0.100747100
     3.680000000     0.539975154     7.138843462     0.103883993
     3.690000000     0.565579713     7.165571291     0.107141393
     3.700000000     0.591306765     7.192891530     0.110512597
     3.710000000     0.617027587     7.221712773     0.114005200
     3.720000000     0.642440423     7.251929504     0.117642621
     3.730000000     0.666956559     7.282078131     0.121460919
     3.740000000     0.689655318     7.309869825     0.125501698
     3.750000000     0.709334798     7.333249379     0.129802798
     3.760000000     0.724658426     7.351442277     0.134388799
     3.770000000     0.734369940     7.365677532     0.139263212
     3.780000000     0.737530573     7.378907955     0.144403699
     3.790000000     0.733727633     7.394340346     0.149760989
     3.800000000     0.723213679     7.414082674     0.155261468
     3.810000000     0.706954478     7.438999497     0.160812853
     3.820000000     0.686584106     7.469348132     0.166311862
     3.830000000     0.664279667     7.505342366     0.171652557
     3.840000000     0.642573603     7.547165889     0.176733967
     3.850000000     0.624120410     7.594738952     0.181465875
     3.860000000     0.611432443     7.647833864     0.185772174
     3.870000000     0.606601561     7.706196007     0.189591936
     3.880000000     0.611031798     7.769203859     0.192878987
     3.890000000     0.625219685     7.835371224     0.195601182
     3.900000000     0.648626430     7.902088915     0.197740488
     3.910000000     0.679682043     7.965850684     0.199294465
     3.920000000     0.715941859     8.023096162     0.200278840
     3.930000000     0.754383480     8.071256289     0.200730135
     3.940000000     0.791796789     8.109499246     0.200706803
     3.950000000     0.825194445     8.139460691     0.200287522
     3.960000000     0.852165872     8.165670782     0.199565969
     3.970000000     0.871117168     8.194087522     0.198642458
     3.980000000     0.881375366     8.228892891     0.197613832
     3.990000000     0.883173570     8.270388521     0.196563583
     4.000000000     0.877558313     8.315896048     0.195554178
     4.010000000     0.866263226     8.362561293     0.194622993
     4.020000000     0.851575810     8.409945705     0.193782314
     4.030000000     0.836198205     8.461001039     0.193022934
     4.040000000     0.823083397     8.520439706     0.192320196
     4.050000000     0.815225627     8.591241699     0.191641124
     4.060000000     0.815399090     8.672506767     0.190951438
     4.070000000     0.825864026     8.760356986     0.190221725
     4.080000000     0.848081818     8.850154354     0.189432468
     4.090000000     0.882490600     8.938135025     0.188577981
     4.100000000     0.928387174     9.022084479     0.187669346
     4.110000000     0.983943434     9.101158540     0.186736349
     4.120000000     1.046363311     9.174997805     0.185828158
     4.130000000     1.112165543     9.242822870     0.185012351
     4.140000000     1.177561012     9.303326047     0.184371919
     4.150000000     1.238880473     9.355397017     0.184000123
     4.160000000     1.292998403     9.399236983     0.183993548
     4.170000000     1.337692805     9.437332139     0.184444184
     4.180000000     1.371882686     9.474322402     0.185431738
     4.190000000     1.395698724     9.515152856     0.187017427
     4.200000000     1.410369316     9.563069299     0.189240185
     4.210000000     1.417939931     9.619556673     0.192115567
     4.220000000     1.420879445     9.685159455     0.195636808
     4.230000000     1.421652341     9.759380956     0.199776845
     4.240000000     1.422341621     9.840242324     0.204489790
     4.250000000     1.424391456     9.924642896     0.209710617
     4.260000000     1.428505464    10.009802166     0.215352510
     4.270000000     1.434696403    10.094670888     0.221302329
     4.280000000     1.442448473    10.179920623     0.227415514
     4.290000000     1.450934642    10.267006968     0.233512259
     4.300000000     1.459232837    10.357491992     0.239376798
     4.310000000     1.466503842    10.452537336     0.244761130
     4.320000000     1.472121458    10.552486030     0.249393828
     4.330000000     1.475770557    10.657231825     0.252993828
     4.340000000     1.477540829    10.767027009     0.255288474
     4.350000000     1.478038320    10.882272133     0.256034659
     4.360000000     1.478515221    11.002614383     0.255041460
     4.370000000     1.480989336    11.127695988     0.252192213
     4.380000000     1.488300459    11.259181868     0.247463469
     4.390000000     1.504043040    11.400581227     0.240937905
     4.400000000     1.532329393    11.554736944     0.232808348
     4.410000000     1.577373257    11.722257384     0.223370702
     4.420000000     1.642929818    11.901599203     0.213005048
     4.430000000     1.731670669    12.089484064     0.202146081
     4.440000000     1.844597157    12.280871021     0.191246130
     4.450000000     1.980596547    12.468674423     0.180735602
     4.460000000     2.136225222    12.644930475     0.170986367
     4.470000000     2.305771472    12.803989626     0.162283202
     4.480000000     2.481618344    12.945121850     0.154806923
     4.490000000     2.654899185    13.072062976     0.148630839
     4.500000000     2.816411510    13.189717621     0.143729947
     4.510000000     2.957719583    13.299342416     0.140000492
     4.520000000     3.072327795    13.396622171     0.137286202
     4.530000000     3.156752631    13.478083261     0.135406859
     4.540000000     3.211282520    13.551886245     0.134184785
     4.550000000     3.240220221    13.640319730     0.133465356
     4.560000000     3.251471771    13.767678340     0.133128747
     4.570000000     3.255477221    13.945056696     0.133091828
     4.580000000     3.263642507    14.167665150     0.133301191
     4.590000000     3.286580649    14.423391964     0.133720307
     4.600000000     3.332554183    14.700220450     0.134315208
     4.610000000     3.406496174    14.987831856     0.135043279
     4.620000000     3.509869632    15.277935995     0.135848645
     4.630000000     3.641429618    15.564970257     0.136665381
     4.640000000     3.798726201    15.844586375     0.137427238
     4.650000000     3.979987157    16.112572108     0.138080493
     4.660000000     4.185901508    16.370029821     0.138595711
     4.670000000     4.420827270    16.630630737     0.138974875
     4.680000000     4.693079490    16.917062025     0.139252065
     4.690000000     5.014191803    17.245772781     0.139488099
     4.700000000     5.397323660    17.616676651     0.139761286
     4.710000000     5.855220584    18.016281919     0.140157245
     4.720000000     6.398244397    18.424643836     0.140760336
     4.730000000     7.032928659    18.817783010     0.141648053
     4.740000000     7.761296507    19.168738675     0.142888249
     4.750000000     8.580882312    19.453707740     0.144537939
     4.760000000     9.485142573    19.663479155     0.146642112
     4.770000000    10.463835367    19.811541197     0.149231463
     4.780000000    11.503046052    19.924071788     0.152318981
     4.790000000    12.584809378    20.014225838     0.155896328
     4.800000000    13.686616578    20.067428890     0.159931534
     4.810000000    14.781355464    20.048251346     0.164369352
     4.820000000    15.838289797    19.919347996     0.169134825
     4.830000000    16.825491480    19.665376824     0.174139566
     4.840000000    17.713738372    19.303228409     0.179289425
     4.850000000    18.481399963    18.865330551     0.184491917
     4.860000000    19.119403188    18.382084326     0.189662203
     4.870000000    19.635134387    17.888209046     0.194727145
     4.880000000    20.054170355    17.431475231     0.199627785
     4.890000000    20.419052391    17.060656274     0.204320951
     4.900000000    20.784867684    16.809854180     0.208780571
     4.910000000    21.212076626    16.693924381     0.212998723
     4.920000000    21.757683935    16.703018264     0.216985842
     4.930000000    22.466345175    16.795353796     0.220769180
     4.940000000    23.363191287    16.902292056     0.224388853
     4.950000000    24.449951564    16.946550834     0.227891453
     4.960000000    25.705349290    16.860253145     0.231322078
     4.970000000    27.089827771    16.588624465     0.234716337
     4.980000000    28.553635172    16.087937062     0.238094105
     4.990000000    30.046419446    15.341643678     0.241456535
     5.000000000    31.526021632    14.390425586     0.244787090
     5.010000000    32.964279193    13.334745924     0.248056467
     5.020000000    34.348373198    12.284264858     0.251230397
     5.030000000    35.677405155    11.291967527     0.254278689
     5.040000000    36.955162933    10.333018066     0.257183590
     5.050000000    38.181078266     9.338661896     0.259945649
     5.060000000    39.341903739     8.242911188     0.262585722
     5.070000000    40.406507166     7.002161804     0.265142561
     5.080000000    41.325435729     5.591412196     0.267666328
     5.090000000    42.035734030     3.996358200     0.270209246
     5.100000000    42.470195518     2.207072289     0.272815187
     5.110000000    42.569097113     0.228082185     0.275510090
     5.120000000    42.291785687    -1.889565225     0.278294832
     5.130000000    41.625431151    -4.027469839     0.281141539
     5.140000000    40.588871853    -6.027179453     0.283993682
     5.150000000    39.230622980    -7.754119437     0.286769738
     5.160000000    37.621512373    -9.147245849     0.289369876
     5.170000000    35.843678159   -10.225947228     0.291684888
     5.180000000    33.978459242   -11.060669634     0.293606425
     5.190000000    32.095822292   -11.729879836     0.295037420
     5.200000000    30.247397874   -12.293753670     0.295901413
     5.210000000    28.464150529   -12.792764105     0.296149562
     5.220000000    26.758515064   -13.249567057     0.295764422
     5.230000000    25.129830918   -13.667668696     0.294760138
     5.240000000    23.571331255   -14.035475191     0.293179356
     5.250000000    22.076867761   -14.333714749     0.291087665
     5.260000000    20.645901124   -14.542920131     0.288566620
     5.270000000    19.285894442   -14.648958699     0.285706301
     5.280000000    18.011925183   -14.644921125     0.282598139
     5.290000000    16.843928154   -14.531293551     0.279328525
     5.300000000    15.802403952   -14.317304492     0.275973594
     5.310000000    14.903638029   -14.023260967     0.272595621
     5.320000000    14.155478822   -13.680970880     0.269241417
     5.330000000    13.554547742   -13.331037549     0.265942954
     5.340000000    13.085441792   -13.016882955     0.262720043
     5.350000000    12.722095578   -12.772422205     0.259584458
     5.360000000    12.431057403   -12.610232238     0.256544479
     5.370000000    12.176073379   -12.524974578     0.253608755
     5.380000000    11.923129202   -12.506222395     0.250788563
     5.390000000    11.645020132   -12.541330663     0.248098082
     5.400000000    11.324625285   -12.606944787     0.245552894
     5.410000000    10.956334398   -12.665277698     0.243167450
     5.420000000    10.545457081   -12.675860753     0.240952566
     5.430000000    10.105850520   -12.615010198     0.238913944
     5.440000000     9.656337870   -12.486231145     0.237052403
     5.450000000     9.216680118   -12.312986314     0.235365900
     5.460000000     8.803874739   -12.121757954     0.233852794
     5.470000000     8.429401754   -11.930383098     0.232515260
     5.480000000     8.097780934   -11.747608882     0.231361544
     5.490000000     7.806519383   -11.577215776     0.230405975
     5.500000000     7.547282020   -11.421463895     0.229666231
     5.510000000     7.307944849   -11.285294682     0.229158314
     5.520000000     7.075097979   -11.178048159     0.228890563
     5.530000000     6.836541430   -11.106056373     0.228858616
     5.540000000     6.583350939   -11.060582394     0.229043325
     5.550000000     6.311180415   -11.017177499     0.229412966
     5.560000000     6.020612103   -10.950968545     0.229930024
     5.570000000     5.716553646   -10.849711653     0.230561456
     5.580000000     5.406881107   -10.712349468     0.231290180
     5.590000000     5.100688695   -10.542670747     0.232124880
     5.600000000     4.806578428   -10.348949746     0.233105280
     5.610000000     4.531376999   -10.146084573     0.234300859
     5.620000000     4.279512198    -9.950902638     0.235802294
     5.630000000     4.053066065    -9.771926820     0.237706429
     5.640000000     3.852318476    -9.605300468     0.240096881
     5.650000000     3.676470790    -9.441299494     0.243023229
     5.660000000     3.524232558    -9.272130313     0.246481963
     5.670000000     3.394059710    -9.094660098     0.250402074
     5.680000000     3.284005004    -8.910267889     0.254637453
     5.690000000     3.191314612    -8.724101486     0.258967470
     5.700000000     3.112016436    -8.544522251     0.263106268
     5.710000000     3.040759565    -8.381460065     0.266720521
     5.720000000     2.971080322    -8.242262138     0.269454702
     5.730000000     2.896121847    -8.128001172     0.270962020
     5.740000000     2.809674105    -8.034233697     0.270938288
     5.750000000     2.707282817    -7.953797468     0.269155071
     5.760000000     2.587136094    -7.877096521     0.265487820
     5.770000000     2.450486371    -7.792053040     0.259934690
     5.780000000     2.301484769    -7.687376054     0.252622519
     5.790000000     2.146457056    -7.557152152     0.243798224
     5.800000000     1.992789373    -7.402943082     0.233806196
     5.810000000     1.847679566    -7.232125656     0.223054826
     5.820000000     1.717025768    -7.053791985     0.211977341
     5.830000000     1.604669908    -6.875143098     0.200993111
     5.840000000     1.512111247    -6.700665457     0.190475242
     5.850000000     1.438685752    -6.533080130     0.180728681
     5.860000000     1.382103333    -6.374051353     0.171980619
     5.870000000     1.339170278    -6.224521035     0.164382456
     5.880000000     1.306509201    -6.084428310     0.158020538
     5.890000000     1.281120811    -5.951510655     0.152931803
     5.900000000     1.260697068    -5.821082624     0.149120454
     5.910000000     1.243673951    -5.688659939     0.146572589
     5.920000000     1.229082261    -5.553273452     0.145266938
     5.930000000     1.216298533    -5.417797834     0.145181029
     5.940000000     1.204805348    -5.286555832     0.146293026
     5.950000000     1.194042719    -5.162829651     0.148579968
     5.960000000     1.183382463    -5.047468138     0.152013372
     5.970000000     1.172205163    -4.938536706     0.156553283
     5.980000000     1.160023500    -4.831994564     0.162141907
     5.990000000     1.146587852    -4.723720104     0.168698012
     6.000000000     1.131929565    -4.611866352     0.176113219
     6.010000000     1.116333078    -4.497334860     0.184251036
     6.020000000     1.100263514    -4.382116505     0.192949111
     6.030000000     1.084297030    -4.267483635     0.202024649
     6.040000000     1.069099934    -4.153438626     0.211282514
     6.050000000     1.055481357    -4.039372819     0.220525253
     6.060000000     1.044512068    -3.924855402     0.229564095
     6.070000000     1.037670275    -3.809418742     0.238229930
     6.080000000     1.036954299    -3.691952429     0.246383204
     6.090000000     1.044898426    -3.571042450     0.253921545
     6.100000000     1.064444202    -3.445821307     0.260783958
     6.110000000     1.098653222    -3.316167947     0.266950536
     6.120000000     1.150292820    -3.182508733     0.272437180
     6.130000000     1.221372763    -3.046052803     0.277285636
     6.140000000     1.312745022    -2.909420745     0.281550216
     6.150000000     1.423885470    -2.777141974     0.285283527
     6.160000000     1.552945597    -2.655568362     0.288524055
     6.170000000     1.697094751    -2.551608779     0.291288269
     6.180000000     1.853083921    -2.470432994     0.293568964
     6.190000000     2.017879241    -2.413015144     0.295340084
     6.200000000     2.189170642    -2.374278657     0.296566626
     6.210000000     2.365584082    -2.344106562     0.297217061
     6.220000000     2.546518645    -2.312794124     0.297275228
     6.230000000     2.731668609    -2.276885517     0.296749082
     6.240000000     2.920427036    -2.240452836     0.295674794
     6.250000000     3.111444989    -2.212284019     0.294115980
     6.260000000     3.302596206    -2.202647490     0.292158973
     6.270000000     3.491462169    -2.221458952     0.289905676
     6.280000000     3.676241913    -2.275512986     0.287465568
     6.290000000     3.856775494    -2.363098449     0.284948120
     6.300000000     4.035234936    -2.470223675     0.282456376
     6.310000000     4.216049265    -2.575370131     0.280082122
     6.320000000     4.404813321    -2.661645875     0.277902828
     6.330000000     4.606245946    -2.725159169     0.275980545
     6.340000000     4.821620258    -2.774424151     0.274362841
     6.350000000     5.046367512    -2.826959143     0.273085657
     6.360000000     5.268647756    -2.906748757     0.272177540
     6.370000000     5.469526968    -3.040713273     0.271664238
     6.380000000     5.625020498    -3.252982834     0.271572294
     6.390000000     5.709754760    -3.556410174     0.271930265
     6.400000000     5.701514918    -3.942154916     0.272766653
     6.410000000     5.585642608    -4.372153326     0.274104453
     6.420000000     5.358230950    -4.785699185     0.275953191
     6.430000000     5.027349477    -5.124454172     0.278300205
     6.440000000     4.612033695    -5.356729094     0.281103343
     6.450000000     4.139335640    -5.481180515     0.284287202
     6.460000000     3.640180922    -5.514884362     0.287744454
     6.470000000     3.144988807    -5.480984450     0.291342870
     6.480000000     2.679947110    -5.401383286     0.294937518
     6.490000000     2.264547825    -5.293131958     0.298386502
     6.500000000     1.910599226    -5.168028034     0.301567712
     6.510000000     1.622564839    -5.034230661     0.304393475
     6.520000000     1.398835164    -4.897901038     0.306820025
     6.530000000     1.233452161    -4.764126977     0.308849399
     6.540000000     1.117860350    -4.636874866     0.310522790
     6.550000000     1.042397368    -4.518409911     0.311906419
     6.560000000     0.997397463    -4.409358434     0.313073045
     6.570000000     0.973913562    -4.309622510     0.314083817
     6.580000000     0.964140864    -4.219379075     0.314975448
     6.590000000     0.961644653    -4.139419979     0.315756481
     6.600000000     0.961472080    -4.070433335     0.316413753
     6.610000000     0.960185073    -4.011888969     0.316926915
     6.620000000     0.955812650    -3.961300247     0.317286168
     6.630000000     0.947702454    -3.913923173     0.317507180
     6.640000000     0.936259067    -3.863983793     0.317638105
     6.650000000     0.922584637    -3.807941910     0.317756239
     6.660000000     0.908071038    -3.746757416     0.317955298
     6.670000000     0.894015343    -3.684828487     0.318327187
     6.680000000     0.881330379    -3.627090895     0.318943477
     6.690000000     0.870398228    -3.576345473     0.319841310
     6.700000000     0.861075948    -3.532072224     0.321016483
     6.710000000     0.852824169    -3.491552636     0.322424035
     6.720000000     0.844903979    -3.452258546     0.323984628
     6.730000000     0.836581650    -3.413298317     0.325594140
     6.740000000     0.827291833    -3.375308365     0.327134089
     6.750000000     0.816729894    -3.339461393     0.328481381
     6.760000000     0.804864613    -3.306206262     0.329516909
     6.770000000     0.791878809    -3.274584807     0.330133018
     6.780000000     0.778057117    -3.242710169     0.330239881
     6.790000000     0.763648801    -3.208969872     0.329770370
     6.800000000     0.748739591    -3.173120411     0.328682657
     6.810000000     0.733167791    -3.136546258     0.326959732
     6.820000000     0.716512889    -3.101599466     0.324605592
     6.830000000     0.698167667    -3.070568731     0.321638760
     6.840000000     0.677480441    -3.044496461     0.318084754
     6.850000000     0.653930233    -3.022170752     0.313969583
     6.860000000     0.627283982    -3.000312258     0.309316168
     6.870000000     0.597688274    -2.975336685     0.304144617
     6.880000000     0.565668580    -2.945238568     0.298476004
     6.890000000     0.532039425    -2.909975404     0.292338124
     6.900000000     0.497757601    -2.870707072     0.285771166
     6.910000000     0.463766289    -2.829092006     0.278831490
     6.920000000     0.430875472    -2.786863640     0.271592642
     6.930000000     0.399705467    -2.745272162     0.264143894
     6.940000000     0.370694570    -2.704422663     0.256587449
     6.950000000     0.344149514    -2.663145484     0.249035612
     6.960000000     0.320306949    -2.619868898     0.241608716
     6.970000000     0.299377745    -2.573876205     0.234433582
     6.980000000     0.281559958    -2.525731341     0.227641512
     6.990000000     0.267023077    -2.476642228     0.221364479
     7.000000000     0.255878309    -2.427652683     0.215728727
     7.010000000     0.248152772    -2.379377609     0.210846076
     7.020000000     0.243779813    -2.332143436     0.206804415
     7.030000000     0.242607213    -2.286106976     0.203659598
     7.040000000     0.244415354    -2.241236517     0.201430815
     7.050000000     0.248932837    -2.197273043     0.200100466
     7.060000000     0.255839328    -2.153889350     0.199618105
     7.070000000     0.264753178    -2.111031879     0.199906648
     7.080000000     0.275210875    -2.069039067     0.200868468
     7.090000000     0.286652485    -2.028401367     0.202389420
     7.100000000     0.298428734    -1.989562812     0.204340083
     7.110000000     0.309840199    -1.952960280     0.206575120
     7.120000000     0.320208917    -1.918930726     0.208932837
     7.130000000     0.328971030    -1.887318273     0.211237412
     7.140000000     0.335770189    -1.857217247     0.213305545
     7.150000000     0.340528808    -1.827211951     0.214957818
     7.160000000     0.343479090    -1.795887949     0.216033351
     7.170000000     0.345146802    -1.762213464     0.216405029
     7.180000000     0.346294311    -1.725758977     0.215992106
     7.190000000     0.347840919    -1.686787766     0.214767543
     7.200000000     0.350784435    -1.646045852     0.212758708
     7.210000000     0.356146347    -1.604282489     0.210041638
     7.220000000     0.364955155    -1.561845034     0.206730418
     7.230000000     0.378271015    -1.518712017     0.202963913
     7.240000000     0.397243368    -1.474878367     0.198892059
     7.250000000     0.423184270    -1.430487286     0.194663307
     7.260000000     0.457634565    -1.385609938     0.190413973
     7.270000000     0.502397381    -1.340312134     0.186259612
     7.280000000     0.559512773    -1.295108053     0.182288256
     7.290000000     0.631148634    -1.251039341     0.178555549
     7.300000000     0.719387928    -1.209258308     0.175082203
     7.310000000     0.825903633    -1.171025028     0.171854500
     7.320000000     0.951533061    -1.138106554     0.168828547
     7.330000000     1.095792256    -1.112612834     0.165938486
     7.340000000     1.256404251    -1.096889629     0.163108060
     7.350000000     1.428943121    -1.094561690     0.160264014
     7.360000000     1.606707199    -1.111349749     0.157349166
     7.370000000     1.780919524    -1.153827036     0.154332818
     7.380000000     1.941307388    -1.226834471     0.151216603
     7.390000000     2.077040721    -1.331429489     0.148034763
     7.400000000     2.177925610    -1.464102708     0.144849011
     7.410000000     2.235675572    -1.617531532     0.141739164
     7.420000000     2.245041171    -1.782499930     0.138791485
     7.430000000     2.204583963    -1.948710369     0.136086940
     7.440000000     2.116937303    -2.103362717     0.133691381
     7.450000000     1.988493554    -2.232255442     0.131649111
     7.460000000     1.828571329    -2.326014109     0.129980643
     7.470000000     1.648218427    -2.384024469     0.128684692
     7.480000000     1.458869696    -2.411916210     0.127743804
     7.490000000     1.271089714    -2.416948853     0.127132435
     7.500000000     1.093589402    -2.405059168     0.126825878
     7.510000000     0.932629538    -2.380432529     0.126808135
     7.520000000     0.791836899    -2.346588509     0.127076937
     7.530000000     0.672383312    -2.307074863     0.127644476
     7.540000000     0.573429116    -2.265191799     0.128533263
     7.550000000     0.492713817    -2.223616467     0.129767564
     7.560000000     0.427182727    -2.184304202     0.131361936
     7.570000000     0.373559510    -2.148274850     0.133309179
     7.580000000     0.328802036    -2.115205750     0.135570309
     7.590000000     0.290407349    -2.083378471     0.138068874
     7.600000000     0.256558119    -2.050587316     0.140691113
     7.610000000     0.226126407    -2.015512866     0.143292382
     7.620000000     0.198568770    -1.978268584     0.145709056
     7.630000000     0.173757398    -1.939872475     0.147774105
     7.640000000     0.151793180    -1.901432285     0.149333875
     7.650000000     0.132838673    -1.863642276     0.150263437
     7.660000000     0.116994843    -1.826713516     0.150478238
     7.670000000     0.104229715    -1.790598921     0.149940648
     7.680000000     0.094354347    -1.755272543     0.148661089
     7.690000000     0.087034476    -1.720867260     0.146694485
     7.700000000     0.081824779    -1.687638494     0.144133427
     7.710000000     0.078215012    -1.655867302     0.141099521
     7.720000000     0.075680455    -1.625794032     0.137734025
     7.730000000     0.073731204    -1.597547310     0.134188226
     7.740000000     0.071955400    -1.571015252     0.130613588
     7.750000000     0.070051305    -1.545752724     0.127151610
     7.760000000     0.067843674    -1.521097088     0.123923713
     7.770000000     0.065281867    -1.496478833     0.121022016
     7.780000000     0.062420521    -1.471672138     0.118502261
     7.790000000     0.059387280    -1.446789768     0.116380081
     7.800000000     0.056344601    -1.422089658     0.114631382
     7.810000000     0.053453272    -1.397779659     0.113196862
     7.820000000     0.050843753    -1.373917020     0.111990035
     7.830000000     0.048598703    -1.350418958     0.110907722
     7.840000000     0.046747085    -1.327187401     0.109841838
     7.850000000     0.045267990    -1.304238231     0.108691333
     7.860000000     0.044101229    -1.281695368     0.107373148
     7.870000000     0.043161532    -1.259683909     0.105830975
     7.880000000     0.042353628    -1.238245850     0.104040550
     7.890000000     0.041586024    -1.217315419     0.102010371
     7.900000000     0.040781846    -1.196740744     0.099777278
     7.910000000     0.039885722    -1.176351597     0.097397248
     7.920000000     0.038866308    -1.156041836     0.094932895
     7.930000000     0.037714775    -1.135810004     0.092440096
     7.940000000     0.036440249    -1.115708288     0.089956604
     7.950000000     0.035063588    -1.095741742     0.087495208
     7.960000000     0.033610999    -1.075845672     0.085042971
     7.970000000     0.032108791    -1.055952438     0.082566604
     7.980000000     0.030580080    -1.036033866     0.080022502
     7.990000000     0.029043749    -1.016095632     0.077368867
     8.000000000     0.027515375    -0.996171518     0.074576933
     8.010000000     0.026009393    -0.976301278     0.071638717
     8.020000000     0.024541442    -0.956477740     0.068569793
     8.030000000     0.023129861    -0.936618895     0.065406916
     8.040000000     0.021795553    -0.916616359     0.062201578
     8.050000000     0.020560032    -0.896410284     0.059011400
     8.060000000     0.019442114    -0.876011142     0.055891493
     8.070000000     0.018454263    -0.855472535     0.052887592
     8.080000000     0.017599774    -0.834858555     0.050032074
     8.090000000     0.016871737    -0.814217906     0.047343134
     8.100000000     0.016254144    -0.793557917     0.044826586
     8.110000000     0.015724815    -0.772834246     0.042479270
     8.120000000     0.015259320    -0.751975335     0.040292826
     8.130000000     0.014834843    -0.730918285     0.038256795
     8.140000000     0.014433134    -0.709628306     0.036360391
     8.150000000     0.014042023    -0.688099462     0.034592877
     8.160000000     0.013655449    -0.666331111     0.032942947
     8.170000000     0.013272279    -0.644294580     0.031397808
     8.180000000     0.012894434    -0.621928397     0.029942655
     8.190000000     0.012524906    -0.599165384     0.028560971
     8.200000000     0.012166248    -0.575957485     0.027235713
     8.210000000     0.011819988    -0.552283085     0.025951040
     8.220000000     0.011487190    -0.528139651     0.024694061
     8.230000000     0.011170009    -0.503519708     0.023456062
     8.240000000     0.010873725    -0.478380943     0.022232835
     8.250000000     0.010608360    -0.452636386     0.021024052
     8.260000000     0.010388942    -0.426172366     0.019831872
     8.270000000     0.010233663    -0.398876652     0.018659183
     8.280000000     0.010159823    -0.370658619     0.017507942
     8.290000000     0.010178152    -0.341455837     0.016378033
     8.300000000     0.010286876    -0.311226876     0.015266913
     8.310000000     0.010467274    -0.279932934     0.014170100
     8.320000000     0.010682375    -0.247519478     0.013082398
     8.330000000     0.010879811    -0.213905940     0.011999558
     8.340000000     0.010998889    -0.178985032     0.010919965
     8.350000000     0.010980806    -0.142619841     0.009845974
     8.360000000     0.010780344    -0.104613602     0.008784501
     8.370000000     0.010377413    -0.064672894     0.007746728
     8.380000000     0.009788147    -0.022422146     0.006746881
     8.390000000     0.009077943     0.022526992     0.005800354
     8.400000000     0.008383132     0.070510811     0.004921547
     8.410000000     0.007953809     0.121811098     0.004121920
     8.420000000     0.008237385     0.176711033     0.003408654
     8.430000000     0.010029341     0.235555102     0.002784185
     8.440000000     0.014721676     0.298772719     0.002246598
     8.450000000     0.024675347     0.366864947     0.001790679
     8.460000000     0.043723066     0.440380991     0.001409256
     8.470000000     0.077765121     0.519900950     0.001094486
     8.480000000     0.135349367     0.606011854     0.000838803
     8.490000000     0.228034064     0.699252689     0.000635437
     8.500000000     0.370243269     0.800001467     0.000478525
     8.510000000     0.578283190     0.908262319     0.000362951
     8.520000000     0.868249741     1.023276054     0.000284044
     8.530000000     1.252767049     1.142817500     0.000237260
     8.540000000     1.736856483     1.261946349     0.000217903
     8.550000000     2.313678007     1.370845636     0.000220916
     8.560000000     2.961267403     1.451285999     0.000240777
     8.570000000     3.641529870     1.471529741     0.000271511
     8.580000000     4.302489661     1.381167024     0.000306888
     8.590000000     4.884101572     1.112452036     0.000340781
     8.600000000     5.326943203     0.603049346     0.000367681
     8.610000000     5.582128206    -0.148236231     0.000383266
     8.620000000     5.620174927    -1.027671166     0.000384886
     8.630000000     5.436609133    -1.841340969     0.000371849
     8.640000000     5.052829250    -2.438125092     0.000345388
     8.650000000     4.512002814    -2.783598504     0.000308327
     8.660000000     3.871081591    -2.926951718     0.000264491
     8.670000000     3.190975799    -2.938263691     0.000218008
     8.680000000     2.527219228    -2.874667070     0.000172654
     8.690000000     1.923049862    -2.773777197     0.000131376
     8.700000000     1.405938727    -2.657776853     0.000096048
     8.710000000     0.987575855    -2.538863692     0.000067467
     8.720000000     0.666503990    -2.423333997     0.000045533
     8.730000000     0.432178606    -2.314159139     0.000029524
     8.740000000     0.269247696    -2.212496037     0.000018394
     8.750000000     0.161164338    -2.118542409     0.000011010
     8.760000000     0.092685996    -2.032012159     0.000006332
     8.770000000     0.051213861    -1.952396059     0.000003499
     8.780000000     0.027188743    -1.879102427     0.000001857
     8.790000000     0.013868164    -1.811531044     0.000000947
     8.800000000     0.006796370    -1.749110120     0.000000464
     8.810000000     0.003200098    -1.691312948     0.000000219
     8.820000000     0.001447697    -1.637663570     0.000000099
     8.830000000     0.000629246    -1.587736681     0.000000043
     8.840000000     0.000262779    -1.541154669     0.000000018
     8.850000000     0.000105436    -1.497583412     0.000000007
     8.860000000     0.000040646    -1.456727707     0.000000003
     8.870000000     0.000015055    -1.418326781     0.000000001
     8.880000000     0.000005357    -1.382150120     0.000000000
     8.890000000     0.000001832    -1.347993695     0.000000000
     8.900000000     0.000000602    -1.315676614     0.000000000
     8.910000000     0.000000190    -1.285038192     0.000000000
     8.920000000     0.000000058    -1.255935386     0.000000000
     8.930000000     0.000000017    -1.228240583     0.000000000
     8.940000000     0.000000005    -1.201839670     0.000000000
     8.950000000     0.000000001    -1.176630379     0.000000000
     8.960000000     0.000000000    -1.152520842     0.000000000
     8.970000000     0.000000000    -1.129428353     0.000000000
     8.980000000     0.000000000    -1.107278282     0.000000000
     8.990000000     0.000000000    -1.086003144     0.000000000
     9.000000000     0.000000000    -1.065541783     0.000000000
     9.010000000     0.000000000    -1.045838664     0.000000000
     9.020000000     0.000000000    -1.026843251     0.000000000
     9.030000000     0.000000000    -1.008509472     0.000000000
     9.040000000     0.000000000    -0.990795240     0.000000000
     9.050000000     0.000000000    -0.973662039     0.000000000
     9.060000000     0.000000000    -0.957074557     0.000000000
     9.070000000     0.000000000    -0.941000365     0.000000000
     9.080000000     0.000000000    -0.925409627     0.000000000
     9.090000000     0.000000000    -0.910274852     0.000000000
     9.100000000     0.000000000    -0.895570668     0.000000000
     9.110000000     0.000000000    -0.881273624     0.000000000
     9.120000000     0.000000000    -0.867362008     0.000000000
     9.130000000     0.000000000    -0.853815694     0.000000000
     9.140000000     0.000000000    -0.840615997     0.000000000
     9.150000000     0.000000000    -0.827745549     0.000000000
     9.160000000     0.000000000    -0.815188180     0.000000000
     9.170000000     0.000000000    -0.802928822     0.000000000
     9.180000000     0.000000000    -0.790953411     0.000000000
     9.190000000     0.000000000    -0.779248809     0.000000000
     9.200000000     0.000000000    -0.767802725     0.000000000
     9.210000000     0.000000000    -0.756603648     0.000000000
     9.220000000     0.000000000    -0.745640786     0.000000000
     9.230000000     0.000000000    -0.734904011     0.000000000
     9.240000000     0.000000000    -0.724383807     0.000000000
     9.250000000     0.000000000    -0.714071222     0.000000000
     9.260000000     0.000000000    -0.703957829     0.000000000
     9.270000000     0.000000000    -0.694035686     0.000000000
     9.280000000     0.000000000    -0.684297301     0.000000000
     9.290000000     0.000000000    -0.674735599     0.000000000
     9.300000000     0.000000000    -0.665343893     0.000000000
     9.310000000     0.000000000    -0.656115859     0.000000000
     9.320000000     0.000000000    -0.647045506     0.000000000
     9.330000000     0.000000000    -0.638127157     0.000000000
     9.340000000     0.000000000    -0.629355427     0.000000000
     9.350000000     0.000000000    -0.620725204     0.000000000
     9.360000000     0.000000000    -0.612231629     0.000000000
     9.370000000     0.000000000    -0.603870079     0.000000000
     9.380000000     0.000000000    -0.595636155     0.000000000
     9.390000000     0.000000000    -0.587525662     0.000000000
     9.400000000     0.000000000    -0.579534602     0.000000000
     9.410000000     0.000000000    -0.571659154     0.000000000
     9.420000000     0.000000000    -0.563895667     0.000000000
     9.430000000     0.000000000    -0.556240648     0.000000000
     9.440000000     0.000000000    -0.548690750     0.000000000
     9.450000000     0.000000001    -0.541242761     0.000000000
     9.460000000     0.000000003    -0.533893598     0.000000000
     9.470000000     0.000000007    -0.526640293     0.000000001
     9.480000000     0.000000020    -0.519479987     0.000000002
     9.490000000     0.000000052    -0.512409920     0.000000005
     9.500000000     0.000000132    -0.505427421     0.000000013
     9.510000000     0.000000320    -0.498529902     0.000000032
     9.520000000     0.000000747    -0.491714847     0.000000076
     9.530000000     0.000001673    -0.484979807     0.000000169
     9.540000000     0.000003599    -0.478322385     0.000000365
     9.550000000     0.000007441    -0.471740241     0.000000754
     9.560000000     0.000014779    -0.465231073     0.000001498
     9.570000000     0.000028204    -0.458792627     0.000002858
     9.580000000     0.000051714    -0.452422695     0.000005240
     9.590000000     0.000091103    -0.446119132     0.000009232
     9.600000000     0.000154201    -0.439879894     0.000015626
     9.610000000     0.000250765    -0.433703112     0.000025411
     9.620000000     0.000391811    -0.427587232     0.000039704
     9.630000000     0.000588184    -0.421531275     0.000059603
     9.640000000     0.000848357    -0.415535316     0.000085967
     9.650000000     0.001175634    -0.409601323     0.000119132
     9.660000000     0.001565287    -0.403734627     0.000158617
     9.670000000     0.002002367    -0.397946314     0.000202908
     9.680000000     0.002461058    -0.392256674     0.000249389
     9.690000000     0.002906218    -0.386698657     0.000294498
     9.700000000     0.003297332    -0.381316861     0.000334131
     9.710000000     0.003594393    -0.376151921     0.000364234
     9.720000000     0.003764580    -0.371202688     0.000381479
     9.730000000     0.003788225    -0.366390367     0.000383875
     9.740000000     0.003662547    -0.361582995     0.000371140
     9.750000000     0.003402192    -0.356678590     0.000344757
     9.760000000     0.003036426    -0.351653993     0.000307693
     9.770000000     0.002603723    -0.346541873     0.000263845
     9.780000000     0.002145137    -0.341388548     0.000217375
     9.790000000     0.001698023    -0.336231482     0.000172067
     9.800000000     0.001291399    -0.331095019     0.000130862
     9.810000000     0.000943638    -0.325993173     0.000095622
     9.820000000     0.000662489    -0.320933295     0.000067133
     9.830000000     0.000446869    -0.315918810     0.000045283
     9.840000000     0.000289607    -0.310950942     0.000029347
     9.850000000     0.000180330    -0.306029722     0.000018274
     9.860000000     0.000107883    -0.301154562     0.000010932
     9.870000000     0.000062011    -0.296324570     0.000006284
     9.880000000     0.000034246    -0.291538724     0.000003470
     9.890000000     0.000018171    -0.286795967     0.000001841
     9.900000000     0.000009264    -0.282095253     0.000000939
     9.910000000     0.000004537    -0.277435574     0.000000460
     9.920000000     0.000002135    -0.272815969     0.000000216
     9.930000000     0.000000965    -0.268235525     0.000000098
     9.940000000     0.000000419    -0.263693380     0.000000043
     9.950000000     0.000000175    -0.259188721     0.000000018
     9.960000000     0.000000070    -0.254720773     0.000000007
     9.970000000     0.000000027    -0.250288808     0.000000003
     9.980000000     0.000000010    -0.245892128     0.000000001
     9.990000000     0.000000004    -0.241530073     0.000000000
    10.000000000     0.000000001    -0.237202010     0.000000000
    10.010000000     0.000000000    -0.232907336     0.000000000
    10.020000000     0.000000000    -0.228645472     0.000000000
    10.030000000     0.000000000    -0.224415862     0.000000000
    10.040000000     0.000000000    -0.220217971     0.000000000
    10.050000000     0.000000000    -0.216051286     0.000000000
    10.060000000     0.000000000    -0.211915309     0.000000000
    10.070000000     0.000000000    -0.207809560     0.000000000
    10.080000000     0.000000000    -0.203733575     0.000000000
    10.090000000     0.000000000    -0.199686904     0.000000000
    10.100000000     0.000000000    -0.195669113     0.000000000
    10.110000000     0.000000000    -0.191679778     0.000000000
    10.120000000     0.000000000    -0.187718489     0.000000000
    10.130000000     0.000000000    -0.183784846     0.000000000
    10.140000000     0.000000000    -0.179878461     0.000000000
    10.150000000     0.000000000    -0.175998957     0.000000000
    10.160000000     0.000000000    -0.172145966     0.000000000
    10.170000000     0.000000000    -0.168319128     0.000000000
    10.180000000     0.000000000    -0.164518095     0.000000000
    10.190000000     0.000000000    -0.160742526     0.000000000
    10.200000000     0.000000000    -0.156992087     0.000000000
    10.210000000     0.000000000    -0.153266453     0.000000000
    10.220000000     0.000000000    -0.149565307     0.000000000
    10.230000000     0.000000000    -0.145888338     0.000000000
    10.240000000     0.000000000    -0.142235244     0.000000000
    10.250000000     0.000000000    -0.138605728     0.000000000
    10.260000000     0.000000000    -0.134999499     0.000000000
    10.270000000     0.000000000    -0.131416274     0.000000000
    10.280000000     0.000000000    -0.127855774     0.000000000
    10.290000000     0.000000000    -0.124317728     0.000000000
    10.300000000     0.000000000    -0.120801869     0.000000000
    10.310000000     0.000000000    -0.117307936     0.000000000
    10.320000000     0.000000000    -0.113835673     0.000000000
    10.330000000     0.000000000    -0.110384829     0.000000000
    10.340000000     0.000000000    -0.106955159     0.000000000
    10.350000000     0.000000000    -0.103546421     0.000000000
    10.360000000     0.000000000    -0.100158379     0.000000000
    10.370000000     0.000000000    -0.096790802     0.000000000
    10.380000000     0.000000000    -0.093443461     0.000000000
    10.390000000     0.000000000    -0.090116134     0.000000000
    10.400000000     0.000000000    -0.086808601     0.000000000
    10.410000000     0.000000000    -0.083520647     0.000000000
    10.420000000     0.000000000    -0.080252061     0.000000000
    10.430000000     0.000000000    -0.077002636     0.000000000
    10.440000000     0.000000000    -0.073772167     0.000000000
    10.450000000     0.000000000    -0.070560454     0.000000000
    10.460000000     0.000000000    -0.067367302     0.000000000
    10.470000000     0.000000000    -0.064192516     0.000000000
    10.480000000     0.000000000    -0.061035907     0.000000000
    10.490000000     0.000000000    -0.057897287     0.000000000
    10.500000000     0.000000000    -0.054776474     0.000000000
    10.510000000     0.000000000    -0.051673287     0.000000000
    10.520000000     0.000000000    -0.048587549     0.000000000
    10.530000000     0.000000000    -0.045519084     0.000000000
    10.540000000     0.000000000    -0.042467721     0.000000000
    10.550000000     0.000000000    -0.039433291     0.000000000
    10.560000000     0.000000000    -0.036415629     0.000000000
    10.570000000     0.000000000    -0.033414570     0.000000000
    10.580000000     0.000000000    -0.030429953     0.000000000
    10.590000000     0.000000000    -0.027461620     0.000000000
    10.600000000     0.000000000    -0.024509416     0.000000000
    10.610000000     0.000000000    -0.021573186     0.000000000
    10.620000000     0.000000000    -0.018652780     0.000000000
    10.630000000     0.000000000    -0.015748048     0.000000000
    10.640000000     0.000000000    -0.012858844     0.000000000
    10.650000000     0.000000000    -0.009985024     0.000000000
    10.660000000     0.000000000    -0.007126446     0.000000000
    10.670000000     0.000000000    -0.004282968     0.000000000
    10.680000000     0.000000000    -0.001454454     0.000000000
    10.690000000     0.000000000     0.001359233     0.000000000
    10.700000000     0.000000000     0.004158226     0.000000000
    10.710000000     0.000000000     0.006942659     0.000000000
    10.720000000     0.000000000     0.009712660     0.000000000
    10.730000000     0.000000000     0.012468359     0.000000000
    10.740000000     0.000000000     0.015209882     0.000000000
    10.750000000     0.000000000     0.017937353     0.000000000
    10.760000000     0.000000000     0.020650897     0.000000000
    10.770000000     0.000000000     0.023350633     0.000000000
    10.780000000     0.000000000     0.026036681     0.000000000
    10.790000000     0.000000000     0.028709160     0.000000000
    10.800000000     0.000000000     0.031368186     0.000000000
    10.810000000     0.000000000     0.034013873     0.000000000
    10.820000000     0.000000000     0.036646335     0.000000000
    10.830000000     0.000000000     0.039265684     0.000000000
    10.840000000     0.000000000     0.041872029     0.000000000
    10.850000000     0.000000000     0.044465479     0.000000000
    10.860000000     0.000000000     0.047046143     0.000000000
    10.870000000     0.000000000     0.049614124     0.000000000
    10.880000000     0.000000000     0.052169529     0.000000000
    10.890000000     0.000000000     0.054712461     0.000000000
    10.900000000     0.000000000     0.057243020     0.000000000
    10.910000000     0.000000000     0.059761308     0.000000000
    10.920000000     0.000000000     0.062267425     0.000000000
    10.930000000     0.000000000     0.064761467     0.000000000
    10.940000000     0.000000000     0.067243532     0.000000000
    10.950000000     0.000000000     0.069713715     0.000000000
    10.960000000     0.000000000     0.072172111     0.000000000
    10.970000000     0.000000000     0.074618812     0.000000000
    10.980000000     0.000000000     0.077053912     0.000000000
    10.990000000     0.000000000     0.079477500     0.000000000
    11.000000000     0.000000000     0.081889668     0.000000000
