 # Column 1: omega
 # Column 2: eps2(omega)
 # Column 3: eps1(omega)
 # Column 4: JDOS(omega)
     0.000000000     0.000000000     2.395826845     0.000000000
     0.010000000     0.000000000     2.395843570     0.000000000
     0.020000000     0.000000000     2.395893751     0.000000000
     0.030000000     0.000000000     2.395977401     0.000000000
     0.040000000     0.000000000     2.396094544     0.000000000
     0.050000000     0.000000000     2.396245214     0.000000000
     0.060000000     0.000000000     2.396429452     0.000000000
     0.070000000     0.000000000     2.396647310     0.000000000
     0.080000000     0.000000000     2.396898850     0.000000000
     0.090000000     0.000000000     2.397184144     0.000000000
     0.100000000     0.000000000     2.397503271     0.000000000
     0.110000000     0.000000000     2.397856323     0.000000000
     0.120000000     0.000000000     2.398243399     0.000000000
     0.130000000     0.000000000     2.398664611     0.000000000
     0.140000000     0.000000000     2.399120078     0.000000000
     0.150000000     0.000000000     2.399609930     0.000000000
     0.160000000     0.000000000     2.400134309     0.000000000
     0.170000000     0.000000000     2.400693364     0.000000000
     0.180000000     0.000000000     2.401287258     0.000000000
     0.190000000     0.000000000     2.401916162     0.000000000
     0.200000000     0.000000000     2.402580259     0.000000000
     0.210000000     0.000000000     2.403279742     0.000000000
     0.220000000     0.000000000     2.404014817     0.000000000
     0.230000000     0.000000000     2.404785699     0.000000000
     0.240000000     0.000000000     2.405592615     0.000000000
     0.250000000     0.000000000     2.406435806     0.000000000
     0.260000000     0.000000000     2.407315521     0.000000000
     0.270000000     0.000000000     2.408232023     0.000000000
     0.280000000     0.000000000     2.409185589     0.000000000
     0.290000000     0.000000000     2.410176507     0.000000000
     0.300000000     0.000000000     2.411205077     0.000000000
     0.310000000     0.000000000     2.412271614     0.000000000
     0.320000000     0.000000000     2.413376444     0.000000000
     0.330000000     0.000000000     2.414519911     0.000000000
     0.340000000     0.000000000     2.415702368     0.000000000
     0.350000000     0.000000000     2.416924187     0.000000000
     0.360000000     0.000000000     2.418185752     0.000000000
     0.370000000     0.000000000     2.419487463     0.000000000
     0.380000000     0.000000000     2.420829735     0.000000000
     0.390000000     0.000000000     2.422213001     0.000000000
     0.400000000     0.000000000     2.423637708     0.000000000
     0.410000000     0.000000000     2.425104322     0.000000000
     0.420000000     0.000000000     2.426613324     0.000000000
     0.430000000     0.000000000     2.428165216     0.000000000
     0.440000000     0.000000000     2.429760516     0.000000000
     0.450000000     0.000000000     2.431399763     0.000000000
     0.460000000     0.000000000     2.433083512     0.000000000
     0.470000000     0.000000000     2.434812343     0.000000000
     0.480000000     0.000000000     2.436586854     0.000000000
     0.490000000     0.000000000     2.438407665     0.000000000
     0.500000000     0.000000000     2.440275417     0.000000000
     0.510000000     0.000000000     2.442190777     0.000000000
     0.520000000     0.000000000     2.444154434     0.000000000
     0.530000000     0.000000000     2.446167101     0.000000000
     0.540000000     0.000000000     2.448229516     0.000000000
     0.550000000     0.000000000     2.450342446     0.000000000
     0.560000000     0.000000000     2.452506684     0.000000000
     0.570000000     0.000000000     2.454723050     0.000000000
     0.580000000     0.000000000     2.456992394     0.000000000
     0.590000000     0.000000000     2.459315597     0.000000000
     0.600000000     0.000000000     2.461693571     0.000000000
     0.610000000     0.000000000     2.464127263     0.000000000
     0.620000000     0.000000000     2.466617649     0.000000000
     0.630000000     0.000000000     2.469165746     0.000000000
     0.640000000     0.000000000     2.471772604     0.000000000
     0.650000000     0.000000000     2.474439313     0.000000000
     0.660000000     0.000000000     2.477167003     0.000000000
     0.670000000     0.000000000     2.479956844     0.000000000
     0.680000000     0.000000000     2.482810051     0.000000000
     0.690000000     0.000000000     2.485727883     0.000000000
     0.700000000     0.000000000     2.488711646     0.000000000
     0.710000000     0.000000000     2.491762696     0.000000000
     0.720000000     0.000000000     2.494882440     0.000000000
     0.730000000     0.000000000     2.498072338     0.000000000
     0.740000000     0.000000000     2.501333905     0.000000000
     0.750000000     0.000000000     2.504668717     0.000000000
     0.760000000     0.000000000     2.508078410     0.000000000
     0.770000000     0.000000000     2.511564682     0.000000000
     0.780000000     0.000000000     2.515129302     0.000000000
     0.790000000     0.000000000     2.518774106     0.000000000
     0.800000000     0.000000000     2.522501006     0.000000000
     0.810000000     0.000000000     2.526311989     0.000000000
     0.820000000     0.000000000     2.530209125     0.000000000
     0.830000000     0.000000000     2.534194568     0.000000000
     0.840000000     0.000000000     2.538270563     0.000000000
     0.850000000     0.000000000     2.542439449     0.000000000
     0.860000000     0.000000000     2.546703662     0.000000000
     0.870000000     0.000000000     2.551065745     0.000000000
     0.880000000     0.000000000     2.555528350     0.000000000
     0.890000000     0.000000000     2.560094244     0.000000000
     0.900000000     0.000000000     2.564766318     0.000000000
     0.910000000     0.000000000     2.569547590     0.000000000
     0.920000000     0.000000000     2.574441217     0.000000000
     0.930000000     0.000000000     2.579450498     0.000000000
     0.940000000     0.000000000     2.584578886     0.000000000
     0.950000000     0.000000000     2.589829994     0.000000000
     0.960000000     0.000000000     2.595207607     0.000000000
     0.970000000     0.000000000     2.600715692     0.000000000
     0.980000000     0.000000000     2.606358407     0.000000000
     0.990000000     0.000000000     2.612140117     0.000000000
     1.000000000     0.000000000     2.618065400     0.000000000
     1.010000000     0.000000000     2.624139071     0.000000000
     1.020000000     0.000000000     2.630366185     0.000000000
     1.030000000     0.000000000     2.636752065     0.000000000
     1.040000000     0.000000000     2.643302310     0.000000000
     1.050000000     0.000000000     2.650022819     0.000000000
     1.060000000     0.000000000     2.656919812     0.000000000
     1.070000000     0.000000000     2.663999848     0.000000000
     1.080000000     0.000000000     2.671269853     0.000000000
     1.090000000     0.000000000     2.678737146     0.000000000
     1.100000000     0.000000000     2.686409467     0.000000000
     1.110000000     0.000000000     2.694295007     0.000000000
     1.120000000     0.000000000     2.702402444     0.000000000
     1.130000000     0.000000000     2.710740982     0.000000000
     1.140000000     0.000000000     2.719320387     0.000000000
     1.150000000     0.000000000     2.728151037     0.000000000
     1.160000000     0.000000000     2.737243969     0.000000000
     1.170000000     0.000000000     2.746610933     0.000000000
     1.180000000     0.000000000     2.756264454     0.000000000
     1.190000000     0.000000000     2.766217895     0.000000000
     1.200000000     0.000000000     2.776485535     0.000000000
     1.210000000     0.000000000     2.787082643     0.000000000
     1.220000000     0.000000000     2.798025573     0.000000000
     1.230000000     0.000000000     2.809331865     0.000000000
     1.240000000     0.000000000     2.821020351     0.000000000
     1.250000000     0.000000000     2.833111281     0.000000000
     1.260000000     0.000000000     2.845626465     0.000000000
     1.270000000     0.000000000     2.858589424     0.000000000
     1.280000000     0.000000000     2.872025565     0.000000000
     1.290000000     0.000000000     2.885962381     0.000000000
     1.300000000     0.000000000     2.900429665     0.000000000
     1.310000000     0.000000000     2.915459766     0.000000000
     1.320000000     0.000000000     2.931087866     0.000000000
     1.330000000     0.000000000     2.947352307     0.000000000
     1.340000000     0.000000000     2.964294948     0.000000000
     1.350000000     0.000000000     2.981961584     0.000000000
     1.360000000     0.000000001     3.000402420     0.000000000
     1.370000000     0.000000002     3.019672612     0.000000000
     1.380000000     0.000000007     3.039832889     0.000000000
     1.390000000     0.000000025     3.060950263     0.000000000
     1.400000000     0.000000081     3.083098858     0.000000000
     1.410000000     0.000000255     3.106360846     0.000000000
     1.420000000     0.000000770     3.130827538     0.000000000
     1.430000000     0.000002233     3.156600639     0.000000001
     1.440000000     0.000006233     3.183793688     0.000000003
     1.450000000     0.000016739     3.212533713     0.000000008
     1.460000000     0.000043255     3.242963118     0.000000021
     1.470000000     0.000107549     3.275241823     0.000000051
     1.480000000     0.000257307     3.309549654     0.000000118
     1.490000000     0.000592338     3.346088958     0.000000264
     1.500000000     0.001312068     3.385087355     0.000000568
     1.510000000     0.002796457     3.426800453     0.000001177
     1.520000000     0.005734805     3.471514158     0.000002343
     1.530000000     0.011315661     3.519545904     0.000004488
     1.540000000     0.021482381     3.571243565     0.000008268
     1.550000000     0.039238728     3.626979811     0.000014648
     1.560000000     0.068954856     3.687137912     0.000024964
     1.570000000     0.116578478     3.752081830     0.000040922
     1.580000000     0.189609691     3.822097794     0.000064530
     1.590000000     0.296671222     3.897284509     0.000097887
     1.600000000     0.446525710     3.977351460     0.000142848
     1.610000000     0.646482373     4.061254898     0.000200550
     1.620000000     0.900303839     4.146554735     0.000270886
     1.630000000     1.205944703     4.228319324     0.000352034
     1.640000000     1.553663593     4.297391385     0.000440192
     1.650000000     1.925160515     4.338045244     0.000529646
     1.660000000     2.294316826     4.325947448     0.000613284
     1.670000000     2.629818702     4.229295478     0.000683515
     1.680000000     2.899470606     4.017982584     0.000733474
     1.690000000     3.075482445     3.683679234     0.000758283
     1.700000000     3.139621764     3.263555907     0.000756095
     1.710000000     3.087019606     2.842610781     0.000728684
     1.720000000     2.927672712     2.512011617     0.000681444
     1.730000000     2.685232342     2.316555160     0.000622806
     1.740000000     2.393335094     2.246926076     0.000563209
     1.750000000     2.090296276     2.268454479     0.000513832
     1.760000000     1.813282788     2.346565388     0.000485325
     1.770000000     1.593056141     2.455888208     0.000486729
     1.780000000     1.450096640     2.579642913     0.000524693
     1.790000000     1.392531678     2.706134157     0.000603070
     1.800000000     1.415937074     2.825065041     0.000722908
     1.810000000     1.504838109     2.924192786     0.000882839
     1.820000000     1.635600925     2.986671237     0.001079855
     1.830000000     1.780317689     2.990857903     0.001310412
     1.840000000     1.911196151     2.916710987     0.001571741
     1.850000000     2.004859656     2.761676552     0.001863197
     1.860000000     2.045896415     2.556458066     0.002187398
     1.870000000     2.029039823     2.357800594     0.002550953
     1.880000000     1.959561110     2.216308462     0.002964612
     1.890000000     1.851794306     2.152604178     0.003442754
     1.900000000     1.726107385     2.159973960     0.004002258
     1.910000000     1.604965604     2.218924826     0.004660852
     1.920000000     1.508903759     2.308638314     0.005435100
     1.930000000     1.453191191     2.411428966     0.006338235
     1.940000000     1.445763647     2.512580272     0.007378051
     1.950000000     1.486685216     2.599093687     0.008555082
     1.960000000     1.569080368     2.659075403     0.009861296
     1.970000000     1.681210299     2.682654348     0.011279496
     1.980000000     1.809195048     2.665177283     0.012783512
     1.990000000     1.939810891     2.610371683     0.014339229
     2.000000000     2.062814674     2.529323238     0.015906382
     2.010000000     2.172355578     2.435407634     0.017441041
     2.020000000     2.267222008     2.341250690     0.018898749
     2.030000000     2.349919739     2.260562677     0.020238244
     2.040000000     2.424848939     2.206053406     0.021425648
     2.050000000     2.496081448     2.180071008     0.022438821
     2.060000000     2.565363847     2.169273003     0.023271264
     2.070000000     2.630930492     2.149473761     0.023934686
     2.080000000     2.687491852     2.095382829     0.024459277
     2.090000000     2.727416870     1.989793625     0.024890928
     2.100000000     2.742757298     1.831012979     0.025285298
     2.110000000     2.727492092     1.638608891     0.025699456
     2.120000000     2.679299430     1.450404847     0.026182684
     2.130000000     2.600323021     1.303059452     0.026768490
     2.140000000     2.496733328     1.211514939     0.027469807
     2.150000000     2.377273047     1.167819222     0.028278606
     2.160000000     2.251280844     1.153236565     0.029170039
     2.170000000     2.126805732     1.148513828     0.030110042
     2.180000000     2.009329432     1.138538500     0.031064462
     2.190000000     1.901359136     1.114691365     0.032007547
     2.200000000     1.802845108     1.077058811     0.032927937
     2.210000000     1.712130531     1.033650869     0.033831133
     2.220000000     1.627031736     0.994894903     0.034738352
     2.230000000     1.545691298     0.968356096     0.035682478
     2.240000000     1.467002420     0.956695825     0.036702384
     2.250000000     1.390595485     0.957562331     0.037836958
     2.260000000     1.316531704     0.965279014     0.039120024
     2.270000000     1.244917353     0.973704690     0.040576885
     2.280000000     1.175627991     0.978681098     0.042222721
     2.290000000     1.108243091     0.979111415     0.044062585
     2.300000000     1.042183935     0.976374649     0.046092436
     2.310000000     0.976965104     0.973510266     0.048300474
     2.320000000     0.912438614     0.974936587     0.050668170
     2.330000000     0.848931324     0.984645134     0.053170613
     2.340000000     0.787232329     1.003472308     0.055776191
     2.350000000     0.728449679     1.029023776     0.058445931
     2.360000000     0.673799782     1.058186099     0.061133080
     2.370000000     0.624404893     1.088826955     0.063783501
     2.380000000     0.581155936     1.119623308     0.066337276
     2.390000000     0.544662369     1.149856306     0.068731524
     2.400000000     0.515275363     1.179812291     0.070904105
     2.410000000     0.493148891     1.210628343     0.072797592
     2.420000000     0.478301001     1.243134263     0.074362895
     2.430000000     0.470650701     1.276886301     0.075562130
     2.440000000     0.470025250     1.310320599     0.076370691
     2.450000000     0.476147790     1.341559542     0.076778768
     2.460000000     0.488620036     1.369216370     0.076792654
     2.470000000     0.506908976     1.392827120     0.076436013
     2.480000000     0.530335573     1.412552159     0.075750859
     2.490000000     0.558055183     1.428363351     0.074797628
     2.500000000     0.589019738     1.439843488     0.073653505
     2.510000000     0.621922506     1.447115733     0.072408341
     2.520000000     0.655142997     1.451212085     0.071158002
     2.530000000     0.686724393     1.452458112     0.069995664
     2.540000000     0.714419937     1.449003822     0.069002254
     2.550000000     0.735833160     1.437828476     0.068237614
     2.560000000     0.748651178     1.417120479     0.067733948
     2.570000000     0.750938779     1.388061212     0.067492714
     2.580000000     0.741435281     1.355001000     0.067485426
     2.590000000     0.719786574     1.323621914     0.067658048
     2.600000000     0.686655851     1.298144168     0.067938023
     2.610000000     0.643684864     1.280159621     0.068242624
     2.620000000     0.593313378     1.269829569     0.068487268
     2.630000000     0.538495930     1.267177917     0.068592749
     2.640000000     0.482372730     1.272076264     0.068490760
     2.650000000     0.427952104     1.283808270     0.068127543
     2.660000000     0.377848250     1.301129851     0.067465772
     2.670000000     0.334097186     1.322537334     0.066484936
     2.680000000     0.298053915     1.346464786     0.065180420
     2.690000000     0.270360721     1.371601501     0.063561464
     2.700000000     0.250972395     1.397126603     0.061648190
     2.710000000     0.239227150     1.422450456     0.059468014
     2.720000000     0.233957574     1.446656909     0.057051976
     2.730000000     0.233639044     1.468288173     0.054431655
     2.740000000     0.236570340     1.485779456     0.051637326
     2.750000000     0.241072371     1.498330235     0.048697745
     2.760000000     0.245679642     1.506486318     0.045641563
     2.770000000     0.249290946     1.511640528     0.042499828
     2.780000000     0.251246726     1.515268023     0.039308702
     2.790000000     0.251313446     1.519157516     0.036111329
     2.800000000     0.249578189     1.525373996     0.032958015
     2.810000000     0.246282782     1.534900520     0.029904305
     2.820000000     0.241646485     1.546737892     0.027007171
     2.830000000     0.235731397     1.558537089     0.024320069
     2.840000000     0.228391800     1.567811915     0.021887974
     2.850000000     0.219321112     1.573063708     0.019743511
     2.860000000     0.208177531     1.574637825     0.017904936
     2.870000000     0.194743512     1.574789876     0.016376222
     2.880000000     0.179064261     1.576575917     0.015148900
     2.890000000     0.161519613     1.582184916     0.014204939
     2.900000000     0.142807523     1.592157053     0.013519800
     2.910000000     0.123846524     1.605843875     0.013064982
     2.920000000     0.105628193     1.622164331     0.012809708
     2.930000000     0.089061465     1.640042689     0.012721798
     2.940000000     0.074846828     1.658578909     0.012768023
     2.950000000     0.063403683     1.677126255     0.012914363
     2.960000000     0.054855616     1.695302525     0.013126515
     2.970000000     0.049062764     1.712930957     0.013370799
     2.980000000     0.045682392     1.729981098     0.013615430
     2.990000000     0.044238781     1.746501149     0.013831962
     3.000000000     0.044189161     1.762488610     0.013996645
     3.010000000     0.044979910     1.777795144     0.014091451
     3.020000000     0.046093036     1.792158823     0.014104634
     3.030000000     0.047085322     1.805338694     0.014030738
     3.040000000     0.047621634     1.817338458     0.013870131
     3.050000000     0.047501353     1.828613881     0.013628197
     3.060000000     0.046674631     1.839947319     0.013314375
     3.070000000     0.045244657     1.851959697     0.012941273
     3.080000000     0.043453406     1.864788114     0.012523990
     3.090000000     0.041650953     1.878250300     0.012079701
     3.100000000     0.040251040     1.892199287     0.011627393
     3.110000000     0.039677428     1.906651168     0.011187542
     3.120000000     0.040306444     1.921629638     0.010781512
     3.130000000     0.042411398     1.936998216     0.010430532
     3.140000000     0.046114776     1.952442314     0.010154281
     3.150000000     0.051354608     1.967536928     0.009969297
     3.160000000     0.057871774     1.981841554     0.009887531
     3.170000000     0.065224371     1.995019219     0.009915384
     3.180000000     0.072832665     2.006891178     0.010053470
     3.190000000     0.080053105     2.017290168     0.010297211
     3.200000000     0.086273088     2.025891172     0.010638236
     3.210000000     0.091011342     2.032473824     0.011066420
     3.220000000     0.094004514     2.037583695     0.011572314
     3.230000000     0.095260823     2.042739971     0.012149614
     3.240000000     0.095067463     2.049606527     0.012797200
     3.250000000     0.093948386     2.058988957     0.013520284
     3.260000000     0.092580479     2.070684898     0.014330200
     3.270000000     0.091685207     2.083952003     0.015242631
     3.280000000     0.091916949     2.097964197     0.016274372
     3.290000000     0.093767587     2.112090491     0.017439145
     3.300000000     0.097500986     2.125997077     0.018743312
     3.310000000     0.103123568     2.139514569     0.020182490
     3.320000000     0.110390952     2.152410550     0.021739924
     3.330000000     0.118847168     2.164378422     0.023387154
     3.340000000     0.127891731     2.175187778     0.025086999
     3.350000000     0.136869188     2.184694076     0.026798366
     3.360000000     0.145173792     2.192786846     0.028482055
     3.370000000     0.152357821     2.199432545     0.030106574
     3.380000000     0.158226963     2.204761136     0.031653056
     3.390000000     0.162902620     2.209352956     0.033118588
     3.400000000     0.166831966     2.214550549     0.034517543
     3.410000000     0.170733976     2.221972945     0.035880779
     3.420000000     0.175483016     2.232436209     0.037252781
     3.430000000     0.181947792     2.245530604     0.038687002
     3.440000000     0.190817643     2.260070355     0.040239874
     3.450000000     0.202455158     2.274701603     0.041964131
     3.460000000     0.216810480     2.288209142     0.043902274
     3.470000000     0.233418323     2.299442876     0.046081069
     3.480000000     0.251477088     2.307172100     0.048507888
     3.490000000     0.269987275     2.310395440     0.051169435
     3.500000000     0.287910882     2.309141664     0.054033000
     3.510000000     0.304310466     2.305041903     0.057049981
     3.520000000     0.318437425     2.300797265     0.060161083
     3.530000000     0.329759862     2.298558946     0.063302485
     3.540000000     0.337943180     2.298550950     0.066412288
     3.550000000     0.342812025     2.299157963     0.069436678
     3.560000000     0.344324053     2.298231685     0.072335387
     3.570000000     0.342573826     2.294675907     0.075086015
     3.580000000     0.337824632     2.289348074     0.077686731
     3.590000000     0.330546829     2.284558121     0.080156785
     3.600000000     0.321432308     2.282639919     0.082534321
     3.610000000     0.311360127     2.284917066     0.084871322
     3.620000000     0.301305912     2.291543461     0.087226093
     3.630000000     0.292209611     2.301783279     0.089654456
     3.640000000     0.284833419     2.314315312     0.092201420
     3.650000000     0.279647272     2.327478981     0.094895300
     3.660000000     0.276771734     2.339681989     0.097745861
     3.670000000     0.275991006     2.350039703     0.100747100
     3.680000000     0.276829034     2.358727594     0.103883993
     3.690000000     0.278666254     2.366548309     0.107141393
     3.700000000     0.280867547     2.374132751     0.110512597
     3.710000000     0.282894190     2.381599324     0.114005200
     3.720000000     0.284381427     2.388847619     0.117642621
     3.730000000     0.285174752     2.396082463     0.121460919
     3.740000000     0.285328409     2.403971270     0.125501698
     3.750000000     0.285076520     2.413157809     0.129802798
     3.760000000     0.284789779     2.423725136     0.134388799
     3.770000000     0.284929335     2.435263961     0.139263212
     3.780000000     0.286005414     2.447323036     0.144403699
     3.790000000     0.288543094     2.459693814     0.149760989
     3.800000000     0.293053006     2.472401466     0.155261468
     3.810000000     0.300001871     2.485561134     0.160812853
     3.820000000     0.309777582     2.499189459     0.166311862
     3.830000000     0.322645842     2.513049774     0.171652557
     3.840000000     0.338699439     2.526622766     0.176733967
     3.850000000     0.357805702     2.539185013     0.181465875
     3.860000000     0.379561334     2.549989052     0.185772174
     3.870000000     0.403265545     2.558478971     0.189591936
     3.880000000     0.427921998     2.564267567     0.192878987
     3.890000000     0.452277468     2.566875230     0.195601182
     3.900000000     0.474900580     2.565770133     0.197740488
     3.910000000     0.494297855     2.560879433     0.199294465
     3.920000000     0.509057044     2.552899607     0.200278840
     3.930000000     0.518000470     2.542834291     0.200730135
     3.940000000     0.520325550     2.531268869     0.200706803
     3.950000000     0.515708035     2.518612616     0.200287522
     3.960000000     0.504347659     2.506340107     0.199565969
     3.970000000     0.486946002     2.497337102     0.198642458
     3.980000000     0.464620367     2.494279486     0.197613832
     3.990000000     0.438771270     2.497745420     0.196563583
     4.000000000     0.410929902     2.506168775     0.195554178
     4.010000000     0.382612657     2.517385400     0.194622993
     4.020000000     0.355202654     2.530175898     0.193782314
     4.030000000     0.329866666     2.544855296     0.193022934
     4.040000000     0.307505286     2.562620638     0.192320196
     4.050000000     0.288728753     2.584149436     0.191641124
     4.060000000     0.273851737     2.608808495     0.190951438
     4.070000000     0.262905136     2.635056424     0.190221725
     4.080000000     0.255667267     2.661290698     0.189432468
     4.090000000     0.251717059     2.686408063     0.188577981
     4.100000000     0.250507102     2.709989189     0.187669346
     4.110000000     0.251447037     2.732310120     0.186736349
     4.120000000     0.253981848     2.754152379     0.185828158
     4.130000000     0.257648780     2.776321295     0.185012351
     4.140000000     0.262101995     2.799236633     0.184371919
     4.150000000     0.267103783     2.822913702     0.184000123
     4.160000000     0.272491327     2.847167366     0.183993548
     4.170000000     0.278134471     2.871763155     0.184444184
     4.180000000     0.283900418     2.896391808     0.185431738
     4.190000000     0.289635939     2.920593949     0.187017427
     4.200000000     0.295169145     2.943997018     0.189240185
     4.210000000     0.300325026     2.966843495     0.192115567
     4.220000000     0.304944684     2.990107976     0.195636808
     4.230000000     0.308899065     3.014830167     0.199776845
     4.240000000     0.312092687     3.041332834     0.204489790
     4.250000000     0.314459032     3.069178211     0.209710617
     4.260000000     0.315953719     3.097775539     0.215352510
     4.270000000     0.316552651     3.126960073     0.221302329
     4.280000000     0.316259847     3.157113564     0.227415514
     4.290000000     0.315125406     3.188851467     0.233512259
     4.300000000     0.313270303     3.222682040     0.239376798
     4.310000000     0.310913683     3.258951381     0.244761130
     4.320000000     0.308400478     3.297941724     0.249393828
     4.330000000     0.306231920     3.339964317     0.252993828
     4.340000000     0.305106652     3.385417347     0.255288474
     4.350000000     0.305983274     3.434636037     0.256034659
     4.360000000     0.310174082     3.487592895     0.255041460
     4.370000000     0.319473095     3.543959691     0.252192213
     4.380000000     0.336308836     3.603589629     0.247463469
     4.390000000     0.363894301     3.666782680     0.240937905
     4.400000000     0.406325066     3.734061677     0.232808348
     4.410000000     0.468555223     3.805779480     0.223370702
     4.420000000     0.556166580     3.881756279     0.213005048
     4.430000000     0.674849306     3.960951051     0.202146081
     4.440000000     0.829543986     4.041190592     0.191246130
     4.450000000     1.023265096     4.119014587     0.180735602
     4.460000000     1.255733395     4.189748839     0.170986367
     4.470000000     1.522070561     4.247677266     0.162283202
     4.480000000     1.811914563     4.285756292     0.154806923
     4.490000000     2.109346231     4.294439486     0.148630839
     4.500000000     2.393930722     4.259874544     0.143729947
     4.510000000     2.642957582     4.163473625     0.140000492
     4.520000000     2.834646645     3.988195497     0.137286202
     4.530000000     2.951762001     3.734666312     0.135406859
     4.540000000     2.984856968     3.436385366     0.134184785
     4.550000000     2.934355817     3.153245509     0.133465356
     4.560000000     2.810897384     2.940755290     0.133128747
     4.570000000     2.633771673     2.823170441     0.133091828
     4.580000000     2.427752231     2.793065267     0.133301191
     4.590000000     2.219017374     2.827573057     0.133720307
     4.600000000     2.031045966     2.902384335     0.134315208
     4.610000000     1.881324114     2.997416374     0.135043279
     4.620000000     1.779445344     3.097197672     0.135848645
     4.630000000     1.726823859     3.189302984     0.136665381
     4.640000000     1.717879316     3.262675587     0.137427238
     4.650000000     1.742279728     3.308163495     0.138080493
     4.660000000     1.787689612     3.322743395     0.138595711
     4.670000000     1.842462165     3.313764322     0.138974875
     4.680000000     1.897807230     3.295860948     0.139252065
     4.690000000     1.949120913     3.281062962     0.139488099
     4.700000000     1.996341144     3.274187485     0.139761286
     4.710000000     2.043368150     3.278491228     0.140157245
     4.720000000     2.096739372     3.299926101     0.140760336
     4.730000000     2.163859154     3.341869765     0.141648053
     4.740000000     2.251141787     3.399077369     0.142888249
     4.750000000     2.362423212     3.459313918     0.144537939
     4.760000000     2.497930461     3.508704105     0.146642112
     4.770000000     2.653978345     3.535225158     0.149231463
     4.780000000     2.823412567     3.530095455     0.152318981
     4.790000000     2.996669184     3.489340029     0.155896328
     4.800000000     3.163206634     3.415934103     0.159931534
     4.810000000     3.313014386     3.318446253     0.164369352
     4.820000000     3.437921394     3.206219091     0.169134825
     4.830000000     3.532507312     3.087899180     0.174139566
     4.840000000     3.594532166     2.971877248     0.179289425
     4.850000000     3.624910667     2.863899857     0.184491917
     4.860000000     3.627334826     2.766113526     0.189662203
     4.870000000     3.607676943     2.679564690     0.194727145
     4.880000000     3.573287606     2.604995829     0.199627785
     4.890000000     3.532260054     2.541729512     0.204320951
     4.900000000     3.492690205     2.489571421     0.208780571
     4.910000000     3.461943611     2.451541102     0.212998723
     4.920000000     3.445954770     2.431040748     0.216985842
     4.930000000     3.448620912     2.425688650     0.220769180
     4.940000000     3.471388294     2.425769502     0.224388853
     4.950000000     3.513138439     2.418921954     0.227891453
     4.960000000     3.570448266     2.396219200     0.231322078
     4.970000000     3.638223749     2.354156295     0.234716337
     4.980000000     3.710612217     2.292390453     0.238094105
     4.990000000     3.782015372     2.212274027     0.241456535
     5.000000000     3.847984030     2.118464019     0.244787090
     5.010000000     3.905793503     2.019973197     0.248056467
     5.020000000     3.954572783     1.926714163     0.251230397
     5.030000000     3.994970485     1.843526569     0.254278689
     5.040000000     4.028454630     1.767900375     0.257183590
     5.050000000     4.056431466     1.693721701     0.259945649
     5.060000000     4.079409585     1.616490194     0.262585722
     5.070000000     4.096422511     1.534557632     0.265142561
     5.080000000     4.104861183     1.446655997     0.267666328
     5.090000000     4.100772219     1.350108992     0.270209246
     5.100000000     4.079568431     1.241601278     0.272815187
     5.110000000     4.036997444     1.119516383     0.275510090
     5.120000000     3.970145177     0.986771866     0.278294832
     5.130000000     3.878232477     0.852527631     0.281141539
     5.140000000     3.763005176     0.730388495     0.283993682
     5.150000000     3.628614663     0.633175233     0.286769738
     5.160000000     3.481014714     0.567655942     0.289369876
     5.170000000     3.327024898     0.532213903     0.291684888
     5.180000000     3.173293880     0.518631319     0.293606425
     5.190000000     3.025412088     0.516812265     0.295037420
     5.200000000     2.887369422     0.519067121     0.295901413
     5.210000000     2.761449993     0.521935211     0.296149562
     5.220000000     2.648537055     0.525816322     0.295764422
     5.230000000     2.548702765     0.532738233     0.294760138
     5.240000000     2.461902765     0.544010084     0.293179356
     5.250000000     2.388590512     0.560027698     0.291087665
     5.260000000     2.330101103     0.581165833     0.288566620
     5.270000000     2.288712163     0.607956776     0.285706301
     5.280000000     2.267354406     0.640793125     0.282598139
     5.290000000     2.269007375     0.679439692     0.279328525
     5.300000000     2.295872847     0.722301521     0.275973594
     5.310000000     2.348467223     0.765841760     0.272595621
     5.320000000     2.424809779     0.804530673     0.269241417
     5.330000000     2.519896372     0.831136806     0.265942954
     5.340000000     2.625626526     0.837163479     0.262720043
     5.350000000     2.731288650     0.814449983     0.259584458
     5.360000000     2.824606628     0.757764736     0.256544479
     5.370000000     2.893228299     0.666271294     0.253608755
     5.380000000     2.926421269     0.544216626     0.250788563
     5.390000000     2.916667263     0.402347069     0.248098082
     5.400000000     2.860839151     0.257656998     0.245552894
     5.410000000     2.760714187     0.128656583     0.243167450
     5.420000000     2.622709980     0.029341405     0.240952566
     5.430000000     2.456893451    -0.033128721     0.238913944
     5.440000000     2.275464691    -0.057942536     0.237052403
     5.450000000     2.091017989    -0.049759971     0.235365900
     5.460000000     1.914907733    -0.016833623     0.233852794
     5.470000000     1.755996458     0.031674079     0.232515260
     5.480000000     1.619955450     0.087698267     0.231361544
     5.490000000     1.509157480     0.145133788     0.230405975
     5.500000000     1.423080668     0.199754854     0.229666231
     5.510000000     1.359058281     0.248780454     0.229158314
     5.520000000     1.313174412     0.290953243     0.228890563
     5.530000000     1.281118731     0.327095098     0.228858616
     5.540000000     1.258862715     0.359802874     0.229043325
     5.550000000     1.243087128     0.391689961     0.229412966
     5.560000000     1.231357274     0.423859597     0.229930024
     5.570000000     1.222093838     0.456036470     0.230561456
     5.580000000     1.214414253     0.487483544     0.231290180
     5.590000000     1.207921665     0.517402054     0.232124880
     5.600000000     1.202501576     0.544937351     0.233105280
     5.610000000     1.198160089     0.569588095     0.234300859
     5.620000000     1.194912750     0.592032242     0.235802294
     5.630000000     1.192716427     0.614113624     0.237706429
     5.640000000     1.191430530     0.637197735     0.240096881
     5.650000000     1.190795824     0.660527185     0.243023229
     5.660000000     1.190424582     0.681533598     0.246481963
     5.670000000     1.189801127     0.697979269     0.250402074
     5.680000000     1.188295270     0.710226343     0.254637453
     5.690000000     1.185192793     0.721241930     0.258967470
     5.700000000     1.179746980     0.733846602     0.263106268
     5.710000000     1.171252455     0.748110241     0.266720521
     5.720000000     1.159136038     0.761452765     0.269454702
     5.730000000     1.143049572     0.771041997     0.270962020
     5.740000000     1.122940500     0.776552631     0.270938288
     5.750000000     1.099073488     0.781361469     0.269155071
     5.760000000     1.071985882     0.790967536     0.265487820
     5.770000000     1.042381191     0.809203226     0.259934690
     5.780000000     1.010991112     0.835524167     0.252622519
     5.790000000     0.978455845     0.865855977     0.243798224
     5.800000000     0.945273463     0.895771009     0.233806196
     5.810000000     0.911847993     0.923266749     0.223054826
     5.820000000     0.878628853     0.949182347     0.211977341
     5.830000000     0.846295937     0.975785172     0.200993111
     5.840000000     0.815920846     1.005840796     0.190475242
     5.850000000     0.789035918     1.042322296     0.180728681
     5.860000000     0.767568517     1.087299627     0.171980619
     5.870000000     0.753638817     1.140567242     0.164382456
     5.880000000     0.749260113     1.199467024     0.158020538
     5.890000000     0.756008607     1.260119864     0.152931803
     5.900000000     0.774737545     1.319324359     0.149120454
     5.910000000     0.805399175     1.375756695     0.146572589
     5.920000000     0.847012709     1.429153651     0.145266938
     5.930000000     0.897784845     1.478240767     0.145181029
     5.940000000     0.955358136     1.520055780     0.146293026
     5.950000000     1.017137133     1.551674425     0.148579968
     5.960000000     1.080627305     1.572757785     0.152013372
     5.970000000     1.143721144     1.586430502     0.156553283
     5.980000000     1.204881249     1.597210496     0.162141907
     5.990000000     1.263199404     1.608202741     0.168698012
     6.000000000     1.318345992     1.620301247     0.176113219
     6.010000000     1.370454207     1.632907949     0.184251036
     6.020000000     1.419996893     1.644770371     0.192949111
     6.030000000     1.467704596     1.654251605     0.202024649
     6.040000000     1.514544467     1.659649982     0.211282514
     6.050000000     1.561743092     1.660543036     0.220525253
     6.060000000     1.610808046     1.658831924     0.229564095
     6.070000000     1.663496209     1.658108946     0.238229930
     6.080000000     1.721694983     1.661934995     0.246383204
     6.090000000     1.787217692     1.671485347     0.253921545
     6.100000000     1.861550348     1.683718368     0.260783958
     6.110000000     1.945607224     1.692284833     0.266950536
     6.120000000     2.039548428     1.691059021     0.272437180
     6.130000000     2.142687389     1.677327748     0.277285636
     6.140000000     2.253483372     1.652120334     0.281550216
     6.150000000     2.369591124     1.617924179     0.285283527
     6.160000000     2.487937842     1.575925499     0.288524055
     6.170000000     2.604816724     1.524878987     0.291288269
     6.180000000     2.716014289     1.462387835     0.293568964
     6.190000000     2.817007143     1.387250612     0.295340084
     6.200000000     2.903258141     1.299861410     0.296566626
     6.210000000     2.970608651     1.199876957     0.297217061
     6.220000000     3.015714745     1.085716085     0.297275228
     6.230000000     3.036433091     0.958780921     0.296749082
     6.240000000     3.032050621     0.827304277     0.295674794
     6.250000000     3.003282933     0.703943030     0.294115980
     6.260000000     2.952033384     0.598623523     0.292158973
     6.270000000     2.880982991     0.513245978     0.289905676
     6.280000000     2.793137670     0.441798585     0.287465568
     6.290000000     2.691468131     0.374677392     0.284948120
     6.300000000     2.578733087     0.305291608     0.282456376
     6.310000000     2.457496894     0.234858371     0.280082122
     6.320000000     2.330272588     0.170858925     0.277902828
     6.330000000     2.199675239     0.121172614     0.275980545
     6.340000000     2.068476897     0.089840372     0.274362841
     6.350000000     1.939507424     0.076664461     0.273085657
     6.360000000     1.815419214     0.078633046     0.272177540
     6.370000000     1.698394951     0.091054242     0.271664238
     6.380000000     1.589901529     0.108550723     0.271572294
     6.390000000     1.490573722     0.126889406     0.271930265
     6.400000000     1.400261086     0.144689820     0.272766653
     6.410000000     1.318214565     0.163093362     0.274104453
     6.420000000     1.243348556     0.183867551     0.275953191
     6.430000000     1.174502376     0.208084514     0.278300205
     6.440000000     1.110641206     0.236028166     0.281103343
     6.450000000     1.050968833     0.267488107     0.284287202
     6.460000000     0.994957437     0.301836945     0.287744454
     6.470000000     0.942321341     0.337993185     0.291342870
     6.480000000     0.892967390     0.374918514     0.294937518
     6.490000000     0.846947628     0.412658978     0.298386502
     6.500000000     0.804426956     0.452456977     0.301567712
     6.510000000     0.765666662     0.495505773     0.304393475
     6.520000000     0.731017733     0.541793662     0.306820025
     6.530000000     0.700916082     0.590171530     0.308849399
     6.540000000     0.675873128     0.639395814     0.310522790
     6.550000000     0.656457485     0.689036069     0.311906419
     6.560000000     0.643265936     0.739504669     0.313073045
     6.570000000     0.636884371     0.791474339     0.314083817
     6.580000000     0.637842162     0.845184208     0.314975448
     6.590000000     0.646565696     0.899923050     0.315756481
     6.600000000     0.663336971     0.954124409     0.316413753
     6.610000000     0.688260356     1.006054188     0.316926915
     6.620000000     0.721235708     1.054376685     0.317286168
     6.630000000     0.761931939     1.098364915     0.317507180
     6.640000000     0.809755728     1.138092410     0.317638105
     6.650000000     0.863817001     1.174382615     0.317756239
     6.660000000     0.922904384     1.208027202     0.317955298
     6.670000000     0.985493948     1.238492478     0.318327187
     6.680000000     1.049816105     1.263225296     0.318943477
     6.690000000     1.113993494     1.278663481     0.319841310
     6.700000000     1.176238466     1.282782500     0.321016483
     6.710000000     1.235069845     1.277315893     0.322424035
     6.720000000     1.289487286     1.266901774     0.323984628
     6.730000000     1.339038619     1.255550830     0.325594140
     6.740000000     1.383736744     1.244757506     0.327134089
     6.750000000     1.423824532     1.234682660     0.328481381
     6.760000000     1.459437281     1.225585898     0.329516909
     6.770000000     1.490256119     1.217540593     0.330133018
     6.780000000     1.515266376     1.209182025     0.330239881
     6.790000000     1.532721888     1.197322731     0.329770370
     6.800000000     1.540369008     1.178112519     0.328682657
     6.810000000     1.535912960     1.149200180     0.326959732
     6.820000000     1.517633579     1.111752523     0.324605592
     6.830000000     1.485000478     1.070973576     0.321638760
     6.840000000     1.439118981     1.034803643     0.318084754
     6.850000000     1.382866991     1.011377957     0.313969583
     6.860000000     1.320654272     1.006399252     0.309316168
     6.870000000     1.257830792     1.021660233     0.304144617
     6.880000000     1.199862985     1.054988000     0.298476004
     6.890000000     1.151459818     1.101304844     0.292338124
     6.900000000     1.115846172     1.154261213     0.285771166
     6.910000000     1.094344729     1.207767997     0.278831490
     6.920000000     1.086349178     1.256808218     0.271592642
     6.930000000     1.089672183     1.297513580     0.264143894
     6.940000000     1.101158255     1.327466690     0.256587449
     6.950000000     1.117390115     1.346774525     0.249035612
     6.960000000     1.135305059     1.358835533     0.241608716
     6.970000000     1.152579058     1.369900882     0.234433582
     6.980000000     1.167718771     1.387155597     0.227641512
     6.990000000     1.179898803     1.414873252     0.221364479
     7.000000000     1.188660997     1.451111228     0.215728727
     7.010000000     1.193626599     1.488618665     0.210846076
     7.020000000     1.194349284     1.519616618     0.206804415
     7.030000000     1.190367432     1.540964535     0.203659598
     7.040000000     1.181426111     1.555926174     0.201430815
     7.050000000     1.167768342     1.571723688     0.200100466
     7.060000000     1.150368687     1.595672466     0.199618105
     7.070000000     1.131007748     1.632479481     0.199906648
     7.080000000     1.112149340     1.683412312     0.200868468
     7.090000000     1.096654091     1.746560880     0.202389420
     7.100000000     1.087414028     1.817599250     0.204340083
     7.110000000     1.087005114     1.891702857     0.206575120
     7.120000000     1.097430070     1.966041430     0.208932837
     7.130000000     1.119979793     2.040558142     0.211237412
     7.140000000     1.155201764     2.116619454     0.213305545
     7.150000000     1.202945647     2.195403048     0.214957818
     7.160000000     1.262463458     2.277082798     0.216033351
     7.170000000     1.332563778     2.360552741     0.216405029
     7.180000000     1.411838737     2.443247805     0.215992106
     7.190000000     1.498984158     2.521358593     0.214767543
     7.200000000     1.593213638     2.591434974     0.212758708
     7.210000000     1.694735359     2.653330471     0.210041638
     7.220000000     1.805232084     2.712063380     0.206730418
     7.230000000     1.928273222     2.775684693     0.202963913
     7.240000000     2.069595325     2.850072509     0.198892059
     7.250000000     2.237203198     2.935525325     0.194663307
     7.260000000     2.441251278     3.027667023     0.190413973
     7.270000000     2.693652726     3.120333595     0.186259612
     7.280000000     3.007336481     3.208037021     0.182288256
     7.290000000     3.395053692     3.287511475     0.178555549
     7.300000000     3.867657891     3.357344130     0.175082203
     7.310000000     4.431874755     3.414173965     0.171854500
     7.320000000     5.087738912     3.448197963     0.168828547
     7.330000000     5.826073836     3.442851357     0.165938486
     7.340000000     6.626562386     3.376489924     0.163108060
     7.350000000     7.457024848     3.221753039     0.160264014
     7.360000000     8.274430599     2.945800081     0.157349166
     7.370000000     9.027904178     2.518881108     0.154332818
     7.380000000     9.663588394     1.930505359     0.151216603
     7.390000000    10.130787993     1.199535684     0.148034763
     7.400000000    10.388453636     0.369296744     0.144849011
     7.410000000    10.410884038    -0.504795175     0.141739164
     7.420000000    10.191586834    -1.365653545     0.138791485
     7.430000000     9.744545599    -2.160912898     0.136086940
     7.440000000     9.102625094    -2.841905444     0.133691381
     7.450000000     8.313395078    -3.364905135     0.131649111
     7.460000000     7.433133085    -3.708192572     0.129980643
     7.470000000     6.520065856    -3.885503122     0.128684692
     7.480000000     5.627965461    -3.935765093     0.127743804
     7.490000000     4.801034808    -3.901231195     0.127132435
     7.500000000     4.070667134    -3.813330772     0.126825878
     7.510000000     3.454252390    -3.691980297     0.126808135
     7.520000000     2.955838679    -3.551751236     0.127076937
     7.530000000     2.568213785    -3.406400502     0.127644476
     7.540000000     2.275872035    -3.269472817     0.128533263
     7.550000000     2.058348793    -3.153160102     0.129767564
     7.560000000     1.893487189    -3.066682993     0.131361936
     7.570000000     1.760301327    -3.013655398     0.133309179
     7.580000000     1.641192677    -2.988771489     0.135570309
     7.590000000     1.523362782    -2.976867746     0.138068874
     7.600000000     1.399358720    -2.958747250     0.140691113
     7.610000000     1.266795590    -2.921127522     0.143292382
     7.620000000     1.127412381    -2.861136862     0.145709056
     7.630000000     0.985709147    -2.783132401     0.147774105
     7.640000000     0.847456654    -2.693543396     0.149333875
     7.650000000     0.718350174    -2.597695418     0.150263437
     7.660000000     0.603003440    -2.499053680     0.150478238
     7.670000000     0.504372764    -2.399849597     0.149940648
     7.680000000     0.423597877    -2.301858011     0.148661089
     7.690000000     0.360172025    -2.206680917     0.146694485
     7.700000000     0.312320730    -2.115671647     0.144133427
     7.710000000     0.277471703    -2.029979161     0.141099521
     7.720000000     0.252723263    -1.950747219     0.137734025
     7.730000000     0.235249281    -1.878920979     0.134188226
     7.740000000     0.222604951    -1.814375086     0.130613588
     7.750000000     0.212916594    -1.755181014     0.127151610
     7.760000000     0.204952698    -1.698382057     0.123923713
     7.770000000     0.198085927    -1.641925650     0.121022016
     7.780000000     0.192168453    -1.585627419     0.118502261
     7.790000000     0.187353963    -1.530470406     0.116380081
     7.800000000     0.183906055    -1.477480420     0.114631382
     7.810000000     0.182031660    -1.427156895     0.113196862
     7.820000000     0.181769293    -1.379502390     0.111990035
     7.830000000     0.182947246    -1.334442703     0.110907722
     7.840000000     0.185209983    -1.292305892     0.109841838
     7.850000000     0.188095655    -1.253778338     0.108691333
     7.860000000     0.191137274    -1.219227294     0.107373148
     7.870000000     0.193956646    -1.188090450     0.105830975
     7.880000000     0.196324345    -1.159001559     0.104040550
     7.890000000     0.198170055    -1.130506823     0.102010371
     7.900000000     0.199542736    -1.101762131     0.099777278
     7.910000000     0.200535218    -1.072810686     0.097397248
     7.920000000     0.201198497    -1.044399044     0.094932895
     7.930000000     0.201473577    -1.017578502     0.092440096
     7.940000000     0.201162373    -0.993284370     0.089956604
     7.950000000     0.199946116    -0.971958123     0.087495208
     7.960000000     0.197444546    -0.953350507     0.085042971
     7.970000000     0.193297313    -0.936615499     0.082566604
     7.980000000     0.187244210    -0.920588373     0.080022502
     7.990000000     0.179183924    -0.904173454     0.077368867
     8.000000000     0.169199848    -0.886796470     0.074576933
     8.010000000     0.157552017    -0.868592129     0.071638717
     8.020000000     0.144642595    -0.850031543     0.068569793
     8.030000000     0.130966223    -0.831287034     0.065406916
     8.040000000     0.117056075    -0.812011707     0.062201578
     8.050000000     0.103433312    -0.791714011     0.059011400
     8.060000000     0.090564147    -0.770237129     0.055891493
     8.070000000     0.078826403    -0.747879819     0.052887592
     8.080000000     0.068486637    -0.725163704     0.050032074
     8.090000000     0.059688884    -0.702556558     0.047343134
     8.100000000     0.052455864    -0.680349221     0.044826586
     8.110000000     0.046702423    -0.658684948     0.042479270
     8.120000000     0.042259204    -0.637659742     0.040292826
     8.130000000     0.038902670    -0.617375721     0.038256795
     8.140000000     0.036386513    -0.597892935     0.036360391
     8.150000000     0.034469523    -0.579154549     0.034592877
     8.160000000     0.032936381    -0.561005498     0.032942947
     8.170000000     0.031609835    -0.543299559     0.031397808
     8.180000000     0.030354889    -0.525972178     0.029942655
     8.190000000     0.029077098    -0.509036730     0.028560971
     8.200000000     0.027717679    -0.492539399     0.027235713
     8.210000000     0.026247730    -0.476496104     0.025951040
     8.220000000     0.024662904    -0.460845282     0.024694061
     8.230000000     0.022978805    -0.445465050     0.023456062
     8.240000000     0.021226580    -0.430242581     0.022232835
     8.250000000     0.019448058    -0.415117736     0.021024052
     8.260000000     0.017690062    -0.400075391     0.019831872
     8.270000000     0.015998179    -0.385132301     0.018659183
     8.280000000     0.014410794    -0.370326157     0.017507942
     8.290000000     0.012954426    -0.355693512     0.016378033
     8.300000000     0.011641269    -0.341255996     0.015266913
     8.310000000     0.010469317    -0.327020721     0.014170100
     8.320000000     0.009424894    -0.312982636     0.013082398
     8.330000000     0.008486870    -0.299129869     0.011999558
     8.340000000     0.007631561    -0.285450698     0.010919965
     8.350000000     0.006837275    -0.271928074     0.009845974
     8.360000000     0.006087712    -0.258526893     0.008784501
     8.370000000     0.005373794    -0.245198198     0.007746728
     8.380000000     0.004693989    -0.231896785     0.006746881
     8.390000000     0.004053662    -0.218591171     0.005800354
     8.400000000     0.003464445    -0.205266561     0.004921547
     8.410000000     0.002944933    -0.191921611     0.004121920
     8.420000000     0.002524344    -0.178554613     0.003408654
     8.430000000     0.002250943    -0.165147898     0.002784185
     8.440000000     0.002207052    -0.151664468     0.002246598
     8.450000000     0.002532040    -0.138059242     0.001790679
     8.460000000     0.003453400    -0.124290660     0.001409256
     8.470000000     0.005323409    -0.110322072     0.001094486
     8.480000000     0.008654650    -0.096118531     0.000838803
     8.490000000     0.014142171    -0.081646978     0.000635437
     8.500000000     0.022654766    -0.066882387     0.000478525
     8.510000000     0.035175406    -0.051821057     0.000362951
     8.520000000     0.052674547    -0.036504750     0.000284044
     8.530000000     0.075912723    -0.021063642     0.000237260
     8.540000000     0.105190543    -0.005792208     0.000217903
     8.550000000     0.140090975     0.008719790     0.000220916
     8.560000000     0.179281896     0.021373183     0.000240777
     8.570000000     0.220455195     0.030250878     0.000271511
     8.580000000     0.260462938     0.032305248     0.000306888
     8.590000000     0.295669119     0.023439015     0.000340781
     8.600000000     0.322475776    -0.000117752     0.000367681
     8.610000000     0.337923026    -0.038433943     0.000383266
     8.620000000     0.340225859    -0.084621231     0.000384886
     8.630000000     0.329113248    -0.126937569     0.000371849
     8.640000000     0.305880484    -0.156231646     0.000345388
     8.650000000     0.273140724    -0.170416615     0.000308327
     8.660000000     0.234341603    -0.172467542     0.000264491
     8.670000000     0.193170396    -0.166624121     0.000218008
     8.680000000     0.152988917    -0.156342431     0.000172654
     8.690000000     0.116414639    -0.143897141     0.000131376
     8.700000000     0.085110559    -0.130628784     0.000096048
     8.710000000     0.059784350    -0.117273519     0.000067467
     8.720000000     0.040347795    -0.104210341     0.000045533
     8.730000000     0.026162565    -0.091617043     0.000029524
     8.740000000     0.016299303    -0.079561659     0.000018394
     8.750000000     0.009756319    -0.068054221     0.000011010
     8.760000000     0.005610882    -0.057075545     0.000006332
     8.770000000     0.003100306    -0.046593003     0.000003499
     8.780000000     0.001645910    -0.036569034     0.000001857
     8.790000000     0.000839530    -0.026965620     0.000000947
     8.800000000     0.000411428    -0.017746521     0.000000464
     8.810000000     0.000193723    -0.008878275     0.000000219
     8.820000000     0.000087638    -0.000330546     0.000000099
     8.830000000     0.000038092     0.007923890     0.000000043
     8.840000000     0.000015908     0.015909323     0.000000018
     8.850000000     0.000006383     0.023647364     0.000000007
     8.860000000     0.000002461     0.031157231     0.000000003
     8.870000000     0.000000911     0.038456012     0.000000001
     8.880000000     0.000000324     0.045558928     0.000000000
     8.890000000     0.000000111     0.052479559     0.000000000
     8.900000000     0.000000036     0.059230048     0.000000000
     8.910000000     0.000000011     0.065821281     0.000000000
     8.920000000     0.000000003     0.072263043     0.000000000
     8.930000000     0.000000001     0.078564154     0.000000000
     8.940000000     0.000000000     0.084732586     0.000000000
     8.950000000     0.000000000     0.090775563     0.000000000
     8.960000000     0.000000000     0.096699654     0.000000000
     8.970000000     0.000000000     0.102510845     0.000000000
     8.980000000     0.000000000     0.108214606     0.000000000
     8.990000000     0.000000000     0.113815951     0.000000000
     9.000000000     0.000000000     0.119319486     0.000000000
     9.010000000     0.000000000     0.124729452     0.000000000
     9.020000000     0.000000000     0.130049766     0.000000000
     9.030000000     0.000000000     0.135284053     0.000000000
     9.040000000     0.000000000     0.140435676     0.000000000
     9.050000000     0.000000000     0.145507758     0.000000000
     9.060000000     0.000000000     0.150503213     0.000000000
     9.070000000     0.000000000     0.155424759     0.000000000
     9.080000000     0.000000000     0.160274937     0.000000000
     9.090000000     0.000000000     0.165056133     0.000000000
     9.100000000     0.000000000     0.169770581     0.000000000
     9.110000000     0.000000000     0.174420388     0.000000000
     9.120000000     0.000000000     0.179007535     0.000000000
     9.130000000     0.000000000     0.183533894     0.000000000
     9.140000000     0.000000000     0.188001233     0.000000000
     9.150000000     0.000000000     0.192411226     0.000000000
     9.160000000     0.000000000     0.196765461     0.000000000
     9.170000000     0.000000000     0.201065444     0.000000000
     9.180000000     0.000000000     0.205312607     0.000000000
     9.190000000     0.000000000     0.209508314     0.000000000
     9.200000000     0.000000000     0.213653864     0.000000000
     9.210000000     0.000000000     0.217750497     0.000000000
     9.220000000     0.000000000     0.221799397     0.000000000
     9.230000000     0.000000000     0.225801695     0.000000000
     9.240000000     0.000000000     0.229758478     0.000000000
     9.250000000     0.000000000     0.233670782     0.000000000
     9.260000000     0.000000000     0.237539606     0.000000000
     9.270000000     0.000000000     0.241365905     0.000000000
     9.280000000     0.000000000     0.245150600     0.000000000
     9.290000000     0.000000000     0.248894574     0.000000000
     9.300000000     0.000000000     0.252598680     0.000000000
     9.310000000     0.000000000     0.256263738     0.000000000
     9.320000000     0.000000000     0.259890538     0.000000000
     9.330000000     0.000000000     0.263479845     0.000000000
     9.340000000     0.000000000     0.267032395     0.000000000
     9.350000000     0.000000000     0.270548901     0.000000000
     9.360000000     0.000000000     0.274030051     0.000000000
     9.370000000     0.000000000     0.277476513     0.000000000
     9.380000000     0.000000000     0.280888933     0.000000000
     9.390000000     0.000000000     0.284267935     0.000000000
     9.400000000     0.000000000     0.287614128     0.000000000
     9.410000000     0.000000000     0.290928099     0.000000000
     9.420000000     0.000000000     0.294210422     0.000000000
     9.430000000     0.000000000     0.297461650     0.000000000
     9.440000000     0.000000000     0.300682325     0.000000000
     9.450000000     0.000000000     0.303872973     0.000000000
     9.460000000     0.000000000     0.307034105     0.000000000
     9.470000000     0.000000001     0.310166221     0.000000001
     9.480000000     0.000000001     0.313269807     0.000000002
     9.490000000     0.000000004     0.316345338     0.000000005
     9.500000000     0.000000010     0.319393278     0.000000013
     9.510000000     0.000000024     0.322414082     0.000000032
     9.520000000     0.000000055     0.325408194     0.000000076
     9.530000000     0.000000123     0.328376050     0.000000169
     9.540000000     0.000000266     0.331318076     0.000000365
     9.550000000     0.000000549     0.334234694     0.000000754
     9.560000000     0.000001091     0.337126315     0.000001498
     9.570000000     0.000002081     0.339993345     0.000002858
     9.580000000     0.000003816     0.342836184     0.000005240
     9.590000000     0.000006723     0.345655220     0.000009232
     9.600000000     0.000011380     0.348450833     0.000015626
     9.610000000     0.000018506     0.351223385     0.000025411
     9.620000000     0.000028915     0.353973213     0.000039704
     9.630000000     0.000043407     0.356700605     0.000059603
     9.640000000     0.000062607     0.359405772     0.000085967
     9.650000000     0.000086759     0.362088778     0.000119132
     9.660000000     0.000115514     0.364749437     0.000158617
     9.670000000     0.000147770     0.367387137     0.000202908
     9.680000000     0.000181620     0.370000581     0.000249389
     9.690000000     0.000214472     0.372587535     0.000294498
     9.700000000     0.000243335     0.375144904     0.000334131
     9.710000000     0.000265258     0.377669880     0.000364234
     9.720000000     0.000277817     0.380162738     0.000381479
     9.730000000     0.000279562     0.382629480     0.000383875
     9.740000000     0.000270287     0.385080026     0.000371140
     9.750000000     0.000251074     0.387522083     0.000344757
     9.760000000     0.000224081     0.389957540     0.000307693
     9.770000000     0.000192149     0.392384159     0.000263845
     9.780000000     0.000158306     0.394798696     0.000217375
     9.790000000     0.000125310     0.397198556     0.000172067
     9.800000000     0.000095302     0.399582109     0.000130862
     9.810000000     0.000069638     0.401948487     0.000095622
     9.820000000     0.000048890     0.404297309     0.000067133
     9.830000000     0.000032978     0.406628482     0.000045283
     9.840000000     0.000021372     0.408942075     0.000029347
     9.850000000     0.000013308     0.411238240     0.000018274
     9.860000000     0.000007962     0.413517173     0.000010932
     9.870000000     0.000004576     0.415779091     0.000006284
     9.880000000     0.000002527     0.418024219     0.000003470
     9.890000000     0.000001341     0.420252781     0.000001841
     9.900000000     0.000000684     0.422464998     0.000000939
     9.910000000     0.000000335     0.424661086     0.000000460
     9.920000000     0.000000158     0.426841258     0.000000216
     9.930000000     0.000000071     0.429005718     0.000000098
     9.940000000     0.000000031     0.431154666     0.000000043
     9.950000000     0.000000013     0.433288297     0.000000018
     9.960000000     0.000000005     0.435406800     0.000000007
     9.970000000     0.000000002     0.437510359     0.000000003
     9.980000000     0.000000001     0.439599154     0.000000001
     9.990000000     0.000000000     0.441673361     0.000000000
    10.000000000     0.000000000     0.443733152     0.000000000
    10.010000000     0.000000000     0.445778693     0.000000000
    10.020000000     0.000000000     0.447810150     0.000000000
    10.030000000     0.000000000     0.449827683     0.000000000
    10.040000000     0.000000000     0.451831450     0.000000000
    10.050000000     0.000000000     0.453821605     0.000000000
    10.060000000     0.000000000     0.455798300     0.000000000
    10.070000000     0.000000000     0.457761684     0.000000000
    10.080000000     0.000000000     0.459711902     0.000000000
    10.090000000     0.000000000     0.461649098     0.000000000
    10.100000000     0.000000000     0.463573413     0.000000000
    10.110000000     0.000000000     0.465484985     0.000000000
    10.120000000     0.000000000     0.467383951     0.000000000
    10.130000000     0.000000000     0.469270445     0.000000000
    10.140000000     0.000000000     0.471144597     0.000000000
    10.150000000     0.000000000     0.473006538     0.000000000
    10.160000000     0.000000000     0.474856394     0.000000000
    10.170000000     0.000000000     0.476694292     0.000000000
    10.180000000     0.000000000     0.478520355     0.000000000
    10.190000000     0.000000000     0.480334703     0.000000000
    10.200000000     0.000000000     0.482137458     0.000000000
    10.210000000     0.000000000     0.483928736     0.000000000
    10.220000000     0.000000000     0.485708653     0.000000000
    10.230000000     0.000000000     0.487477325     0.000000000
    10.240000000     0.000000000     0.489234863     0.000000000
    10.250000000     0.000000000     0.490981378     0.000000000
    10.260000000     0.000000000     0.492716981     0.000000000
    10.270000000     0.000000000     0.494441777     0.000000000
    10.280000000     0.000000000     0.496155874     0.000000000
    10.290000000     0.000000000     0.497859376     0.000000000
    10.300000000     0.000000000     0.499552386     0.000000000
    10.310000000     0.000000000     0.501235007     0.000000000
    10.320000000     0.000000000     0.502907337     0.000000000
    10.330000000     0.000000000     0.504569477     0.000000000
    10.340000000     0.000000000     0.506221523     0.000000000
    10.350000000     0.000000000     0.507863572     0.000000000
    10.360000000     0.000000000     0.509495718     0.000000000
    10.370000000     0.000000000     0.511118055     0.000000000
    10.380000000     0.000000000     0.512730675     0.000000000
    10.390000000     0.000000000     0.514333670     0.000000000
    10.400000000     0.000000000     0.515927128     0.000000000
    10.410000000     0.000000000     0.517511139     0.000000000
    10.420000000     0.000000000     0.519085790     0.000000000
    10.430000000     0.000000000     0.520651168     0.000000000
    10.440000000     0.000000000     0.522207356     0.000000000
    10.450000000     0.000000000     0.523754440     0.000000000
    10.460000000     0.000000000     0.525292502     0.000000000
    10.470000000     0.000000000     0.526821624     0.000000000
    10.480000000     0.000000000     0.528341887     0.000000000
    10.490000000     0.000000000     0.529853370     0.000000000
    10.500000000     0.000000000     0.531356153     0.000000000
    10.510000000     0.000000000     0.532850312     0.000000000
    10.520000000     0.000000000     0.534335926     0.000000000
    10.530000000     0.000000000     0.535813068     0.000000000
    10.540000000     0.000000000     0.537281815     0.000000000
    10.550000000     0.000000000     0.538742240     0.000000000
    10.560000000     0.000000000     0.540194416     0.000000000
    10.570000000     0.000000000     0.541638416     0.000000000
    10.580000000     0.000000000     0.543074309     0.000000000
    10.590000000     0.000000000     0.544502167     0.000000000
    10.600000000     0.000000000     0.545922060     0.000000000
    10.610000000     0.000000000     0.547334054     0.000000000
    10.620000000     0.000000000     0.548738220     0.000000000
    10.630000000     0.000000000     0.550134622     0.000000000
    10.640000000     0.000000000     0.551523328     0.000000000
    10.650000000     0.000000000     0.552904402     0.000000000
    10.660000000     0.000000000     0.554277910     0.000000000
    10.670000000     0.000000000     0.555643915     0.000000000
    10.680000000     0.000000000     0.557002480     0.000000000
    10.690000000     0.000000000     0.558353668     0.000000000
    10.700000000     0.000000000     0.559697540     0.000000000
    10.710000000     0.000000000     0.561034156     0.000000000
    10.720000000     0.000000000     0.562363577     0.000000000
    10.730000000     0.000000000     0.563685863     0.000000000
    10.740000000     0.000000000     0.565001072     0.000000000
    10.750000000     0.000000000     0.566309262     0.000000000
    10.760000000     0.000000000     0.567610490     0.000000000
    10.770000000     0.000000000     0.568904814     0.000000000
    10.780000000     0.000000000     0.570192289     0.000000000
    10.790000000     0.000000000     0.571472971     0.000000000
    10.800000000     0.000000000     0.572746915     0.000000000
    10.810000000     0.000000000     0.574014175     0.000000000
    10.820000000     0.000000000     0.575274804     0.000000000
    10.830000000     0.000000000     0.576528856     0.000000000
    10.840000000     0.000000000     0.577776383     0.000000000
    10.850000000     0.000000000     0.579017437     0.000000000
    10.860000000     0.000000000     0.580252068     0.000000000
    10.870000000     0.000000000     0.581480329     0.000000000
    10.880000000     0.000000000     0.582702268     0.000000000
    10.890000000     0.000000000     0.583917936     0.000000000
    10.900000000     0.000000000     0.585127381     0.000000000
    10.910000000     0.000000000     0.586330652     0.000000000
    10.920000000     0.000000000     0.587527797     0.000000000
    10.930000000     0.000000000     0.588718864     0.000000000
    10.940000000     0.000000000     0.589903899     0.000000000
    10.950000000     0.000000000     0.591082949     0.000000000
    10.960000000     0.000000000     0.592256059     0.000000000
    10.970000000     0.000000000     0.593423276     0.000000000
    10.980000000     0.000000000     0.594584645     0.000000000
    10.990000000     0.000000000     0.595740209     0.000000000
    11.000000000     0.000000000     0.596890012     0.000000000
