 # Column 1: omega
 # Column 2: eps2(omega)
 # Column 3: eps1(omega)
 # Column 4: JDOS(omega)
     0.000000000     0.000000000     2.455740307     0.000000000
     0.010000000     0.000000000     2.455760445     0.000000000
     0.020000000     0.000000000     2.455820864     0.000000000
     0.030000000     0.000000000     2.455921585     0.000000000
     0.040000000     0.000000000     2.456062640     0.000000000
     0.050000000     0.000000000     2.456244076     0.000000000
     0.060000000     0.000000000     2.456465952     0.000000000
     0.070000000     0.000000000     2.456728339     0.000000000
     0.080000000     0.000000000     2.457031324     0.000000000
     0.090000000     0.000000000     2.457375007     0.000000000
     0.100000000     0.000000000     2.457759500     0.000000000
     0.110000000     0.000000000     2.458184929     0.000000000
     0.120000000     0.000000000     2.458651435     0.000000000
     0.130000000     0.000000000     2.459159171     0.000000000
     0.140000000     0.000000000     2.459708307     0.000000000
     0.150000000     0.000000000     2.460299024     0.000000000
     0.160000000     0.000000000     2.460931519     0.000000000
     0.170000000     0.000000000     2.461606003     0.000000000
     0.180000000     0.000000000     2.462322703     0.000000000
     0.190000000     0.000000000     2.463081860     0.000000000
     0.200000000     0.000000000     2.463883730     0.000000000
     0.210000000     0.000000000     2.464728586     0.000000000
     0.220000000     0.000000000     2.465616715     0.000000000
     0.230000000     0.000000000     2.466548421     0.000000000
     0.240000000     0.000000000     2.467524025     0.000000000
     0.250000000     0.000000000     2.468543863     0.000000000
     0.260000000     0.000000000     2.469608290     0.000000000
     0.270000000     0.000000000     2.470717678     0.000000000
     0.280000000     0.000000000     2.471872417     0.000000000
     0.290000000     0.000000000     2.473072913     0.000000000
     0.300000000     0.000000000     2.474319595     0.000000000
     0.310000000     0.000000000     2.475612908     0.000000000
     0.320000000     0.000000000     2.476953317     0.000000000
     0.330000000     0.000000000     2.478341308     0.000000000
     0.340000000     0.000000000     2.479777388     0.000000000
     0.350000000     0.000000000     2.481262086     0.000000000
     0.360000000     0.000000000     2.482795950     0.000000000
     0.370000000     0.000000000     2.484379554     0.000000000
     0.380000000     0.000000000     2.486013492     0.000000000
     0.390000000     0.000000000     2.487698386     0.000000000
     0.400000000     0.000000000     2.489434878     0.000000000
     0.410000000     0.000000000     2.491223640     0.000000000
     0.420000000     0.000000000     2.493065367     0.000000000
     0.430000000     0.000000000     2.494960782     0.000000000
     0.440000000     0.000000000     2.496910638     0.000000000
     0.450000000     0.000000000     2.498915714     0.000000000
     0.460000000     0.000000000     2.500976821     0.000000000
     0.470000000     0.000000000     2.503094800     0.000000000
     0.480000000     0.000000000     2.505270526     0.000000000
     0.490000000     0.000000000     2.507504905     0.000000000
     0.500000000     0.000000000     2.509798878     0.000000000
     0.510000000     0.000000000     2.512153424     0.000000000
     0.520000000     0.000000000     2.514569558     0.000000000
     0.530000000     0.000000000     2.517048331     0.000000000
     0.540000000     0.000000000     2.519590839     0.000000000
     0.550000000     0.000000000     2.522198217     0.000000000
     0.560000000     0.000000000     2.524871643     0.000000000
     0.570000000     0.000000000     2.527612342     0.000000000
     0.580000000     0.000000000     2.530421585     0.000000000
     0.590000000     0.000000000     2.533300693     0.000000000
     0.600000000     0.000000000     2.536251036     0.000000000
     0.610000000     0.000000000     2.539274040     0.000000000
     0.620000000     0.000000000     2.542371185     0.000000000
     0.630000000     0.000000000     2.545544011     0.000000000
     0.640000000     0.000000000     2.548794116     0.000000000
     0.650000000     0.000000000     2.552123164     0.000000000
     0.660000000     0.000000000     2.555532885     0.000000000
     0.670000000     0.000000000     2.559025078     0.000000000
     0.680000000     0.000000000     2.562601614     0.000000000
     0.690000000     0.000000000     2.566264443     0.000000000
     0.700000000     0.000000000     2.570015591     0.000000000
     0.710000000     0.000000000     2.573857173     0.000000000
     0.720000000     0.000000000     2.577791387     0.000000000
     0.730000000     0.000000000     2.581820528     0.000000000
     0.740000000     0.000000000     2.585946984     0.000000000
     0.750000000     0.000000000     2.590173249     0.000000000
     0.760000000     0.000000000     2.594501922     0.000000000
     0.770000000     0.000000000     2.598935718     0.000000000
     0.780000000     0.000000000     2.603477467     0.000000000
     0.790000000     0.000000000     2.608130129     0.000000000
     0.800000000     0.000000000     2.612896796     0.000000000
     0.810000000     0.000000000     2.617780698     0.000000000
     0.820000000     0.000000000     2.622785215     0.000000000
     0.830000000     0.000000000     2.627913883     0.000000000
     0.840000000     0.000000000     2.633170404     0.000000000
     0.850000000     0.000000000     2.638558655     0.000000000
     0.860000000     0.000000000     2.644082700     0.000000000
     0.870000000     0.000000000     2.649746797     0.000000000
     0.880000000     0.000000000     2.655555417     0.000000000
     0.890000000     0.000000000     2.661513251     0.000000000
     0.900000000     0.000000000     2.667625226     0.000000000
     0.910000000     0.000000000     2.673896522     0.000000000
     0.920000000     0.000000000     2.680332586     0.000000000
     0.930000000     0.000000000     2.686939148     0.000000000
     0.940000000     0.000000000     2.693722246     0.000000000
     0.950000000     0.000000000     2.700688240     0.000000000
     0.960000000     0.000000000     2.707843840     0.000000000
     0.970000000     0.000000000     2.715196124     0.000000000
     0.980000000     0.000000000     2.722752572     0.000000000
     0.990000000     0.000000000     2.730521089     0.000000000
     1.000000000     0.000000000     2.738510037     0.000000000
     1.010000000     0.000000000     2.746728271     0.000000000
     1.020000000     0.000000000     2.755185178     0.000000000
     1.030000000     0.000000000     2.763890712     0.000000000
     1.040000000     0.000000000     2.772855442     0.000000000
     1.050000000     0.000000000     2.782090603     0.000000000
     1.060000000     0.000000000     2.791608146     0.000000000
     1.070000000     0.000000000     2.801420799     0.000000000
     1.080000000     0.000000000     2.811542134     0.000000000
     1.090000000     0.000000000     2.821986633     0.000000000
     1.100000000     0.000000000     2.832769776     0.000000000
     1.110000000     0.000000000     2.843908121     0.000000000
     1.120000000     0.000000000     2.855419406     0.000000000
     1.130000000     0.000000000     2.867322657     0.000000000
     1.140000000     0.000000000     2.879638307     0.000000000
     1.150000000     0.000000000     2.892388334     0.000000000
     1.160000000     0.000000000     2.905596408     0.000000000
     1.170000000     0.000000000     2.919288058     0.000000000
     1.180000000     0.000000000     2.933490868     0.000000000
     1.190000000     0.000000000     2.948234681     0.000000000
     1.200000000     0.000000000     2.963551844     0.000000000
     1.210000000     0.000000000     2.979477473     0.000000000
     1.220000000     0.000000000     2.996049763     0.000000000
     1.230000000     0.000000000     3.013310330     0.000000000
     1.240000000     0.000000000     3.031304607     0.000000000
     1.250000000     0.000000000     3.050082290     0.000000000
     1.260000000     0.000000000     3.069697850     0.000000000
     1.270000000     0.000000001     3.090211115     0.000000000
     1.280000000     0.000000003     3.111687939     0.000000000
     1.290000000     0.000000012     3.134200972     0.000000000
     1.300000000     0.000000039     3.157830542     0.000000000
     1.310000000     0.000000126     3.182665669     0.000000000
     1.320000000     0.000000395     3.208805237     0.000000000
     1.330000000     0.000001188     3.236359346     0.000000000
     1.340000000     0.000003432     3.265450863     0.000000001
     1.350000000     0.000009537     3.296217217     0.000000002
     1.360000000     0.000025479     3.328812446     0.000000006
     1.370000000     0.000065458     3.363409537     0.000000015
     1.380000000     0.000161723     3.400203072     0.000000037
     1.390000000     0.000384250     3.439412168     0.000000087
     1.400000000     0.000878029     3.481283665     0.000000197
     1.410000000     0.001929630     3.526095442     0.000000430
     1.420000000     0.004078729     3.574159596     0.000000905
     1.430000000     0.008292351     3.625824952     0.000001830
     1.440000000     0.016216152     3.681477964     0.000003557
     1.450000000     0.030503534     3.741540251     0.000006652
     1.460000000     0.055194883     3.806459612     0.000011962
     1.470000000     0.096074242     3.876688915     0.000020689
     1.480000000     0.160874363     3.952642784     0.000034417
     1.490000000     0.259149012     4.034614077     0.000055070
     1.500000000     0.401610480     4.122618025     0.000084759
     1.510000000     0.598772609     4.216107107     0.000125486
     1.520000000     0.858870191     4.313458137     0.000178715
     1.530000000     1.185244154     4.411069991     0.000244850
     1.540000000     1.573647698     4.501839635     0.000322720
     1.550000000     2.010158354     4.572795560     0.000409224
     1.560000000     2.470468148     4.602073928     0.000499270
     1.570000000     2.921179051     4.556935243     0.000586124
     1.580000000     3.323329680     4.397661326     0.000662212
     1.590000000     3.637796234     4.093917489     0.000720249
     1.600000000     3.831614317     3.651271858     0.000754531
     1.610000000     3.883868940     3.127611909     0.000762083
     1.620000000     3.789767387     2.619683134     0.000743433
     1.630000000     3.561893582     2.221216723     0.000702813
     1.640000000     3.228339317     1.978481954     0.000647758
     1.650000000     2.828191008     1.881753985     0.000588213
     1.660000000     2.405461245     1.892333580     0.000535348
     1.670000000     2.002805071     1.970325479     0.000500342
     1.680000000     1.656209443     2.086212949     0.000493337
     1.690000000     1.391400395     2.221160479     0.000522706
     1.700000000     1.222177505     2.363657885     0.000594655
     1.710000000     1.150458225     2.506012693     0.000713145
     1.720000000     1.167608097     2.641414030     0.000880066
     1.730000000     1.256639736     2.761363599     0.001095613
     1.740000000     1.394981383     2.853368820     0.001358837
     1.750000000     1.557614924     2.899745953     0.001668371
     1.760000000     1.720377829     2.880430981     0.002023319
     1.770000000     1.863114520     2.784385153     0.002424251
     1.780000000     1.972231137     2.627969332     0.002874188
     1.790000000     2.042165600     2.460129793     0.003379378
     1.800000000     2.075410606     2.335319796     0.003949608
     1.810000000     2.081019239     2.278984385     0.004597815
     1.820000000     2.071894825     2.282248776     0.005338831
     1.830000000     2.061486173     2.318562954     0.006187262
     1.840000000     2.060658616     2.359279216     0.007154700
     1.850000000     2.075439311     2.382539297     0.008246657
     1.860000000     2.106075536     2.377994388     0.009459758
     1.870000000     2.147493556     2.346325652     0.010779728
     1.880000000     2.190916124     2.292739864     0.012180665
     1.890000000     2.226173422     2.220346338     0.013625893
     1.900000000     2.244158316     2.130551644     0.015070475
     1.910000000     2.238917516     2.027904296     0.016465239
     1.920000000     2.208996108     1.922068516     0.017761951
     1.930000000     2.157822548     1.827013572     0.018919074
     1.940000000     2.093104231     1.758316509     0.019907382
     1.950000000     2.025379341     1.726730942     0.020714609
     1.960000000     1.966019667     1.732391936     0.021348251
     1.970000000     1.925078844     1.765216944     0.021835799
     1.980000000     1.909408190     1.809428602     0.022221992
     1.990000000     1.921404761     1.848335621     0.022563147
     2.000000000     1.958620015     1.868238133     0.022919244
     2.010000000     2.014271750     1.860476966     0.023344951
     2.020000000     2.078512409     1.821223773     0.023881153
     2.030000000     2.140160807     1.751268915     0.024548562
     2.040000000     2.188535977     1.657035737     0.025344719
     2.050000000     2.215051193     1.549969425     0.026245062
     2.060000000     2.214317634     1.443086952     0.027208026
     2.070000000     2.184636793     1.346116428     0.028183313
     2.080000000     2.127889689     1.261940533     0.029121877
     2.090000000     2.048928591     1.189652358     0.029985738
     2.100000000     1.954629961     1.130793183     0.030755725
     2.110000000     1.852779689     1.088837671     0.031435576
     2.120000000     1.750948920     1.064575920     0.032051480
     2.130000000     1.655496849     1.055891549     0.032647080
     2.140000000     1.570814323     1.059985412     0.033274870
     2.150000000     1.498897080     1.072515075     0.033985733
     2.160000000     1.439302154     1.085418574     0.034818747
     2.170000000     1.389489484     1.088797606     0.035793328
     2.180000000     1.345486399     1.076699106     0.036905277
     2.190000000     1.302749167     1.050876823     0.038127457
     2.200000000     1.257053012     1.018610966     0.039414915
     2.210000000     1.205236439     0.987474281     0.040713465
     2.220000000     1.145663000     0.962057799     0.041970145
     2.230000000     1.078334747     0.944319708     0.043143749
     2.240000000     1.004676427     0.935788430     0.044213612
     2.250000000     0.927083355     0.938107410     0.045185137
     2.260000000     0.848369286     0.951267711     0.046090998
     2.270000000     0.771254094     0.972716461     0.046987579
     2.280000000     0.697997936     0.998482484     0.047946925
     2.290000000     0.630232395     1.024949065     0.049045300
     2.300000000     0.568978468     1.050430400     0.050350092
     2.310000000     0.514793977     1.075776461     0.051907324
     2.320000000     0.467970576     1.103340454     0.053732042
     2.330000000     0.428705497     1.135041388     0.055803438
     2.340000000     0.397198783     1.171031986     0.058065675
     2.350000000     0.373660906     1.209775762     0.060434189
     2.360000000     0.358245617     1.249068981     0.062806157
     2.370000000     0.350940383     1.286965307     0.065073053
     2.380000000     0.351450451     1.322150492     0.067132989
     2.390000000     0.359106734     1.354077325     0.068900961
     2.400000000     0.372818867     1.382949690     0.070315823
     2.410000000     0.391087313     1.409156172     0.071343729
     2.420000000     0.412082345     1.432314776     0.071978388
     2.430000000     0.433790187     1.450848287     0.072238851
     2.440000000     0.454214287     1.462614542     0.072165514
     2.450000000     0.471603548     1.466272829     0.071814907
     2.460000000     0.484664742     1.462752676     0.071253656
     2.470000000     0.492711299     1.455875572     0.070552045
     2.480000000     0.495711244     1.450919063     0.069777659
     2.490000000     0.494222421     1.451545931     0.068989759
     2.500000000     0.489235256     1.457885972     0.068235005
     2.510000000     0.481969028     1.467350993     0.067544952
     2.520000000     0.473675933     1.476787026     0.066935373
     2.530000000     0.465494064     1.484136712     0.066407086
     2.540000000     0.458362265     1.489099720     0.065947686
     2.550000000     0.452980021     1.492926118     0.065533617
     2.560000000     0.449778962     1.497425431     0.065132247
     2.570000000     0.448877490     1.503866318     0.064703971
     2.580000000     0.450014327     1.512582461     0.064204685
     2.590000000     0.452488223     1.522826519     0.063588987
     2.600000000     0.455152914     1.532492829     0.062814253
     2.610000000     0.456515204     1.538422171     0.061845248
     2.620000000     0.454956315     1.537538634     0.060658472
     2.630000000     0.449051008     1.528434606     0.059245173
     2.640000000     0.437913416     1.512926570     0.057612088
     2.650000000     0.421472482     1.496506722     0.055779435
     2.660000000     0.400586262     1.486102605     0.053776467
     2.670000000     0.376943587     1.486017202     0.051635605
     2.680000000     0.352761296     1.496091512     0.049386677
     2.690000000     0.330345274     1.513326283     0.047052802
     2.700000000     0.311623619     1.534197330     0.044648995
     2.710000000     0.297767980     1.555725158     0.042183779
     2.720000000     0.288993268     1.575484105     0.039663168
     2.730000000     0.284576387     1.591360424     0.037095709
     2.740000000     0.283077294     1.601688545     0.034496977
     2.750000000     0.282697167     1.605891914     0.031892183
     2.760000000     0.281680806     1.605129326     0.029316175
     2.770000000     0.278668412     1.602186915     0.026810927
     2.780000000     0.272923268     1.600335164     0.024421314
     2.790000000     0.264398421     1.601775021     0.022190330
     2.800000000     0.253646575     1.606980284     0.020154873
     2.810000000     0.241612568     1.615422890     0.018342866
     2.820000000     0.229369321     1.626466825     0.016771978
     2.830000000     0.217862850     1.639394676     0.015449815
     2.840000000     0.207720879     1.653101399     0.014375136
     2.850000000     0.199157734     1.666245916     0.013539682
     2.860000000     0.191982158     1.677725966     0.012930182
     2.870000000     0.185691079     1.686982245     0.012530272
     2.880000000     0.179616398     1.694094218     0.012322071
     2.890000000     0.173085785     1.699889471     0.012287232
     2.900000000     0.165562223     1.705737974     0.012407317
     2.910000000     0.156737864     1.712712013     0.012663467
     2.920000000     0.146571780     1.720941055     0.013035496
     2.930000000     0.135274634     1.730093084     0.013500726
     2.940000000     0.123253044     1.740280932     0.014033009
     2.950000000     0.111031417     1.752053526     0.014602400
     2.960000000     0.099169322     1.765656176     0.015175820
     2.970000000     0.088189386     1.780746939     0.015718838
     2.980000000     0.078525654     1.796731466     0.016198395
     2.990000000     0.070496644     1.813109623     0.016586032
     3.000000000     0.064301857     1.829584654     0.016861002
     3.010000000     0.060036109     1.846007357     0.017012594
     3.020000000     0.057713191     1.862289999     0.017041128
     3.030000000     0.057289679     1.878385412     0.016957357
     3.040000000     0.058681345     1.894282828     0.016780405
     3.050000000     0.061768176     1.909967834     0.016534728
     3.060000000     0.066388626     1.925394140     0.016246874
     3.070000000     0.072327942     1.940469468     0.015942856
     3.080000000     0.079308004     1.954985024     0.015646726
     3.090000000     0.086986118     1.968523509     0.015380580
     3.100000000     0.094967739     1.980549380     0.015165699
     3.110000000     0.102833945     1.990782852     0.015024231
     3.120000000     0.110179992     1.999555529     0.014980598
     3.130000000     0.116657909     2.007614334     0.015061989
     3.140000000     0.122014698     2.015464809     0.015297527
     3.150000000     0.126118536     2.023104750     0.015716145
     3.160000000     0.128967998     2.030425605     0.016343480
     3.170000000     0.130683063     2.037698367     0.017198348
     3.180000000     0.131480462     2.045552729     0.018289448
     3.190000000     0.131639188     2.054470947     0.019612906
     3.200000000     0.131463757     2.064418873     0.021151189
     3.210000000     0.131252800     2.074986388     0.022873721
     3.220000000     0.131278561     2.085737652     0.024739313
     3.230000000     0.131779322     2.096387762     0.026700196
     3.240000000     0.132962700     2.106875874     0.028707179
     3.250000000     0.135014449     2.117435985     0.030715186
     3.260000000     0.138105902     2.128421676     0.032688376
     3.270000000     0.142394034     2.139926634     0.034604087
     3.280000000     0.148010941     2.151695921     0.036455040
     3.290000000     0.155043272     2.163388079     0.038249555
     3.300000000     0.163505606     2.174757601     0.040009760
     3.310000000     0.173314067     2.185622056     0.041768065
     3.320000000     0.184267042     2.195774593     0.043562341
     3.330000000     0.196039029     2.204918848     0.045430407
     3.340000000     0.208191510     2.212727808     0.047404512
     3.350000000     0.220201993     2.219023602     0.049506528
     3.360000000     0.231509184     2.223836594     0.051744478
     3.370000000     0.241569204     2.227292043     0.054110814
     3.380000000     0.249915217     2.229512893     0.056582565
     3.390000000     0.256211543     2.230719871     0.059123163
     3.400000000     0.260293682     2.231456504     0.061685497
     3.410000000     0.262188004     2.232576692     0.064215715
     3.420000000     0.262108564     2.234840819     0.066657317
     3.430000000     0.260432761     2.238524807     0.068955329
     3.440000000     0.257660961     2.243517468     0.071060456
     3.450000000     0.254366860     2.249681462     0.072933158
     3.460000000     0.251145000     2.256943519     0.074547495
     3.470000000     0.248560068     2.265153884     0.075894331
     3.480000000     0.247100667     2.274131110     0.076983392
     3.490000000     0.247139194     2.283860331     0.077843679
     3.500000000     0.248899857     2.294423756     0.078522047
     3.510000000     0.252438083     2.305639773     0.079080140
     3.520000000     0.257635591     2.316846930     0.079590304
     3.530000000     0.264214945     2.327107374     0.080131189
     3.540000000     0.271774896     2.335715826     0.080783653
     3.550000000     0.279843825     2.342645279     0.081627134
     3.560000000     0.287944056     2.348485917     0.082736287
     3.570000000     0.295656432     2.353853753     0.084177435
     3.580000000     0.302673276     2.358894847     0.086004538
     3.590000000     0.308829300     2.363434002     0.088254803
     3.600000000     0.314103898     2.367565402     0.090944576
     3.610000000     0.318593978     2.371957953     0.094066542
     3.620000000     0.322462880     2.377409675     0.097589251
     3.630000000     0.325876812     2.384117311     0.101459631
     3.640000000     0.328944100     2.391517495     0.105608507
     3.650000000     0.331673191     2.398810776     0.109958465
     3.660000000     0.333961982     2.405538398     0.114432876
     3.670000000     0.335623963     2.411658292     0.118964621
     3.680000000     0.336447290     2.417215869     0.123503088
     3.690000000     0.336273699     2.422189436     0.128018258
     3.700000000     0.335077690     2.426772401     0.132501136
     3.710000000     0.333024961     2.431726013     0.136960365
     3.720000000     0.330493219     2.438229836     0.141415508
     3.730000000     0.328047439     2.447174480     0.145888132
     3.740000000     0.326372950     2.458641401     0.150392336
     3.750000000     0.326180246     2.472073664     0.154926540
     3.760000000     0.328102429     2.486710623     0.159468137
     3.770000000     0.332607678     2.501810779     0.163971995
     3.780000000     0.339945052     2.516724947     0.168372901
     3.790000000     0.350133049     2.530926025     0.172591203
     3.800000000     0.362989105     2.543944629     0.176540254
     3.810000000     0.378187121     2.555298606     0.180134142
     3.820000000     0.395322213     2.564605486     0.183294479
     3.830000000     0.413959726     2.571805642     0.185955653
     3.840000000     0.433650629     2.577251015     0.188068647
     3.850000000     0.453907236     2.581663632     0.189603989
     3.860000000     0.474149046     2.585918269     0.190554506
     3.870000000     0.493643005     2.590387870     0.190938177
     3.880000000     0.511470144     2.594186311     0.190800804
     3.890000000     0.526546866     2.595192277     0.190217603
     3.900000000     0.537714051     2.591302744     0.189292482
     3.910000000     0.543884854     2.582225981     0.188153891
     3.920000000     0.544220484     2.570152134     0.186946696
     3.930000000     0.538290583     2.558485609     0.185820351
     3.940000000     0.526176054     2.550001443     0.184914538
     3.950000000     0.508487101     2.546078641     0.184344086
     3.960000000     0.486292298     2.547023973     0.184185323
     3.970000000     0.460977459     2.552655878     0.184465872
     3.980000000     0.434068566     2.562657014     0.185159491
     3.990000000     0.407056994     2.576594708     0.186186857
     4.000000000     0.381258435     2.593901005     0.187422342
     4.010000000     0.357723309     2.614021878     0.188706045
     4.020000000     0.337201415     2.636463200     0.189859671
     4.030000000     0.320151664     2.660687088     0.190704431
     4.040000000     0.306781230     2.686204775     0.191079180
     4.050000000     0.297097362     2.712815546     0.190857208
     4.060000000     0.290958010     2.740492285     0.189960593
     4.070000000     0.288112330     2.768969653     0.188371329
     4.080000000     0.288227366     2.797691520     0.186138549
     4.090000000     0.290901895     2.826240255     0.183381028
     4.100000000     0.295672011     2.854690997     0.180283960
     4.110000000     0.302015237     2.883391093     0.177089137
     4.120000000     0.309360465     2.912371503     0.174078255
     4.130000000     0.317109537     2.941166046     0.171550228
     4.140000000     0.324672693     2.969258280     0.169794752
     4.150000000     0.331515418     2.996567571     0.169065420
     4.160000000     0.337209710     3.023571742     0.169556105
     4.170000000     0.341480498     3.051161570     0.171383730
     4.180000000     0.344239145     3.080366325     0.174579268
     4.190000000     0.345600901     3.112047962     0.179087118
     4.200000000     0.345890462     3.146698167     0.184771595
     4.210000000     0.345647071     3.184448593     0.191428305
     4.220000000     0.345645336     3.225226323     0.198798059
     4.230000000     0.346948305     3.268886946     0.206581355
     4.240000000     0.351004617     3.315370625     0.214452232
     4.250000000     0.359791576     3.364965696     0.222071139
     4.260000000     0.375990587     3.418406729     0.229097225
     4.270000000     0.403160184     3.476476731     0.235200924
     4.280000000     0.445845629     3.539387119     0.240077892
     4.290000000     0.509536926     3.606518529     0.243465024
     4.300000000     0.600369351     3.676667953     0.245158495
     4.310000000     0.724468254     3.748473270     0.245032588
     4.320000000     0.886890352     3.820538753     0.243056785
     4.330000000     1.090216329     3.890971862     0.239307680
     4.340000000     1.332993945     3.956405935     0.233972124
     4.350000000     1.608380469     4.010763940     0.227338915
     4.360000000     1.903429015     4.043874474     0.219778195
     4.370000000     2.199442511     4.040183738     0.211710093
     4.380000000     2.473644256     3.978707996     0.203566368
     4.390000000     2.702100393     3.837229119     0.195750356
     4.400000000     2.863454819     3.605149806     0.188600882
     4.410000000     2.942723147     3.302415445     0.182365033
     4.420000000     2.934261611     2.984717982     0.177183048
     4.430000000     2.843149941     2.717776535     0.173086431
     4.440000000     2.684586447     2.541673899     0.170008381
     4.450000000     2.481383353     2.459946944     0.167803937
     4.460000000     2.260116280     2.453357645     0.166276241
     4.470000000     2.046780729     2.497034619     0.165204965
     4.480000000     1.862862947     2.569452821     0.164373274
     4.490000000     1.722553393     2.654008745     0.163590451
     4.500000000     1.631500825     2.737632354     0.162708357
     4.510000000     1.587137439     2.809515630     0.161630981
     4.520000000     1.580298814     2.860741316     0.160317198
     4.530000000     1.597672784     2.884426771     0.158777551
     4.540000000     1.624548372     2.876855064     0.157066193
     4.550000000     1.647377745     2.841160445     0.155269391
     4.560000000     1.655776690     2.790940127     0.153492135
     4.570000000     1.643739376     2.745785863     0.151844576
     4.580000000     1.610003236     2.719649162     0.150430061
     4.590000000     1.557645942     2.715553084     0.149336408
     4.600000000     1.493107766     2.731290666     0.148631502
     4.610000000     1.424893882     2.765943212     0.148363409
     4.620000000     1.362216966     2.819626409     0.148564095
     4.630000000     1.313797359     2.890160713     0.149254859
     4.640000000     1.286963270     2.972369050     0.150451153
     4.650000000     1.287108632     3.059874094     0.152164729
     4.660000000     1.317490782     3.147169422     0.154402071
     4.670000000     1.379296777     3.230583013     0.157159477
     4.680000000     1.471880350     3.307379883     0.160416469
     4.690000000     1.593069285     3.374367594     0.164129985
     4.700000000     1.739459916     3.428406684     0.168231696
     4.710000000     1.906644952     3.467996835     0.172629930
     4.720000000     2.089356755     3.492791736     0.177216345
     4.730000000     2.281544732     3.501324635     0.181876162
     4.740000000     2.476437046     3.490955333     0.186499890
     4.750000000     2.666657659     3.460271547     0.190994218
     4.760000000     2.844473883     3.409710478     0.195290129
     4.770000000     3.002232461     3.340148890     0.199347134
     4.780000000     3.133001924     3.252510368     0.203153478
     4.790000000     3.231379598     3.148519907     0.206722997
     4.800000000     3.294354003     3.031498142     0.210089842
     4.810000000     3.322055322     2.907586575     0.213302298
     4.820000000     3.318198798     2.787068375     0.216416606
     4.830000000     3.290045310     2.682836396     0.219491086
     4.840000000     3.247776594     2.605652714     0.222580285
     4.850000000     3.203299999     2.560979087     0.225728647
     4.860000000     3.168633986     2.548489730     0.228963424
     4.870000000     3.154144895     2.561934598     0.232287284
     4.880000000     3.166971657     2.590055457     0.235671943
     4.890000000     3.209963206     2.618988514     0.239054832
     4.900000000     3.281358778     2.634498867     0.242340836
     4.910000000     3.375283190     2.623976478     0.245410427
     4.920000000     3.482946705     2.579357975     0.248134026
     4.930000000     3.594280559     2.500060614     0.250390811
     4.940000000     3.699648140     2.393669415     0.252088740
     4.950000000     3.791272920     2.273511422     0.253181977
     4.960000000     3.864115470     2.153276540     0.253682291
     4.970000000     3.916084615     2.041411761     0.253662318
     4.980000000     3.947636384     1.939750424     0.253250389
     4.990000000     3.960951195     1.846167048     0.252618378
     5.000000000     3.958950681     1.757622440     0.251965132
     5.010000000     3.944409577     1.671483110     0.251498342
     5.020000000     3.919348404     1.585120282     0.251417113
     5.030000000     3.884789032     1.495956010     0.251896483
     5.040000000     3.840851877     1.403390108     0.253074133
     5.050000000     3.787097598     1.310059845     0.255038973
     5.060000000     3.722980700     1.219857385     0.257821425
     5.070000000     3.648285884     1.135082045     0.261385788
     5.080000000     3.563448561     1.056342030     0.265625886
     5.090000000     3.469704085     0.984506869     0.270365696
     5.100000000     3.369053473     0.921595249     0.275366647
     5.110000000     3.264069787     0.869811083     0.280342535
     5.120000000     3.157596033     0.830381715     0.284981737
     5.130000000     3.052401787     0.803233353     0.288974862
     5.140000000     2.950871056     0.787065720     0.292044587
     5.150000000     2.854787018     0.779197660     0.293973510
     5.160000000     2.765260095     0.775799832     0.294625854
     5.170000000     2.682816367     0.773305379     0.293959615
     5.180000000     2.607628810     0.770359410     0.292027439
     5.190000000     2.539840642     0.768678207     0.288966469
     5.200000000     2.479904654     0.771364636     0.284979375
     5.210000000     2.428849196     0.779616382     0.280310080
     5.220000000     2.388383499     0.791666013     0.275218157
     5.230000000     2.360774464     0.805637985     0.269955365
     5.240000000     2.348465833     0.822276529     0.264746679
     5.250000000     2.353468076     0.843756178     0.259776868
     5.260000000     2.376616749     0.870598104     0.255182624
     5.270000000     2.416862634     0.900175548     0.251049759
     5.280000000     2.470795385     0.926692146     0.247414916
     5.290000000     2.532589845     0.941303373     0.244271430
     5.300000000     2.594488352     0.933142441     0.241578974
     5.310000000     2.647802083     0.892937983     0.239276260
     5.320000000     2.684263418     0.818469716     0.237295383
     5.330000000     2.697438353     0.718475430     0.235575619
     5.340000000     2.683860362     0.611544212     0.234074137
     5.350000000     2.643599448     0.518623503     0.232771373
     5.360000000     2.580122620     0.453342190     0.231669935
     5.370000000     2.499491249     0.417759039     0.230787454
     5.380000000     2.409115596     0.405610977     0.230145441
     5.390000000     2.316391530     0.408272812     0.229757239
     5.400000000     2.227548821     0.418673360     0.229618366
     5.410000000     2.146949575     0.431743815     0.229701744
     5.420000000     2.076924863     0.443077160     0.229958947
     5.430000000     2.018078965     0.449068287     0.230326972
     5.440000000     1.969872393     0.449010885     0.230738764
     5.450000000     1.931248197     0.446054363     0.231135019
     5.460000000     1.901096989     0.445355467     0.231474759
     5.470000000     1.878446872     0.450999203     0.231742690
     5.480000000     1.862380633     0.463687597     0.231952113
     5.490000000     1.851784654     0.480397478     0.232143091
     5.500000000     1.845089019     0.496077967     0.232376356
     5.510000000     1.840150509     0.505575022     0.232724097
     5.520000000     1.834365302     0.504371768     0.233259160
     5.530000000     1.825002499     0.489293563     0.234044233
     5.540000000     1.809659973     0.460890543     0.235122371
     5.550000000     1.786694776     0.426259051     0.236509648
     5.560000000     1.755489196     0.397262912     0.238190163
     5.570000000     1.716474731     0.382749415     0.240113189
     5.580000000     1.670922885     0.382593154     0.242192204
     5.590000000     1.620587730     0.389810739     0.244305852
     5.600000000     1.567321451     0.397028069     0.246301386
     5.610000000     1.512770709     0.400816365     0.248001531
     5.620000000     1.458210868     0.402080813     0.249215599
     5.630000000     1.404513878     0.404451544     0.249755092
     5.640000000     1.352201419     0.412022444     0.249452837
     5.650000000     1.301523032     0.426763356     0.248183551
     5.660000000     1.252517419     0.447287702     0.245882726
     5.670000000     1.205047775     0.470296432     0.242560487
     5.680000000     1.158829596     0.492907603     0.238307481
     5.690000000     1.113478695     0.513909059     0.233291022
     5.700000000     1.068596666     0.533940276     0.227741286
     5.710000000     1.023889423     0.554880834     0.221929002
     5.720000000     0.979294166     0.578620762     0.216137618
     5.730000000     0.935080680     0.606028826     0.210633925
     5.740000000     0.891897295     0.637157376     0.205641523
     5.750000000     0.850746187     0.672242389     0.201321090
     5.760000000     0.812890253     0.711786000     0.197760370
     5.770000000     0.779708147     0.755709599     0.194975067
     5.780000000     0.752522033     0.803136068     0.192919998
     5.790000000     0.732424629     0.853001806     0.191508068
     5.800000000     0.720130272     0.904433297     0.190633377
     5.810000000     0.715871464     0.956519658     0.190194231
     5.820000000     0.719358344     1.008090187     0.190112168
     5.830000000     0.729813067     1.057867288     0.190344062
     5.840000000     0.746082403     1.104618123     0.190885933
     5.850000000     0.766819272     1.147173075     0.191768645
     5.860000000     0.790708388     1.184709333     0.193047117
     5.870000000     0.816696189     1.217315147     0.194785541
     5.880000000     0.844175692     1.246349222     0.197041399
     5.890000000     0.873077713     1.274181686     0.199850818
     5.900000000     0.903833693     1.303246101     0.203217172
     5.910000000     0.937201562     1.334735065     0.207104174
     5.920000000     0.973980243     1.368032756     0.211434080
     5.930000000     1.014672802     1.401553380     0.216091211
     5.940000000     1.059183673     1.433770183     0.220930617
     5.950000000     1.106642678     1.463352205     0.225791299
     5.960000000     1.155431288     1.488632801     0.230512850
     5.970000000     1.203443790     1.507049069     0.234953662
     5.980000000     1.248554197     1.515426329     0.239008290
     5.990000000     1.289193453     1.511909286     0.242621244
     6.000000000     1.324890568     1.498936050     0.245794719
     6.010000000     1.356615418     1.484231027     0.248588524
     6.020000000     1.386791714     1.477309389     0.251111721
     6.030000000     1.418924014     1.484144510     0.253506811
     6.040000000     1.456884966     1.504835181     0.255928642
     6.050000000     1.504009440     1.534858101     0.258521108
     6.060000000     1.562210065     1.567346224     0.261395149
     6.070000000     1.631341312     1.594673356     0.264611428
     6.080000000     1.708990301     1.609593920     0.268170383
     6.090000000     1.790773459     1.606630868     0.272011250
     6.100000000     1.871095274     1.583101481     0.276020253
     6.110000000     1.944211065     1.539359519     0.280046705
     6.120000000     2.005359729     1.479353867     0.283924470
     6.130000000     2.051713649     1.411207967     0.287495357
     6.140000000     2.082934706     1.345404100     0.290630696
     6.150000000     2.101215501     1.290701503     0.293247707
     6.160000000     2.110799530     1.251286929     0.295318106
     6.170000000     2.117084985     1.226771471     0.296867771
     6.180000000     2.125499220     1.213492064     0.297967700
     6.190000000     2.140369611     1.206109648     0.298718021
     6.200000000     2.164008150     1.199049089     0.299227902
     6.210000000     2.196178758     1.187156463     0.299594990
     6.220000000     2.234040755     1.165815401     0.299888067
     6.230000000     2.272573947     1.131029765     0.300136031
     6.240000000     2.305404238     1.079818116     0.300325129
     6.250000000     2.325876598     1.011203058     0.300404701
     6.260000000     2.328176615     0.927280359     0.300300002
     6.270000000     2.308292933     0.834185643     0.299929249
     6.280000000     2.264645571     0.742586273     0.299221304
     6.290000000     2.198275265     0.664778927     0.298130497
     6.300000000     2.112581800     0.608688044     0.296646007
     6.310000000     2.012692091     0.574834289     0.294794594
     6.320000000     1.904607896     0.558723469     0.292637046
     6.330000000     1.794312308     0.555212439     0.290259944
     6.340000000     1.687000518     0.561388695     0.287765112
     6.350000000     1.586553610     0.576535627     0.285259256
     6.360000000     1.495311794     0.599891621     0.282845893
     6.370000000     1.414142765     0.628966592     0.280620923
     6.380000000     1.342753241     0.660226977     0.278672228
     6.390000000     1.280160935     0.690865012     0.277082673
     6.400000000     1.225229381     0.719882132     0.275934978
     6.410000000     1.177166953     0.748286453     0.275316245
     6.420000000     1.135903356     0.778762929     0.275319699
     6.430000000     1.102281483     0.814666904     0.276041523
     6.440000000     1.078037752     0.858473752     0.277571684
     6.450000000     1.065583855     0.910731708     0.279979116
     6.460000000     1.067638036     0.970046636     0.283293315
     6.470000000     1.086775457     1.033486117     0.287485826
     6.480000000     1.124970264     1.096920226     0.292455772
     6.490000000     1.183189433     1.155733369     0.298023402
     6.500000000     1.261079240     1.206074478     0.303934401
     6.510000000     1.356769978     1.245972213     0.309875899
     6.520000000     1.466819170     1.275267933     0.315502988
     6.530000000     1.586315488     1.293791128     0.320472641
     6.540000000     1.709164515     1.299251847     0.324480551
     6.550000000     1.828561617     1.287001282     0.327295790
     6.560000000     1.937621526     1.251828239     0.328788362
     6.570000000     2.030086381     1.191285226     0.328945606
     6.580000000     2.100992711     1.109930978     0.327874869
     6.590000000     2.147165216     1.020352514     0.325791719
     6.600000000     2.167434278     0.936900703     0.322994939
     6.610000000     2.162540721     0.867571304     0.319831474
     6.620000000     2.134773659     0.812224615     0.316656042
     6.630000000     2.087454980     0.766330931     0.313790925
     6.640000000     2.024412055     0.725298996     0.311491454
     6.650000000     1.949560313     0.687479707     0.309921591
     6.660000000     1.866660716     0.654875462     0.309142204
     6.670000000     1.779248643     0.630947745     0.309112326
     6.680000000     1.690676298     0.618009254     0.309701590
     6.690000000     1.604186913     0.616557093     0.310710547
     6.700000000     1.522947680     0.625808950     0.311895054
     6.710000000     1.449998972     0.644377044     0.312991289
     6.720000000     1.388114683     0.670888072     0.313738942
     6.730000000     1.339598850     0.704184280     0.313901245
     6.740000000     1.306060253     0.742844018     0.313281400
     6.750000000     1.288209254     0.784444357     0.311735318
     6.760000000     1.285713801     0.825591731     0.309180584
     6.770000000     1.297139744     0.862918241     0.305601277
     6.780000000     1.319988586     0.893863839     0.301048070
     6.790000000     1.350835758     0.916820666     0.295633115
     6.800000000     1.385564411     0.931278468     0.289519639
     6.810000000     1.419682190     0.937603177     0.282906840
     6.820000000     1.448699767     0.935978048     0.276011522
     6.830000000     1.468539370     0.926015177     0.269048610
     6.840000000     1.475930675     0.908168615     0.262213182
     6.850000000     1.468743962     0.885403534     0.255666713
     6.860000000     1.446211031     0.863015888     0.249529794
     6.870000000     1.408996352     0.846414334     0.243882616
     6.880000000     1.359103837     0.839194004     0.238772984
     6.890000000     1.299633407     0.843320912     0.234229897
     6.900000000     1.234428128     0.859689639     0.230279106
     6.910000000     1.167668829     0.887659908     0.226956101
     6.920000000     1.103474350     0.925228178     0.224312186
     6.930000000     1.045553026     0.970276539     0.222410778
     6.940000000     0.996930835     1.021446782     0.221313710
     6.950000000     0.959762388     1.078072679     0.221060257
     6.960000000     0.935219426     1.139507433     0.221644159
     6.970000000     0.923449963     1.204362629     0.222994998
     6.980000000     0.923607085     1.270244935     0.224969659
     6.990000000     0.933953342     1.334246175     0.227357292
     7.000000000     0.952048495     1.393838235     0.229897914
     7.010000000     0.975021313     1.447714590     0.232311466
     7.020000000     0.999910755     1.496144758     0.234331720
     7.030000000     1.024042578     1.540529168     0.235738506
     7.040000000     1.045390697     1.582489271     0.236382359
     7.050000000     1.062864807     1.623563902     0.236197672
     7.060000000     1.076471236     1.666080343     0.235203010
     7.070000000     1.087313403     1.713659897     0.233489782
     7.080000000     1.097428627     1.769804744     0.231202408
     7.090000000     1.109492668     1.836103982     0.228514008
     7.100000000     1.126453866     1.912062767     0.225601615
     7.110000000     1.151176801     1.995827316     0.222624138
     7.120000000     1.186175702     2.084619483     0.219705224
     7.130000000     1.233500017     2.175304467     0.216922106
     7.140000000     1.294803141     2.265623288     0.214300859
     7.150000000     1.371588796     2.355097920     0.211817979
     7.160000000     1.465596689     2.444360747     0.209407944
     7.170000000     1.579266007     2.533774231     0.206975965
     7.180000000     1.716202842     2.623029852     0.204414476
     7.190000000     1.881571303     2.712044509     0.201621121
     7.200000000     2.082320928     2.801784007     0.198515312
     7.210000000     2.327150346     2.893134082     0.195050284
     7.220000000     2.626092408     2.984387562     0.191218259
     7.230000000     2.989603596     3.070182921     0.187047722
     7.240000000     3.427073672     3.143093254     0.182593777
     7.250000000     3.944762919     3.196349923     0.177924289
     7.260000000     4.543331316     3.225027124     0.173105658
     7.270000000     5.215324747     3.223255824     0.168192041
     7.280000000     5.943171928     3.177795188     0.163220732
     7.290000000     6.698343072     3.062638038     0.158214520
     7.300000000     7.442251968     2.840828928     0.153189798
     7.310000000     8.129210639     2.477610470     0.148167558
     7.320000000     8.711299928     1.959793713     0.143183742
     7.330000000     9.144502770     1.304205342     0.138295762
     7.340000000     9.395010846     0.549543837     0.133583294
     7.350000000     9.444411622    -0.251249325     0.129143180
     7.360000000     9.292587927    -1.032038458     0.125079958
     7.370000000     8.957615154    -1.722346699     0.121494642
     7.380000000     8.472614381    -2.269705578     0.118474636
     7.390000000     7.880228557    -2.659085033     0.116087053
     7.400000000     7.225930560    -2.911015911     0.114376538
     7.410000000     6.551592717    -3.064447046     0.113367225
     7.420000000     5.890592924    -3.159403985     0.113067304
     7.430000000     5.265263282    -3.226179148     0.113473957
     7.440000000     4.686854221    -3.283918881     0.114576441
     7.450000000     4.157578539    -3.343653481     0.116355656
     7.460000000     3.673879509    -3.406213828     0.118779648
     7.470000000     3.229926354    -3.458393182     0.121795755
     7.480000000     2.820477820    -3.479743602     0.125321382
     7.490000000     2.442588903    -3.457258232     0.129236215
     7.500000000     2.096041272    -3.392135118     0.133378963
     7.510000000     1.782729677    -3.294853592     0.137551037
     7.520000000     1.505448294    -3.177690558     0.141528227
     7.530000000     1.266564815    -3.050827343     0.145079440
     7.540000000     1.066973556    -2.921593284     0.147989679
     7.550000000     0.905544727    -2.794829623     0.150083111
     7.560000000     0.779104697    -2.673527054     0.151241827
     7.570000000     0.682844105    -2.559537546     0.151416829
     7.580000000     0.610980258    -2.454167043     0.150629649
     7.590000000     0.557492792    -2.358432622     0.148965096
     7.600000000     0.516785957    -2.272864813     0.146557425
     7.610000000     0.484182568    -2.196822165     0.143573089
     7.620000000     0.456205657    -2.127798007     0.140193182
     7.630000000     0.430645586    -2.062002325     0.136597846
     7.640000000     0.406441251    -1.996310965     0.132953798
     7.650000000     0.383425382    -1.929699667     0.129405196
     7.660000000     0.361996265    -1.863040642     0.126067483
     7.670000000     0.342780848    -1.797915641     0.123023720
     7.680000000     0.326346567    -1.735540015     0.120323063
     7.690000000     0.313002372    -1.676401017     0.117981209
     7.700000000     0.302706849    -1.620578383     0.115982770
     7.710000000     0.295077986    -1.568251498     0.114285477
     7.720000000     0.289480028    -1.519909933     0.112826029
     7.730000000     0.285151584    -1.476100811     0.111527295
     7.740000000     0.281337155    -1.436748987     0.110306400
     7.750000000     0.277390934    -1.400643636     0.109083154
     7.760000000     0.272834610    -1.365974760     0.107788069
     7.770000000     0.267366354    -1.331574245     0.106369055
     7.780000000     0.260831933    -1.297478885     0.104795781
     7.790000000     0.253177407    -1.264473158     0.103060799
     7.800000000     0.244404066    -1.233384187     0.101176941
     7.810000000     0.234540632    -1.204582114     0.099171186
     7.820000000     0.223638054    -1.177671013     0.097076049
     7.830000000     0.211782370    -1.151597472     0.094920307
     7.840000000     0.199114672    -1.125362867     0.092721183
     7.850000000     0.185845861    -1.098674649     0.090479960
     7.860000000     0.172257122    -1.071804968     0.088182138
     7.870000000     0.158682820    -1.044984632     0.085802093
     7.880000000     0.145478311    -1.018128091     0.083310918
     7.890000000     0.132979252    -0.991060443     0.080685207
     7.900000000     0.121460748    -0.963768165     0.077914280
     7.910000000     0.111104373    -0.936401307     0.075003793
     7.920000000     0.101979357    -0.909230670     0.071974859
     7.930000000     0.094041536    -0.882644095     0.068859148
     7.940000000     0.087150331    -0.857054007     0.065691718
     7.950000000     0.081100511    -0.832729181     0.062503942
     7.960000000     0.075662350    -0.809668112     0.059318748
     7.970000000     0.070621958    -0.787583356     0.056149488
     7.980000000     0.065813625    -0.766040929     0.053002455
     7.990000000     0.061138174    -0.744689270     0.049881853
     8.000000000     0.056565021    -0.723399558     0.046795285
     8.010000000     0.052119675    -0.702227888     0.043757827
     8.020000000     0.047861642    -0.681292895     0.040793353
     8.030000000     0.043859227    -0.660700926     0.037932833
     8.040000000     0.040167335    -0.640518744     0.035210244
     8.050000000     0.036812589    -0.620761104     0.032657417
     8.060000000     0.033787614    -0.601424677     0.030299240
     8.070000000     0.031054053    -0.582534638     0.028150318
     8.080000000     0.028552142    -0.564138478     0.026213595
     8.090000000     0.026213817    -0.546273970     0.024480827
     8.100000000     0.023976125    -0.528936996     0.022934371
     8.110000000     0.021792123    -0.512048339     0.021549580
     8.120000000     0.019637321    -0.495458189     0.020297215
     8.130000000     0.017510809    -0.479018039     0.019145562
     8.140000000     0.015431482    -0.462661965     0.018062200
     8.150000000     0.013430801    -0.446416377     0.017015617
     8.160000000     0.011544202    -0.430348829     0.015976907
     8.170000000     0.009803284    -0.414519996     0.014921691
     8.180000000     0.008230406    -0.398963894     0.013832173
     8.190000000     0.006836398    -0.383683923     0.012699057
     8.200000000     0.005621161    -0.368660539     0.011522851
     8.210000000     0.004576204    -0.353868853     0.010314115
     8.220000000     0.003687926    -0.339290189     0.009092346
     8.230000000     0.002940585    -0.324913162     0.007883528
     8.240000000     0.002318345    -0.310732012     0.006716676
     8.250000000     0.001806260    -0.296743904     0.005619979
     8.260000000     0.001390470    -0.282945702     0.004617289
     8.270000000     0.001057980    -0.269331791     0.003725543
     8.280000000     0.000796429    -0.255892641     0.002953541
     8.290000000     0.000594049    -0.242613581     0.002302090
     8.300000000     0.000439866    -0.229474906     0.001765276
     8.310000000     0.000324084    -0.216454296     0.001332395
     8.320000000     0.000238564    -0.203529534     0.000990065
     8.330000000     0.000177428    -0.190678956     0.000724078
     8.340000000     0.000137965    -0.177880256     0.000520777
     8.350000000     0.000122317    -0.165109359     0.000367874
     8.360000000     0.000140760    -0.152339866     0.000254806
     8.370000000     0.000217772    -0.139542807     0.000172764
     8.380000000     0.000402523    -0.126686484     0.000114548
     8.390000000     0.000785556    -0.113736359     0.000074383
     8.400000000     0.001523064    -0.100655054     0.000047737
     8.410000000     0.002868747    -0.087402660     0.000031190
     8.420000000     0.005210237    -0.073937623     0.000022322
     8.430000000     0.009102482    -0.060218774     0.000019620
     8.440000000     0.015284694    -0.046209413     0.000022374
     8.450000000     0.024662472    -0.031885146     0.000030529
     8.460000000     0.038235146    -0.017248444     0.000044494
     8.470000000     0.056953850    -0.002355263     0.000064886
     8.480000000     0.081510513     0.012636964     0.000092204
     8.490000000     0.112081273     0.027384296     0.000126486
     8.500000000     0.148074720     0.041210345     0.000166974
     8.510000000     0.187956384     0.052871835     0.000211890
     8.520000000     0.229224739     0.060235274     0.000258391
     8.530000000     0.268592649     0.059997629     0.000302759
     8.540000000     0.302381335     0.047946948     0.000340843
     8.550000000     0.327072523     0.020741827     0.000368673
     8.560000000     0.339907981    -0.020412826     0.000383141
     8.570000000     0.339396128    -0.067188603     0.000382564
     8.580000000     0.325597174    -0.107713450     0.000367010
     8.590000000     0.300111467    -0.134164696     0.000338283
     8.600000000     0.265774172    -0.145818055     0.000299578
     8.610000000     0.226136767    -0.146191688     0.000254899
     8.620000000     0.184866324    -0.139466270     0.000208379
     8.630000000     0.145202018    -0.128855169     0.000163670
     8.640000000     0.109576069    -0.116414040     0.000123513
     8.650000000     0.079448738    -0.103334494     0.000089554
     8.660000000     0.055346035    -0.090262633     0.000062386
     8.670000000     0.037043690    -0.077526107     0.000041755
     8.680000000     0.023821560    -0.065274485     0.000026851
     8.690000000     0.014718189    -0.053560770     0.000016590
     8.700000000     0.008737089    -0.042387345     0.000009848
     8.710000000     0.004983189    -0.031731431     0.000005617
     8.720000000     0.002730714    -0.021559009     0.000003078
     8.730000000     0.001437716    -0.011832298     0.000001621
     8.740000000     0.000727275    -0.002513650     0.000000820
     8.750000000     0.000353470     0.006432527     0.000000398
     8.760000000     0.000165057     0.015038938     0.000000186
     8.770000000     0.000074053     0.023335150     0.000000083
     8.780000000     0.000031921     0.031347649     0.000000036
     8.790000000     0.000013221     0.039100042     0.000000015
     8.800000000     0.000005261     0.046613320     0.000000006
     8.810000000     0.000002011     0.053906139     0.000000002
     8.820000000     0.000000739     0.060995088     0.000000001
     8.830000000     0.000000261     0.067894940     0.000000000
     8.840000000     0.000000088     0.074618876     0.000000000
     8.850000000     0.000000029     0.081178684     0.000000000
     8.860000000     0.000000009     0.087584933     0.000000000
     8.870000000     0.000000003     0.093847123     0.000000000
     8.880000000     0.000000001     0.099973820     0.000000000
     8.890000000     0.000000000     0.105972766     0.000000000
     8.900000000     0.000000000     0.111850982     0.000000000
     8.910000000     0.000000000     0.117614849     0.000000000
     8.920000000     0.000000000     0.123270185     0.000000000
     8.930000000     0.000000000     0.128822311     0.000000000
     8.940000000     0.000000000     0.134276103     0.000000000
     8.950000000     0.000000000     0.139636040     0.000000000
     8.960000000     0.000000000     0.144906252     0.000000000
     8.970000000     0.000000000     0.150090554     0.000000000
     8.980000000     0.000000000     0.155192476     0.000000000
     8.990000000     0.000000000     0.160215298     0.000000000
     9.000000000     0.000000000     0.165162068     0.000000000
     9.010000000     0.000000000     0.170035630     0.000000000
     9.020000000     0.000000000     0.174838641     0.000000000
     9.030000000     0.000000000     0.179573588     0.000000000
     9.040000000     0.000000000     0.184242806     0.000000000
     9.050000000     0.000000000     0.188848489     0.000000000
     9.060000000     0.000000000     0.193392705     0.000000000
     9.070000000     0.000000000     0.197877405     0.000000000
     9.080000000     0.000000000     0.202304435     0.000000000
     9.090000000     0.000000000     0.206675542     0.000000000
     9.100000000     0.000000000     0.210992385     0.000000000
     9.110000000     0.000000000     0.215256541     0.000000000
     9.120000000     0.000000000     0.219469511     0.000000000
     9.130000000     0.000000000     0.223632730     0.000000000
     9.140000000     0.000000000     0.227747564     0.000000000
     9.150000000     0.000000000     0.231815325     0.000000000
     9.160000000     0.000000000     0.235837270     0.000000000
     9.170000000     0.000000000     0.239814604     0.000000000
     9.180000000     0.000000000     0.243748490     0.000000000
     9.190000000     0.000000000     0.247640046     0.000000000
     9.200000000     0.000000000     0.251490353     0.000000000
     9.210000000     0.000000000     0.255300456     0.000000000
     9.220000000     0.000000000     0.259071368     0.000000000
     9.230000000     0.000000000     0.262804072     0.000000000
     9.240000000     0.000000000     0.266499525     0.000000000
     9.250000000     0.000000000     0.270158661     0.000000000
     9.260000000     0.000000000     0.273782390     0.000000000
     9.270000000     0.000000000     0.277371606     0.000000000
     9.280000000     0.000000000     0.280927184     0.000000000
     9.290000000     0.000000000     0.284449988     0.000000000
     9.300000000     0.000000000     0.287940869     0.000000000
     9.310000000     0.000000000     0.291400670     0.000000000
     9.320000000     0.000000000     0.294830227     0.000000000
     9.330000000     0.000000000     0.298230374     0.000000000
     9.340000000     0.000000000     0.301601945     0.000000000
     9.350000000     0.000000000     0.304945775     0.000000000
     9.360000000     0.000000000     0.308262706     0.000000000
     9.370000000     0.000000000     0.311553590     0.000000000
     9.380000000     0.000000000     0.314819293     0.000000000
     9.390000000     0.000000000     0.318060698     0.000000000
     9.400000000     0.000000000     0.321278710     0.000000000
     9.410000000     0.000000000     0.324474265     0.000000000
     9.420000000     0.000000000     0.327648330     0.000000000
     9.430000000     0.000000000     0.330801913     0.000000000
     9.440000000     0.000000000     0.333936073     0.000000000
     9.450000000     0.000000000     0.337051923     0.000000000
     9.460000000     0.000000001     0.340150646     0.000000000
     9.470000000     0.000000003     0.343233501     0.000000000
     9.480000000     0.000000008     0.346301840     0.000000000
     9.490000000     0.000000025     0.349357122     0.000000000
     9.500000000     0.000000072     0.352400929     0.000000001
     9.510000000     0.000000197     0.355434988     0.000000002
     9.520000000     0.000000518     0.358461190     0.000000005
     9.530000000     0.000001309     0.361481620     0.000000013
     9.540000000     0.000003182     0.364498584     0.000000031
     9.550000000     0.000007431     0.367514636     0.000000073
     9.560000000     0.000016673     0.370532616     0.000000164
     9.570000000     0.000035940     0.373555677     0.000000353
     9.580000000     0.000074436     0.376587310     0.000000730
     9.590000000     0.000148118     0.379631358     0.000001453
     9.600000000     0.000283181     0.382691991     0.000002778
     9.610000000     0.000520174     0.385773626     0.000005103
     9.620000000     0.000918037     0.388880730     0.000009006
     9.630000000     0.001556684     0.392017424     0.000015270
     9.640000000     0.002536115     0.395186705     0.000024878
     9.650000000     0.003969771     0.398389001     0.000038942
     9.660000000     0.005970219     0.401619518     0.000058566
     9.670000000     0.008626672     0.404863446     0.000084624
     9.680000000     0.011976352     0.408087418     0.000117484
     9.690000000     0.015974747     0.411224711     0.000156706
     9.700000000     0.020472538     0.414150980     0.000200828
     9.710000000     0.025207954     0.416649060     0.000247281
     9.720000000     0.029821654     0.418372586     0.000292539
     9.730000000     0.033896439     0.418852541     0.000332512
     9.740000000     0.037017292     0.417648934     0.000363126
     9.750000000     0.038840377     0.414732632     0.000381010
     9.760000000     0.039155290     0.410869351     0.000384099
     9.770000000     0.037925007     0.407403924     0.000372030
     9.780000000     0.035293045     0.405410820     0.000346212
     9.790000000     0.031555917     0.405155449     0.000309552
     9.800000000     0.027108201     0.406306782     0.000265921
     9.810000000     0.022374267     0.408376652     0.000219483
     9.820000000     0.017742922     0.410963087     0.000174052
     9.830000000     0.013518537     0.413800238     0.000132612
     9.840000000     0.009896064     0.416730973     0.000097077
     9.850000000     0.006960228     0.419668799     0.000068277
     9.860000000     0.004703408     0.422569051     0.000046139
     9.870000000     0.003053726     0.425410659     0.000029956
     9.880000000     0.001904916     0.428185441     0.000018687
     9.890000000     0.001141694     0.430892032     0.000011200
     9.900000000     0.000657433     0.433532514     0.000006449
     9.910000000     0.000363732     0.436110563     0.000003568
     9.920000000     0.000193348     0.438630447     0.000001897
     9.930000000     0.000098748     0.441096506     0.000000969
     9.940000000     0.000048455     0.443512882     0.000000475
     9.950000000     0.000022845     0.445883406     0.000000224
     9.960000000     0.000010348     0.448211550     0.000000102
     9.970000000     0.000004504     0.450500434     0.000000044
     9.980000000     0.000001883     0.452752841     0.000000018
     9.990000000     0.000000757     0.454971248     0.000000007
    10.000000000     0.000000292     0.457157857     0.000000003
    10.010000000     0.000000108     0.459314629     0.000000001
    10.020000000     0.000000039     0.461443310     0.000000000
    10.030000000     0.000000013     0.463545460     0.000000000
    10.040000000     0.000000004     0.465622472     0.000000000
    10.050000000     0.000000001     0.467675600     0.000000000
    10.060000000     0.000000000     0.469705969     0.000000000
    10.070000000     0.000000000     0.471714596     0.000000000
    10.080000000     0.000000000     0.473702401     0.000000000
    10.090000000     0.000000000     0.475670221     0.000000000
    10.100000000     0.000000000     0.477618817     0.000000000
    10.110000000     0.000000000     0.479548884     0.000000000
    10.120000000     0.000000000     0.481461058     0.000000000
    10.130000000     0.000000000     0.483355927     0.000000000
    10.140000000     0.000000000     0.485234029     0.000000000
    10.150000000     0.000000000     0.487095863     0.000000000
    10.160000000     0.000000000     0.488941892     0.000000000
    10.170000000     0.000000000     0.490772545     0.000000000
    10.180000000     0.000000000     0.492588222     0.000000000
    10.190000000     0.000000000     0.494389297     0.000000000
    10.200000000     0.000000000     0.496176120     0.000000000
    10.210000000     0.000000000     0.497949018     0.000000000
    10.220000000     0.000000000     0.499708301     0.000000000
    10.230000000     0.000000000     0.501454259     0.000000000
    10.240000000     0.000000000     0.503187167     0.000000000
    10.250000000     0.000000000     0.504907285     0.000000000
    10.260000000     0.000000000     0.506614860     0.000000000
    10.270000000     0.000000000     0.508310126     0.000000000
    10.280000000     0.000000000     0.509993305     0.000000000
    10.290000000     0.000000000     0.511664611     0.000000000
    10.300000000     0.000000000     0.513324245     0.000000000
    10.310000000     0.000000000     0.514972401     0.000000000
    10.320000000     0.000000000     0.516609266     0.000000000
    10.330000000     0.000000000     0.518235017     0.000000000
    10.340000000     0.000000000     0.519849825     0.000000000
    10.350000000     0.000000000     0.521453855     0.000000000
    10.360000000     0.000000000     0.523047264     0.000000000
    10.370000000     0.000000000     0.524630207     0.000000000
    10.380000000     0.000000000     0.526202829     0.000000000
    10.390000000     0.000000000     0.527765273     0.000000000
    10.400000000     0.000000000     0.529317677     0.000000000
    10.410000000     0.000000000     0.530860174     0.000000000
    10.420000000     0.000000000     0.532392892     0.000000000
    10.430000000     0.000000000     0.533915958     0.000000000
    10.440000000     0.000000000     0.535429491     0.000000000
    10.450000000     0.000000000     0.536933611     0.000000000
    10.460000000     0.000000000     0.538428432     0.000000000
    10.470000000     0.000000000     0.539914066     0.000000000
    10.480000000     0.000000000     0.541390620     0.000000000
    10.490000000     0.000000000     0.542858202     0.000000000
    10.500000000     0.000000000     0.544316914     0.000000000
    10.510000000     0.000000000     0.545766857     0.000000000
    10.520000000     0.000000000     0.547208129     0.000000000
    10.530000000     0.000000000     0.548640826     0.000000000
    10.540000000     0.000000000     0.550065041     0.000000000
    10.550000000     0.000000000     0.551480867     0.000000000
    10.560000000     0.000000000     0.552888393     0.000000000
    10.570000000     0.000000000     0.554287706     0.000000000
    10.580000000     0.000000000     0.555678893     0.000000000
    10.590000000     0.000000000     0.557062038     0.000000000
    10.600000000     0.000000000     0.558437222     0.000000000
    10.610000000     0.000000000     0.559804527     0.000000000
    10.620000000     0.000000000     0.561164033     0.000000000
    10.630000000     0.000000000     0.562515815     0.000000000
    10.640000000     0.000000000     0.563859952     0.000000000
    10.650000000     0.000000000     0.565196517     0.000000000
    10.660000000     0.000000000     0.566525584     0.000000000
    10.670000000     0.000000000     0.567847225     0.000000000
    10.680000000     0.000000000     0.569161511     0.000000000
    10.690000000     0.000000000     0.570468512     0.000000000
    10.700000000     0.000000000     0.571768296     0.000000000
    10.710000000     0.000000000     0.573060931     0.000000000
    10.720000000     0.000000000     0.574346482     0.000000000
    10.730000000     0.000000000     0.575625015     0.000000000
    10.740000000     0.000000000     0.576896593     0.000000000
    10.750000000     0.000000000     0.578161281     0.000000000
    10.760000000     0.000000000     0.579419139     0.000000000
    10.770000000     0.000000000     0.580670230     0.000000000
    10.780000000     0.000000000     0.581914612     0.000000000
    10.790000000     0.000000000     0.583152347     0.000000000
    10.800000000     0.000000000     0.584383491     0.000000000
    10.810000000     0.000000000     0.585608102     0.000000000
    10.820000000     0.000000000     0.586826238     0.000000000
    10.830000000     0.000000000     0.588037954     0.000000000
    10.840000000     0.000000000     0.589243304     0.000000000
    10.850000000     0.000000000     0.590442344     0.000000000
    10.860000000     0.000000000     0.591635127     0.000000000
    10.870000000     0.000000000     0.592821706     0.000000000
    10.880000000     0.000000000     0.594002132     0.000000000
    10.890000000     0.000000000     0.595176457     0.000000000
    10.900000000     0.000000000     0.596344733     0.000000000
    10.910000000     0.000000000     0.597507008     0.000000000
    10.920000000     0.000000000     0.598663333     0.000000000
    10.930000000     0.000000000     0.599813755     0.000000000
    10.940000000     0.000000000     0.600958323     0.000000000
    10.950000000     0.000000000     0.602097085     0.000000000
    10.960000000     0.000000000     0.603230088     0.000000000
    10.970000000     0.000000000     0.604357377     0.000000000
    10.980000000     0.000000000     0.605478998     0.000000000
    10.990000000     0.000000000     0.606594997     0.000000000
    11.000000000     0.000000000     0.607705417     0.000000000
