 # Column 1: omega
 # Column 2: eps2(omega)
 # Column 3: eps1(omega)
 # Column 4: JDOS(omega)
     0.000000000     0.000000000     2.187037398     0.000000000
     0.010000000     0.000000000     2.187048132     0.000000000
     0.020000000     0.000000000     2.187080337     0.000000000
     0.030000000     0.000000000     2.187134021     0.000000000
     0.040000000     0.000000000     2.187209197     0.000000000
     0.050000000     0.000000000     2.187305880     0.000000000
     0.060000000     0.000000000     2.187424095     0.000000000
     0.070000000     0.000000000     2.187563869     0.000000000
     0.080000000     0.000000000     2.187725234     0.000000000
     0.090000000     0.000000000     2.187908229     0.000000000
     0.100000000     0.000000000     2.188112895     0.000000000
     0.110000000     0.000000000     2.188339282     0.000000000
     0.120000000     0.000000000     2.188587442     0.000000000
     0.130000000     0.000000000     2.188857434     0.000000000
     0.140000000     0.000000000     2.189149322     0.000000000
     0.150000000     0.000000000     2.189463174     0.000000000
     0.160000000     0.000000000     2.189799065     0.000000000
     0.170000000     0.000000000     2.190157076     0.000000000
     0.180000000     0.000000000     2.190537291     0.000000000
     0.190000000     0.000000000     2.190939802     0.000000000
     0.200000000     0.000000000     2.191364704     0.000000000
     0.210000000     0.000000000     2.191812102     0.000000000
     0.220000000     0.000000000     2.192282102     0.000000000
     0.230000000     0.000000000     2.192774820     0.000000000
     0.240000000     0.000000000     2.193290374     0.000000000
     0.250000000     0.000000000     2.193828891     0.000000000
     0.260000000     0.000000000     2.194390505     0.000000000
     0.270000000     0.000000000     2.194975352     0.000000000
     0.280000000     0.000000000     2.195583579     0.000000000
     0.290000000     0.000000000     2.196215337     0.000000000
     0.300000000     0.000000000     2.196870785     0.000000000
     0.310000000     0.000000000     2.197550088     0.000000000
     0.320000000     0.000000000     2.198253417     0.000000000
     0.330000000     0.000000000     2.198980952     0.000000000
     0.340000000     0.000000000     2.199732880     0.000000000
     0.350000000     0.000000000     2.200509395     0.000000000
     0.360000000     0.000000000     2.201310697     0.000000000
     0.370000000     0.000000000     2.202136998     0.000000000
     0.380000000     0.000000000     2.202988512     0.000000000
     0.390000000     0.000000000     2.203865467     0.000000000
     0.400000000     0.000000000     2.204768096     0.000000000
     0.410000000     0.000000000     2.205696642     0.000000000
     0.420000000     0.000000000     2.206651355     0.000000000
     0.430000000     0.000000000     2.207632497     0.000000000
     0.440000000     0.000000000     2.208640336     0.000000000
     0.450000000     0.000000000     2.209675153     0.000000000
     0.460000000     0.000000000     2.210737235     0.000000000
     0.470000000     0.000000000     2.211826883     0.000000000
     0.480000000     0.000000000     2.212944406     0.000000000
     0.490000000     0.000000000     2.214090125     0.000000000
     0.500000000     0.000000000     2.215264371     0.000000000
     0.510000000     0.000000000     2.216467486     0.000000000
     0.520000000     0.000000000     2.217699827     0.000000000
     0.530000000     0.000000000     2.218961759     0.000000000
     0.540000000     0.000000000     2.220253663     0.000000000
     0.550000000     0.000000000     2.221575930     0.000000000
     0.560000000     0.000000000     2.222928967     0.000000000
     0.570000000     0.000000000     2.224313193     0.000000000
     0.580000000     0.000000000     2.225729042     0.000000000
     0.590000000     0.000000000     2.227176963     0.000000000
     0.600000000     0.000000000     2.228657421     0.000000000
     0.610000000     0.000000000     2.230170896     0.000000000
     0.620000000     0.000000000     2.231717884     0.000000000
     0.630000000     0.000000000     2.233298899     0.000000000
     0.640000000     0.000000000     2.234914473     0.000000000
     0.650000000     0.000000000     2.236565155     0.000000000
     0.660000000     0.000000000     2.238251515     0.000000000
     0.670000000     0.000000000     2.239974141     0.000000000
     0.680000000     0.000000000     2.241733643     0.000000000
     0.690000000     0.000000000     2.243530651     0.000000000
     0.700000000     0.000000000     2.245365819     0.000000000
     0.710000000     0.000000000     2.247239823     0.000000000
     0.720000000     0.000000000     2.249153364     0.000000000
     0.730000000     0.000000000     2.251107166     0.000000000
     0.740000000     0.000000000     2.253101981     0.000000000
     0.750000000     0.000000000     2.255138588     0.000000000
     0.760000000     0.000000000     2.257217795     0.000000000
     0.770000000     0.000000000     2.259340439     0.000000000
     0.780000000     0.000000000     2.261507386     0.000000000
     0.790000000     0.000000000     2.263719539     0.000000000
     0.800000000     0.000000000     2.265977830     0.000000000
     0.810000000     0.000000000     2.268283229     0.000000000
     0.820000000     0.000000000     2.270636742     0.000000000
     0.830000000     0.000000000     2.273039414     0.000000000
     0.840000000     0.000000000     2.275492331     0.000000000
     0.850000000     0.000000000     2.277996619     0.000000000
     0.860000000     0.000000000     2.280553451     0.000000000
     0.870000000     0.000000000     2.283164046     0.000000000
     0.880000000     0.000000000     2.285829670     0.000000000
     0.890000000     0.000000000     2.288551643     0.000000000
     0.900000000     0.000000000     2.291331337     0.000000000
     0.910000000     0.000000000     2.294170181     0.000000000
     0.920000000     0.000000000     2.297069663     0.000000000
     0.930000000     0.000000000     2.300031335     0.000000000
     0.940000000     0.000000000     2.303056813     0.000000000
     0.950000000     0.000000000     2.306147785     0.000000000
     0.960000000     0.000000000     2.309306008     0.000000000
     0.970000000     0.000000000     2.312533320     0.000000000
     0.980000000     0.000000000     2.315831639     0.000000000
     0.990000000     0.000000000     2.319202970     0.000000000
     1.000000000     0.000000000     2.322649406     0.000000000
     1.010000000     0.000000000     2.326173139     0.000000000
     1.020000000     0.000000000     2.329776462     0.000000000
     1.030000000     0.000000000     2.333461774     0.000000000
     1.040000000     0.000000000     2.337231592     0.000000000
     1.050000000     0.000000000     2.341088549     0.000000000
     1.060000000     0.000000000     2.345035411     0.000000000
     1.070000000     0.000000000     2.349075079     0.000000000
     1.080000000     0.000000000     2.353210597     0.000000000
     1.090000000     0.000000000     2.357445167     0.000000000
     1.100000000     0.000000000     2.361782154     0.000000000
     1.110000000     0.000000000     2.366225097     0.000000000
     1.120000000     0.000000000     2.370777724     0.000000000
     1.130000000     0.000000000     2.375443963     0.000000000
     1.140000000     0.000000000     2.380227953     0.000000000
     1.150000000     0.000000000     2.385134063     0.000000000
     1.160000000     0.000000000     2.390166909     0.000000000
     1.170000000     0.000000000     2.395331365     0.000000000
     1.180000000     0.000000000     2.400632589     0.000000000
     1.190000000     0.000000000     2.406076041     0.000000000
     1.200000000     0.000000000     2.411667507     0.000000000
     1.210000000     0.000000000     2.417413122     0.000000000
     1.220000000     0.000000000     2.423319399     0.000000000
     1.230000000     0.000000000     2.429393261     0.000000000
     1.240000000     0.000000000     2.435642067     0.000000000
     1.250000000     0.000000000     2.442073657     0.000000000
     1.260000000     0.000000000     2.448696386     0.000000000
     1.270000000     0.000000000     2.455519169     0.000000000
     1.280000000     0.000000000     2.462551533     0.000000000
     1.290000000     0.000000000     2.469803665     0.000000000
     1.300000000     0.000000000     2.477286476     0.000000000
     1.310000000     0.000000000     2.485011667     0.000000000
     1.320000000     0.000000002     2.492991800     0.000000000
     1.330000000     0.000000004     2.501240383     0.000000000
     1.340000000     0.000000013     2.509771961     0.000000001
     1.350000000     0.000000036     2.518602215     0.000000002
     1.360000000     0.000000094     2.527748084     0.000000006
     1.370000000     0.000000240     2.537227887     0.000000015
     1.380000000     0.000000588     2.547061472     0.000000037
     1.390000000     0.000001384     2.557270376     0.000000087
     1.400000000     0.000003131     2.567878011     0.000000197
     1.410000000     0.000006811     2.578909868     0.000000430
     1.420000000     0.000014240     2.590393750     0.000000905
     1.430000000     0.000028624     2.602360030     0.000001830
     1.440000000     0.000055315     2.614841940     0.000003557
     1.450000000     0.000102773     2.627875891     0.000006652
     1.460000000     0.000183589     2.641501809     0.000011962
     1.470000000     0.000315332     2.655763497     0.000020689
     1.480000000     0.000520787     2.670708979     0.000034417
     1.490000000     0.000827072     2.686390780     0.000055070
     1.500000000     0.001263123     2.702866060     0.000084759
     1.510000000     0.001855252     2.720196411     0.000125486
     1.520000000     0.002621018     2.738447015     0.000178715
     1.530000000     0.003562370     2.757684657     0.000244850
     1.540000000     0.004659870     2.777973913     0.000322720
     1.550000000     0.005870594     2.799371005     0.000409224
     1.560000000     0.007132706     2.821916631     0.000499270
     1.570000000     0.008379817     2.845635062     0.000586124
     1.580000000     0.009568047     2.870557851     0.000662212
     1.590000000     0.010718679     2.896791725     0.000720249
     1.600000000     0.011979658     2.924603513     0.000754531
     1.610000000     0.013709952     2.954426358     0.000762083
     1.620000000     0.016591114     2.986750209     0.000743433
     1.630000000     0.021768461     3.021997347     0.000702813
     1.640000000     0.031017534     3.060470730     0.000647758
     1.650000000     0.046917608     3.102378886     0.000588213
     1.660000000     0.072992498     3.147887030     0.000535348
     1.670000000     0.113752918     3.197131305     0.000500342
     1.680000000     0.174552819     3.250167726     0.000493337
     1.690000000     0.261167609     3.306846930     0.000522706
     1.700000000     0.379030033     3.366590023     0.000594655
     1.710000000     0.532129986     3.428014691     0.000713145
     1.720000000     0.721694797     3.488350790     0.000880066
     1.730000000     0.944894631     3.542630595     0.001095613
     1.740000000     1.193921715     3.582781613     0.001358837
     1.750000000     1.455820853     3.596927905     0.001668371
     1.760000000     1.713360338     3.569388731     0.002023319
     1.770000000     1.947017710     3.482760115     0.002424251
     1.780000000     2.137853101     3.324613058     0.002874188
     1.790000000     2.270739469     3.098205430     0.003379378
     1.800000000     2.337221070     2.830801850     0.003949608
     1.810000000     2.337267810     2.570530136     0.004597815
     1.820000000     2.279413660     2.365233666     0.005338831
     1.830000000     2.179163432     2.238307449     0.006187262
     1.840000000     2.056006876     2.185084646     0.007154700
     1.850000000     1.929748093     2.184915124     0.008246657
     1.860000000     1.817023693     2.212730649     0.009459758
     1.870000000     1.728796464     2.245125146     0.010779728
     1.880000000     1.669309858     2.262694784     0.012180665
     1.890000000     1.636576508     2.252062635     0.013625893
     1.900000000     1.624082277     2.209547049     0.015070475
     1.910000000     1.623126758     2.142876980     0.016465239
     1.920000000     1.625148918     2.066177828     0.017761951
     1.930000000     1.623496315     1.991947593     0.018919074
     1.940000000     1.614329410     1.927599741     0.019907382
     1.950000000     1.596625215     1.876409334     0.020714609
     1.960000000     1.571476868     1.838196977     0.021348251
     1.970000000     1.541023584     1.809597550     0.021835799
     1.980000000     1.507370838     1.785434403     0.022221992
     1.990000000     1.471788939     1.760223805     0.022563147
     2.000000000     1.434347294     1.729429393     0.022919244
     2.010000000     1.393997142     1.691171148     0.023344951
     2.020000000     1.348996885     1.646885895     0.023881153
     2.030000000     1.297506433     1.599819837     0.024548562
     2.040000000     1.238166728     1.553814659     0.025344719
     2.050000000     1.170518756     1.513145386     0.026245062
     2.060000000     1.095183037     1.481576893     0.027208026
     2.070000000     1.013792973     1.460728145     0.028183313
     2.080000000     0.928734209     1.449820167     0.029121877
     2.090000000     0.842775640     1.447527930     0.029985738
     2.100000000     0.758683834     1.453280609     0.030755725
     2.110000000     0.678896622     1.466391639     0.031435576
     2.120000000     0.605302991     1.485211128     0.032051480
     2.130000000     0.539145126     1.507826743     0.032647080
     2.140000000     0.481031820     1.532923208     0.033274870
     2.150000000     0.431034602     1.559666028     0.033985733
     2.160000000     0.388829568     1.587260083     0.034818747
     2.170000000     0.353848084     1.615018127     0.035793328
     2.180000000     0.325406407     1.642746860     0.036905277
     2.190000000     0.302795591     1.670781969     0.038127457
     2.200000000     0.285326663     1.699511596     0.039414915
     2.210000000     0.272339060     1.728870136     0.040713465
     2.220000000     0.263190028     1.758268040     0.041970145
     2.230000000     0.257246595     1.786877600     0.043143749
     2.240000000     0.253898692     1.813973403     0.044213612
     2.250000000     0.252602762     1.839235364     0.045185137
     2.260000000     0.252952526     1.862853818     0.046090998
     2.270000000     0.254761559     1.885229487     0.046987579
     2.280000000     0.258135163     1.906784733     0.047946925
     2.290000000     0.263509445     1.928335965     0.049045300
     2.300000000     0.271643713     1.951169294     0.050350092
     2.310000000     0.283565403     1.976194566     0.051907324
     2.320000000     0.300479691     2.003174079     0.053732042
     2.330000000     0.323663244     2.030898759     0.055803438
     2.340000000     0.354359489     2.057837069     0.058065675
     2.350000000     0.393681736     2.082559023     0.060434189
     2.360000000     0.442515171     2.103776733     0.062806157
     2.370000000     0.501397335     2.120337039     0.065073053
     2.380000000     0.570357124     2.131634682     0.067132989
     2.390000000     0.648708722     2.138140427     0.068900961
     2.400000000     0.734826190     2.140689407     0.070315823
     2.410000000     0.825956369     2.138268837     0.071343729
     2.420000000     0.918148155     2.126638506     0.071978388
     2.430000000     1.006372402     2.099838442     0.072238851
     2.440000000     1.084873878     2.053743102     0.072165514
     2.450000000     1.147741040     1.988595444     0.071814907
     2.460000000     1.189616890     1.908024276     0.071253656
     2.470000000     1.206425279     1.816842722     0.070552045
     2.480000000     1.195968879     1.721675347     0.069777659
     2.490000000     1.158274914     1.631630159     0.068989759
     2.500000000     1.095617373     1.554821647     0.068235005
     2.510000000     1.012214241     1.494727162     0.067544952
     2.520000000     0.913665307     1.451261522     0.066935373
     2.530000000     0.806242898     1.423870685     0.066407086
     2.540000000     0.696164899     1.412086428     0.065947686
     2.550000000     0.588966554     1.414134630     0.065533617
     2.560000000     0.489052745     1.426655514     0.065132247
     2.570000000     0.399467426     1.445969171     0.064703971
     2.580000000     0.321873533     1.469207230     0.064204685
     2.590000000     0.256703429     1.494465117     0.063588987
     2.600000000     0.203421174     1.520493220     0.062814253
     2.610000000     0.160833721     1.546481981     0.061845248
     2.620000000     0.127395730     1.571951482     0.060658472
     2.630000000     0.101467774     1.596662694     0.059245173
     2.640000000     0.081505610     1.620565421     0.057612088
     2.650000000     0.066174964     1.643747413     0.055779435
     2.660000000     0.054399297     1.666333600     0.053776467
     2.670000000     0.045356000     1.688371488     0.051635605
     2.680000000     0.038439514     1.709803774     0.049386677
     2.690000000     0.033208988     1.730537780     0.047052802
     2.700000000     0.029334683     1.750508127     0.044648995
     2.710000000     0.026552818     1.769682999     0.042183779
     2.720000000     0.024634037     1.788047191     0.039663168
     2.730000000     0.023366817     1.805585222     0.037095709
     2.740000000     0.022554221     1.822273829     0.034496977
     2.750000000     0.022020499     1.838105153     0.031892183
     2.760000000     0.021622990     1.853136804     0.029316175
     2.770000000     0.021264594     1.867523641     0.026810927
     2.780000000     0.020902562     1.881482144     0.024421314
     2.790000000     0.020550489     1.895202728     0.022190330
     2.800000000     0.020271966     1.908796192     0.020154873
     2.810000000     0.020166107     1.922313222     0.018342866
     2.820000000     0.020346837     1.935779316     0.016771978
     2.830000000     0.020919044     1.949181519     0.015449815
     2.840000000     0.021955388     1.962434547     0.014375136
     2.850000000     0.023477573     1.975391547     0.013539682
     2.860000000     0.025445278     1.987895176     0.012930182
     2.870000000     0.027754969     1.999821855     0.012530272
     2.880000000     0.030249374     2.011106034     0.012322071
     2.890000000     0.032736793     2.021751678     0.012287232
     2.900000000     0.035017657     2.031800955     0.012407317
     2.910000000     0.036914071     2.041256042     0.012663467
     2.920000000     0.038297048     2.050084477     0.013035496
     2.930000000     0.039105982     2.058415334     0.013500726
     2.940000000     0.039356286     2.066695790     0.014033009
     2.950000000     0.039133664     2.075464821     0.014602400
     2.960000000     0.038576905     2.084954322     0.015175820
     2.970000000     0.037854023     2.095013457     0.015718838
     2.980000000     0.037138151     2.105330565     0.016198395
     2.990000000     0.036588866     2.115635423     0.016586032
     3.000000000     0.036341912     2.125770911     0.016861002
     3.010000000     0.036506409     2.135691687     0.017012594
     3.020000000     0.037165387     2.145457240     0.017041128
     3.030000000     0.038374206     2.155221995     0.016957357
     3.040000000     0.040152923     2.165166653     0.016780405
     3.050000000     0.042472535     2.175365215     0.016534728
     3.060000000     0.045239597     2.185706845     0.016246874
     3.070000000     0.048287042     2.195932277     0.015942856
     3.080000000     0.051379288     2.205680789     0.015646726
     3.090000000     0.054236318     2.214516423     0.015380580
     3.100000000     0.056575320     2.222067542     0.015165699
     3.110000000     0.058161846     2.228341005     0.015024231
     3.120000000     0.058857969     2.233976190     0.014980598
     3.130000000     0.058654460     2.240033050     0.015061989
     3.140000000     0.057677989     2.247358530     0.015297527
     3.150000000     0.056171427     2.256162024     0.015716145
     3.160000000     0.054452810     2.266104506     0.016343480
     3.170000000     0.052863881     2.276648916     0.017198348
     3.180000000     0.051720711     2.287395021     0.018289448
     3.190000000     0.051276554     2.298231320     0.019612906
     3.200000000     0.051702278     2.309224677     0.021151189
     3.210000000     0.053084294     2.320385881     0.022873721
     3.220000000     0.055435629     2.331553332     0.024739313
     3.230000000     0.058713614     2.342468017     0.026700196
     3.240000000     0.062837546     2.352958694     0.028707179
     3.250000000     0.067701294     2.363062869     0.030715186
     3.260000000     0.073178254     2.372918977     0.032688376
     3.270000000     0.079118916     2.382556717     0.034604087
     3.280000000     0.085343961     2.391882344     0.036455040
     3.290000000     0.091637776     2.400808006     0.038249555
     3.300000000     0.097748058     2.409274561     0.040009760
     3.310000000     0.103396340     2.417181623     0.041768065
     3.320000000     0.108301701     2.424364052     0.043562341
     3.330000000     0.112216135     2.430689391     0.045430407
     3.340000000     0.114965978     2.436270838     0.047404512
     3.350000000     0.116490773     2.441577749     0.049506528
     3.360000000     0.116869986     2.447241947     0.051744478
     3.370000000     0.116329598     2.453794669     0.054110814
     3.380000000     0.115224426     2.461576462     0.056582565
     3.390000000     0.113997028     2.470696159     0.059123163
     3.400000000     0.113118910     2.481010636     0.061685497
     3.410000000     0.113023360     2.492226776     0.064215715
     3.420000000     0.114040927     2.504049081     0.066657317
     3.430000000     0.116348294     2.516210585     0.068955329
     3.440000000     0.119939303     2.528402620     0.071060456
     3.450000000     0.124623639     2.540239422     0.072933158
     3.460000000     0.130054538     2.551297810     0.074547495
     3.470000000     0.135782251     2.561206952     0.075894331
     3.480000000     0.141325510     2.569796342     0.076983392
     3.490000000     0.146249628     2.577265048     0.077843679
     3.500000000     0.150238161     2.584157907     0.078522047
     3.510000000     0.153145758     2.591093625     0.079080140
     3.520000000     0.155023283     2.598615266     0.079590304
     3.530000000     0.156111672     2.607214515     0.080131189
     3.540000000     0.156807127     2.617188721     0.080783653
     3.550000000     0.157605508     2.628488956     0.081627134
     3.560000000     0.159036901     2.640858832     0.082736287
     3.570000000     0.161601615     2.654029214     0.084177435
     3.580000000     0.165716559     2.667712397     0.086004538
     3.590000000     0.171676988     2.681553179     0.088254803
     3.600000000     0.179634349     2.695197799     0.090944576
     3.610000000     0.189587699     2.708369761     0.094066542
     3.620000000     0.201384826     2.720840333     0.097589251
     3.630000000     0.214729926     2.732397947     0.101459631
     3.640000000     0.229196966     2.742897114     0.105608507
     3.650000000     0.244250523     2.752248549     0.109958465
     3.660000000     0.259277502     2.760301630     0.114432876
     3.670000000     0.273632583     2.766830159     0.118964621
     3.680000000     0.286696997     2.771662760     0.123503088
     3.690000000     0.297945110     2.774789288     0.128018258
     3.700000000     0.307007981     2.776488066     0.132501136
     3.710000000     0.313719897     2.777461071     0.136960365
     3.720000000     0.318134868     2.778723873     0.141415508
     3.730000000     0.320505954     2.781274120     0.145888132
     3.740000000     0.321229788     2.785787162     0.150392336
     3.750000000     0.320769092     2.792401902     0.154926540
     3.760000000     0.319573413     2.800680070     0.159468137
     3.770000000     0.318019804     2.809824163     0.163971995
     3.780000000     0.316389294     2.819007153     0.168372901
     3.790000000     0.314883282     2.827688835     0.172591203
     3.800000000     0.313670012     2.835830773     0.176540254
     3.810000000     0.312939975     2.843880732     0.180134142
     3.820000000     0.312944609     2.852561686     0.183294479
     3.830000000     0.313997142     2.862611449     0.185955653
     3.840000000     0.316426804     2.874514301     0.188068647
     3.850000000     0.320494096     2.888259674     0.189603989
     3.860000000     0.326289846     2.903243676     0.190554506
     3.870000000     0.333649227     2.918369075     0.190938177
     3.880000000     0.342110583     2.932296343     0.190800804
     3.890000000     0.350937829     2.943758954     0.190217603
     3.900000000     0.359207858     2.951972360     0.189292482
     3.910000000     0.365946178     2.957138879     0.188153891
     3.920000000     0.370280700     2.960515204     0.186946696
     3.930000000     0.371579336     2.963674840     0.185820351
     3.940000000     0.369542616     2.967827701     0.184914538
     3.950000000     0.364235733     2.973865188     0.184344086
     3.960000000     0.356060572     2.982459270     0.184185323
     3.970000000     0.345682255     2.993861000     0.184465872
     3.980000000     0.333932621     3.007897839     0.185159491
     3.990000000     0.321713317     3.024210472     0.186186857
     4.000000000     0.309915018     3.042444785     0.187422342
     4.010000000     0.299359762     3.062388144     0.188706045
     4.020000000     0.290764263     3.083998707     0.189859671
     4.030000000     0.284716365     3.107256063     0.190704431
     4.040000000     0.281655939     3.132040616     0.191079180
     4.050000000     0.281854907     3.158157102     0.190857208
     4.060000000     0.285396726     3.185277432     0.189960593
     4.070000000     0.292160839     3.212763296     0.188371329
     4.080000000     0.301820183     3.239703068     0.186138549
     4.090000000     0.313858782     3.265279160     0.183381028
     4.100000000     0.327612172     3.289114767     0.180283960
     4.110000000     0.342327627     3.311251386     0.177089137
     4.120000000     0.357235721     3.331904811     0.174078255
     4.130000000     0.371621690     3.351371239     0.171550228
     4.140000000     0.384884976     3.370030948     0.169794752
     4.150000000     0.396578328     3.388308803     0.169065420
     4.160000000     0.406422831     3.406666010     0.169556105
     4.170000000     0.414300907     3.425567166     0.171383730
     4.180000000     0.420234164     3.445396703     0.174579268
     4.190000000     0.424355786     3.466383840     0.179087118
     4.200000000     0.426887222     3.488553337     0.184771595
     4.210000000     0.428125985     3.511858645     0.191428305
     4.220000000     0.428446297     3.536405223     0.198798059
     4.230000000     0.428308242     3.562374313     0.206581355
     4.240000000     0.428266221     3.589826985     0.214452232
     4.250000000     0.428965470     3.618886698     0.222071139
     4.260000000     0.431117601     3.650064985     0.229097225
     4.270000000     0.435452050     3.684086035     0.235200924
     4.280000000     0.442648351     3.721253812     0.240077892
     4.290000000     0.453261457     3.760947223     0.243465024
     4.300000000     0.467656063     3.801710612     0.245158495
     4.310000000     0.485964725     3.841990812     0.245032588
     4.320000000     0.508078612     3.880983174     0.243056785
     4.330000000     0.533671190     3.918814451     0.239307680
     4.340000000     0.562246814     3.955922092     0.233972124
     4.350000000     0.593200676     3.992350053     0.227338915
     4.360000000     0.625875334     4.027639328     0.219778195
     4.370000000     0.659602124     4.061343954     0.211710093
     4.380000000     0.693722184     4.093629944     0.203566368
     4.390000000     0.727589699     4.125154119     0.195750356
     4.400000000     0.760567053     4.156467279     0.188600882
     4.410000000     0.792025703     4.187907924     0.182365033
     4.420000000     0.821365770     4.219542660     0.177183048
     4.430000000     0.848061375     4.250693751     0.173086431
     4.440000000     0.871728854     4.280387571     0.170008381
     4.450000000     0.892204724     4.308861521     0.167803937
     4.460000000     0.909613576     4.338113141     0.166276241
     4.470000000     0.924405980     4.370813632     0.165204965
     4.480000000     0.937353178     4.408896037     0.164373274
     4.490000000     0.949496073     4.452775468     0.163590451
     4.500000000     0.962056260     4.501389610     0.162708357
     4.510000000     0.976323085     4.553178539     0.161630981
     4.520000000     0.993532007     4.607434299     0.160317198
     4.530000000     1.014748250     4.664684976     0.158777551
     4.540000000     1.040769170     4.725785693     0.157066193
     4.550000000     1.072060936     4.791029624     0.155269391
     4.560000000     1.108748303     4.860116809     0.153492135
     4.570000000     1.150675851     4.932012759     0.151844576
     4.580000000     1.197550277     5.004427855     0.150430061
     4.590000000     1.249155007     5.074579962     0.149336408
     4.600000000     1.305605035     5.141553398     0.148631502
     4.610000000     1.367590868     5.207799029     0.148363409
     4.620000000     1.436555333     5.277703261     0.148564095
     4.630000000     1.514760622     5.354806792     0.149254859
     4.640000000     1.605231611     5.440307138     0.150451153
     4.650000000     1.711593697     5.533018955     0.152164729
     4.660000000     1.837844640     5.630021704     0.154402071
     4.670000000     1.988099773     5.727612900     0.157159477
     4.680000000     2.166327825     5.822004975     0.160416469
     4.690000000     2.376061307     5.909871751     0.164129985
     4.700000000     2.620039199     5.989254787     0.168231696
     4.710000000     2.899738985     6.059895492     0.172629930
     4.720000000     3.214789770     6.121540806     0.177216345
     4.730000000     3.562323989     6.170808247     0.181876162
     4.740000000     3.936403041     6.199935034     0.186499890
     4.750000000     4.327712834     6.199209972     0.190994218
     4.760000000     4.723738412     6.160277741     0.195290129
     4.770000000     5.109572001     6.077424014     0.199347134
     4.780000000     5.469384100     5.947085893     0.203153478
     4.790000000     5.788415025     5.767798104     0.206722997
     4.800000000     6.055168411     5.542661514     0.210089842
     4.810000000     6.263363972     5.284054994     0.213302298
     4.820000000     6.413183823     5.016784082     0.216416606
     4.830000000     6.511450515     4.772149831     0.219491086
     4.840000000     6.570593547     4.573568791     0.222580285
     4.850000000     6.606543966     4.427831774     0.225728647
     4.860000000     6.635967254     4.327382106     0.228963424
     4.870000000     6.673423960     4.256255259     0.232287284
     4.880000000     6.729079700     4.196065766     0.235671943
     4.890000000     6.807456995     4.130233992     0.239054832
     4.900000000     6.907463663     4.044236958     0.242340836
     4.910000000     7.023615721     3.925515945     0.245410427
     4.920000000     7.148083233     3.767910599     0.248134026
     4.930000000     7.273002866     3.577481366     0.250390811
     4.940000000     7.392468422     3.371709679     0.252088740
     4.950000000     7.503733708     3.171581232     0.253181977
     4.960000000     7.607400177     2.992239863     0.253682291
     4.970000000     7.706642773     2.836622395     0.253662318
     4.980000000     7.805770436     2.695859805     0.253250389
     4.990000000     7.908558383     2.556143042     0.252618378
     5.000000000     8.016798805     2.406047754     0.251965132
     5.010000000     8.129407996     2.238864542     0.251498342
     5.020000000     8.242247585     2.049978996     0.251417113
     5.030000000     8.348625971     1.835193797     0.251896483
     5.040000000     8.440296666     1.593729789     0.253074133
     5.050000000     8.508693268     1.331038107     0.255038973
     5.060000000     8.546138843     1.056218226     0.257821425
     5.070000000     8.546820970     0.776880416     0.261385788
     5.080000000     8.507403683     0.497301930     0.265625886
     5.090000000     8.427228201     0.220629301     0.270365696
     5.100000000     8.308121183    -0.048742204     0.275366647
     5.110000000     8.153879459    -0.304909041     0.280342535
     5.120000000     7.969537290    -0.541604275     0.284981737
     5.130000000     7.760548487    -0.753930794     0.288974862
     5.140000000     7.532027852    -0.940446292     0.292044587
     5.150000000     7.288186824    -1.105264852     0.293973510
     5.160000000     7.032061297    -1.257406188     0.294625854
     5.170000000     6.765568221    -1.405460052     0.293959615
     5.180000000     6.489855626    -1.551157393     0.292027439
     5.190000000     6.205847904    -1.687050143     0.288966469
     5.200000000     5.914851835    -1.801484764     0.284979375
     5.210000000     5.619085331    -1.888370085     0.280310080
     5.220000000     5.322014723    -1.951335660     0.275218157
     5.230000000     5.028425319    -1.997085895     0.269955365
     5.240000000     4.744193592    -2.027060096     0.264746679
     5.250000000     4.475774401    -2.036661737     0.259776868
     5.260000000     4.229464999    -2.020245006     0.255182624
     5.270000000     4.010559000    -1.976049991     0.251049759
     5.280000000     3.822548634    -1.908672028     0.247414916
     5.290000000     3.666554028    -1.828907715     0.244271430
     5.300000000     3.541135018    -1.751153162     0.241578974
     5.310000000     3.442566653    -1.688580551     0.239276260
     5.320000000     3.365547781    -1.648187296     0.237295383
     5.330000000     3.304195208    -1.628628740     0.235575619
     5.340000000     3.253093627    -1.621501970     0.234074137
     5.350000000     3.208153395    -1.615857207     0.232771373
     5.360000000     3.167081199    -1.604055139     0.231669935
     5.370000000     3.129374347    -1.584825420     0.230787454
     5.380000000     3.095872973    -1.561465827     0.230145441
     5.390000000     3.068009145    -1.537492124     0.229757239
     5.400000000     3.046952000    -1.514200921     0.229618366
     5.410000000     3.032855303    -1.492275516     0.229701744
     5.420000000     3.024374687    -1.474574612     0.229958947
     5.430000000     3.018552011    -1.466202172     0.230326972
     5.440000000     3.011081375    -1.472283195     0.230738764
     5.450000000     2.996891902    -1.495823651     0.231135019
     5.460000000     2.970920486    -1.535773927     0.231474759
     5.470000000     2.928914393    -1.586341719     0.231742690
     5.480000000     2.868105544    -1.639537314     0.231952113
     5.490000000     2.787634591    -1.688359671     0.232143091
     5.500000000     2.688664127    -1.727449754     0.232376356
     5.510000000     2.574189423    -1.752824326     0.232724097
     5.520000000     2.448612895    -1.762792051     0.233259160
     5.530000000     2.317180792    -1.758848036     0.234044233
     5.540000000     2.185382981    -1.744396655     0.235122371
     5.550000000     2.058396168    -1.721875549     0.236509648
     5.560000000     1.940621057    -1.691082951     0.238190163
     5.570000000     1.835338399    -1.650492182     0.240113189
     5.580000000     1.744494561    -1.600437604     0.242192204
     5.590000000     1.668622583    -1.545033587     0.244305852
     5.600000000     1.606902066    -1.490917966     0.246301386
     5.610000000     1.557353119    -1.443876481     0.248001531
     5.620000000     1.517143795    -1.406154641     0.249215599
     5.630000000     1.482971469    -1.376410354     0.249755092
     5.640000000     1.451464895    -1.351627345     0.249452837
     5.650000000     1.419552282    -1.328990222     0.248183551
     5.660000000     1.384752751    -1.306970500     0.245882726
     5.670000000     1.345368894    -1.285478023     0.242560487
     5.680000000     1.300578198    -1.264877426     0.238307481
     5.690000000     1.250433825    -1.244650690     0.233291022
     5.700000000     1.195788630    -1.222903810     0.227741286
     5.710000000     1.138153755    -1.197134374     0.221929002
     5.720000000     1.079500730    -1.165431667     0.216137618
     5.730000000     1.022018598    -1.127103648     0.210633925
     5.740000000     0.967845972    -1.082671263     0.205641523
     5.750000000     0.918808802    -1.033534874     0.201321090
     5.760000000     0.876202038    -0.981577625     0.197760370
     5.770000000     0.840652310    -0.928746788     0.194975067
     5.780000000     0.812087059    -0.876748378     0.192919998
     5.790000000     0.789815201    -0.827114256     0.191508068
     5.800000000     0.772700711    -0.781202686     0.190633377
     5.810000000     0.759390317    -0.739645037     0.190194231
     5.820000000     0.748546077    -0.701752236     0.190112168
     5.830000000     0.739036292    -0.665722793     0.190344062
     5.840000000     0.730053483    -0.629616884     0.190885933
     5.850000000     0.721151172    -0.592236997     0.191768645
     5.860000000     0.712214283    -0.553303991     0.193047117
     5.870000000     0.703393284    -0.513255404     0.194785541
     5.880000000     0.695034472    -0.473168594     0.197041399
     5.890000000     0.687627935    -0.434378789     0.199850818
     5.900000000     0.681775965    -0.397433709     0.203217172
     5.910000000     0.678166772    -0.361405165     0.207104174
     5.920000000     0.677529810    -0.324534508     0.211434080
     5.930000000     0.680554612    -0.285438129     0.216091211
     5.940000000     0.687772908    -0.243763824     0.220930617
     5.950000000     0.699426591    -0.200369976     0.225791299
     5.960000000     0.715361305    -0.157230235     0.230512850
     5.970000000     0.734988401    -0.116992480     0.234953662
     5.980000000     0.757343675    -0.082145819     0.239008290
     5.990000000     0.781243540    -0.053896004     0.242621244
     6.000000000     0.805507943    -0.031476953     0.245794719
     6.010000000     0.829195953    -0.012650706     0.248588524
     6.020000000     0.851793476     0.005006977     0.251111721
     6.030000000     0.873305669     0.023273069     0.253506811
     6.040000000     0.894234898     0.043356933     0.255928642
     6.050000000     0.915458480     0.066035517     0.258521108
     6.060000000     0.938047407     0.091201385     0.261395149
     6.070000000     0.963078875     0.117443478     0.264611428
     6.080000000     0.991488730     0.142439840     0.268170383
     6.090000000     1.023989223     0.164088608     0.272011250
     6.100000000     1.061051920     0.181603278     0.276020253
     6.110000000     1.102935977     0.195702541     0.280046705
     6.120000000     1.149735450     0.207883103     0.283924470
     6.130000000     1.201426228     0.219428364     0.287495357
     6.140000000     1.257907304     0.230412403     0.290630696
     6.150000000     1.319042089     0.238958940     0.293247707
     6.160000000     1.384704901     0.241773100     0.295318106
     6.170000000     1.454823767     0.236183353     0.296867771
     6.180000000     1.529390033     0.221891903     0.297967700
     6.190000000     1.608391068     0.200886370     0.298718021
     6.200000000     1.691627528     0.175980739     0.299227902
     6.210000000     1.778407634     0.149106359     0.299594990
     6.220000000     1.867162015     0.119976760     0.299888067
     6.230000000     1.955077343     0.085649068     0.300136031
     6.240000000     2.037882429     0.041467870     0.300325129
     6.250000000     2.109917034    -0.017223436     0.300404701
     6.260000000     2.164563072    -0.094030433     0.300300002
     6.270000000     2.195028613    -0.191012927     0.299929249
     6.280000000     2.195371190    -0.307262963     0.299221304
     6.290000000     2.161560886    -0.436623581     0.298130497
     6.300000000     2.092345722    -0.567091847     0.296646007
     6.310000000     1.989708432    -0.684070399     0.294794594
     6.320000000     1.858790789    -0.775538152     0.292637046
     6.330000000     1.707285279    -0.835415015     0.290259944
     6.340000000     1.544417833    -0.863921809     0.287765112
     6.350000000     1.379733607    -0.865738269     0.285259256
     6.360000000     1.221927333    -0.847497545     0.282845893
     6.370000000     1.077926878    -0.815856130     0.280620923
     6.380000000     0.952359287    -0.776445341     0.278672228
     6.390000000     0.847430451    -0.733585183     0.277082673
     6.400000000     0.763161639    -0.690332283     0.275934978
     6.410000000     0.697869255    -0.648527961     0.275316245
     6.420000000     0.648755880    -0.609029839     0.275319699
     6.430000000     0.612495675    -0.572177492     0.276041523
     6.440000000     0.585732468    -0.538085019     0.277571684
     6.450000000     0.565449148    -0.506646007     0.279979116
     6.460000000     0.549200718    -0.477547615     0.283293315
     6.470000000     0.535224811    -0.450323930     0.287485826
     6.480000000     0.522452606    -0.424297714     0.292455772
     6.490000000     0.510443990    -0.398562635     0.298023402
     6.500000000     0.499268255    -0.372205616     0.303934401
     6.510000000     0.489349539    -0.344644309     0.309875899
     6.520000000     0.481295958    -0.315787298     0.315502988
     6.530000000     0.475732112    -0.285971427     0.320472641
     6.540000000     0.473154486    -0.255890877     0.324480551
     6.550000000     0.473826223    -0.226519412     0.327295790
     6.560000000     0.477721380    -0.198865688     0.328788362
     6.570000000     0.484520135    -0.173709699     0.328945606
     6.580000000     0.493647793    -0.151467875     0.327874869
     6.590000000     0.504344362    -0.132109912     0.325791719
     6.600000000     0.515749443    -0.115211059     0.322994939
     6.610000000     0.526989105    -0.100255927     0.319831474
     6.620000000     0.537255667    -0.086959124     0.316656042
     6.630000000     0.545875574    -0.075333172     0.313790925
     6.640000000     0.552363003    -0.065535698     0.311491454
     6.650000000     0.556457131    -0.057489686     0.309921591
     6.660000000     0.558140070    -0.050462375     0.309142204
     6.670000000     0.557632383    -0.043185689     0.309112326
     6.680000000     0.555365021    -0.034568581     0.309701590
     6.690000000     0.551930641    -0.024213711     0.310710547
     6.700000000     0.548021887    -0.012315263     0.311895054
     6.710000000     0.544366989     0.000675550     0.312991289
     6.720000000     0.541672047     0.014271825     0.313738942
     6.730000000     0.540574518     0.028027731     0.313901245
     6.740000000     0.541605596     0.041559422     0.313281400
     6.750000000     0.545153779     0.054670921     0.311735318
     6.760000000     0.551421250     0.067516168     0.309180584
     6.770000000     0.560370221     0.080434024     0.305601277
     6.780000000     0.571666761     0.093393543     0.301048070
     6.790000000     0.584640769     0.105620814     0.295633115
     6.800000000     0.598287244     0.115894978     0.289519639
     6.810000000     0.611331365     0.123074056     0.282906840
     6.820000000     0.622366727     0.126212610     0.276011522
     6.830000000     0.630055240     0.124665792     0.269048610
     6.840000000     0.633355259     0.118773456     0.262213182
     6.850000000     0.631729493     0.110573025     0.255666713
     6.860000000     0.625282514     0.103424818     0.249529794
     6.870000000     0.614791156     0.100446867     0.243882616
     6.880000000     0.601616178     0.103235705     0.238772984
     6.890000000     0.587512392     0.111820417     0.234229897
     6.900000000     0.574377647     0.125089988     0.230279106
     6.910000000     0.563991757     0.141244513     0.226956101
     6.920000000     0.557792452     0.158505655     0.224312186
     6.930000000     0.556719862     0.175700804     0.222410778
     6.940000000     0.561140722     0.192206229     0.221313710
     6.950000000     0.570845687     0.207456130     0.221060257
     6.960000000     0.585102905     0.220692228     0.221644159
     6.970000000     0.602749347     0.231238621     0.222994998
     6.980000000     0.622305911     0.238743256     0.224969659
     6.990000000     0.642108341     0.242968586     0.227357292
     7.000000000     0.660449527     0.243570454     0.229897914
     7.010000000     0.675727703     0.240320695     0.232311466
     7.020000000     0.686590301     0.233526162     0.234331720
     7.030000000     0.692057742     0.224242305     0.235738506
     7.040000000     0.691608950     0.214239575     0.236382359
     7.050000000     0.685213192     0.205652195     0.236197672
     7.060000000     0.673301435     0.200227709     0.235203010
     7.070000000     0.656682328     0.198673673     0.233489782
     7.080000000     0.636419771     0.200728825     0.231202408
     7.090000000     0.613697060     0.205933772     0.228514008
     7.100000000     0.589694580     0.214334886     0.225601615
     7.110000000     0.565503485     0.226268854     0.222624138
     7.120000000     0.542088455     0.241516705     0.219705224
     7.130000000     0.520300776     0.259116377     0.216922106
     7.140000000     0.500931802     0.278264304     0.214300859
     7.150000000     0.484788460     0.299111902     0.211817979
     7.160000000     0.472768379     0.322456880     0.209407944
     7.170000000     0.465912628     0.348865408     0.206975965
     7.180000000     0.465418394     0.378238542     0.204414476
     7.190000000     0.472600825     0.410063723     0.201621121
     7.200000000     0.488801736     0.443755535     0.198515312
     7.210000000     0.515251964     0.478608974     0.195050284
     7.220000000     0.552903630     0.513605371     0.191218259
     7.230000000     0.602257772     0.547438997     0.187047722
     7.240000000     0.663220400     0.578663318     0.182593777
     7.250000000     0.735023184     0.605670797     0.177924289
     7.260000000     0.816240282     0.626543478     0.173105658
     7.270000000     0.904917759     0.639007696     0.168192041
     7.280000000     0.998806960     0.640653362     0.163220732
     7.290000000     1.095662925     0.629564944     0.158214520
     7.300000000     1.193541990     0.605631279     0.153189798
     7.310000000     1.291019255     0.571886976     0.148167558
     7.320000000     1.387254137     0.533482378     0.143183742
     7.330000000     1.481862910     0.493990370     0.138295762
     7.340000000     1.574605329     0.452936249     0.133583294
     7.350000000     1.664946643     0.407301383     0.129143180
     7.360000000     1.751601386     0.354885048     0.125079958
     7.370000000     1.832187519     0.295161971     0.121494642
     7.380000000     1.903109436     0.226852763     0.118474636
     7.390000000     1.959744888     0.146363429     0.116087053
     7.400000000     1.996941665     0.049795375     0.114376538
     7.410000000     2.009751016    -0.063747289     0.113367225
     7.420000000     1.994257371    -0.190317970     0.113067304
     7.430000000     1.948328205    -0.321348693     0.113473957
     7.440000000     1.872116610    -0.445654190     0.114576441
     7.450000000     1.768202156    -0.552815758     0.116355656
     7.460000000     1.641338889    -0.636847664     0.118779648
     7.470000000     1.497868844    -0.697411454     0.121795755
     7.480000000     1.344929837    -0.737224172     0.125321382
     7.490000000     1.189619229    -0.758901795     0.129236215
     7.500000000     1.038265651    -0.764680510     0.133378963
     7.510000000     0.895916523    -0.757523326     0.137551037
     7.520000000     0.766087739    -0.741032015     0.141528227
     7.530000000     0.650761994    -0.718518573     0.145079440
     7.540000000     0.550578538    -0.692317242     0.147989679
     7.550000000     0.465136315    -0.663642555     0.150083111
     7.560000000     0.393333531    -0.633052158     0.151241827
     7.570000000     0.333683159    -0.601082614     0.151416829
     7.580000000     0.284567351    -0.568436972     0.150629649
     7.590000000     0.244416563    -0.535779104     0.148965096
     7.600000000     0.211816304    -0.503599292     0.146557425
     7.610000000     0.185554210    -0.472245870     0.143573089
     7.620000000     0.164623274    -0.441910827     0.140193182
     7.630000000     0.148196173    -0.412580696     0.136597846
     7.640000000     0.135583332    -0.384119689     0.132953798
     7.650000000     0.126185402    -0.356454235     0.129405196
     7.660000000     0.119449703    -0.329721942     0.126067483
     7.670000000     0.114839073    -0.304280971     0.123023720
     7.680000000     0.111819395    -0.280565845     0.120323063
     7.690000000     0.109868084    -0.258907091     0.117981209
     7.700000000     0.108500550    -0.239401842     0.115982770
     7.710000000     0.107306398    -0.221836969     0.114285477
     7.720000000     0.105983833    -0.205704898     0.112826029
     7.730000000     0.104360839    -0.190340838     0.111527295
     7.740000000     0.102395470    -0.175134657     0.110306400
     7.750000000     0.100153874    -0.159733453     0.109083154
     7.760000000     0.097771396    -0.144145927     0.107788069
     7.770000000     0.095406875    -0.128668661     0.106369055
     7.780000000     0.093201577    -0.113659569     0.104795781
     7.790000000     0.091251674    -0.099350620     0.103060799
     7.800000000     0.089598071    -0.085831321     0.101176941
     7.810000000     0.088231583    -0.073103056     0.099171186
     7.820000000     0.087107216    -0.061078069     0.097076049
     7.830000000     0.086159852    -0.049562159     0.094920307
     7.840000000     0.085315374    -0.038300079     0.092721183
     7.850000000     0.084494941    -0.027109169     0.090479960
     7.860000000     0.083614232    -0.016014487     0.088182138
     7.870000000     0.082582038    -0.005236890     0.085802093
     7.880000000     0.081302775     0.004930799     0.083310918
     7.890000000     0.079685273     0.014266427     0.080685207
     7.900000000     0.077656770     0.022803910     0.077914280
     7.910000000     0.075178030     0.030935581     0.075003793
     7.920000000     0.072254274     0.039199500     0.071974859
     7.930000000     0.068937694     0.047920676     0.068859148
     7.940000000     0.065320216     0.057105851     0.065691718
     7.950000000     0.061518540     0.066597038     0.062503942
     7.960000000     0.057655957     0.076220236     0.059318748
     7.970000000     0.053846027     0.085853675     0.056149488
     7.980000000     0.050181873     0.095456487     0.053002455
     7.990000000     0.046732319     0.105040006     0.049881853
     8.000000000     0.043543476     0.114608618     0.046795285
     8.010000000     0.040642779     0.124161383     0.043757827
     8.020000000     0.038042329     0.133743110     0.040793353
     8.030000000     0.035739634     0.143432378     0.037932833
     8.040000000     0.033715796     0.153256159     0.035210244
     8.050000000     0.031932955     0.163139768     0.032657417
     8.060000000     0.030333617     0.172935806     0.030299240
     8.070000000     0.028844119     0.182484888     0.028150318
     8.080000000     0.027382949     0.191680175     0.026213595
     8.090000000     0.025872745     0.200535210     0.024480827
     8.100000000     0.024253176     0.209218085     0.022934371
     8.110000000     0.022491315     0.217976864     0.021549580
     8.120000000     0.020586676     0.226988860     0.020297215
     8.130000000     0.018569644     0.236296297     0.019145562
     8.140000000     0.016493932     0.245870324     0.018062200
     8.150000000     0.014425274     0.255680449     0.017015617
     8.160000000     0.012429357     0.265699665     0.015976907
     8.170000000     0.010561760     0.275888139     0.014921691
     8.180000000     0.008861731     0.286201000     0.013832173
     8.190000000     0.007350303     0.296612587     0.012699057
     8.200000000     0.006032107     0.307127599     0.011522851
     8.210000000     0.004899484     0.317770553     0.010314115
     8.220000000     0.003937335     0.328569310     0.009092346
     8.230000000     0.003127444     0.339546172     0.007883528
     8.240000000     0.002451516     0.350718408     0.006716676
     8.250000000     0.001892783     0.362102758     0.005619979
     8.260000000     0.001436434     0.373718506     0.004617289
     8.270000000     0.001069328     0.385589086     0.003725543
     8.280000000     0.000779490     0.397743542     0.002953541
     8.290000000     0.000555722     0.410217632     0.002302090
     8.300000000     0.000387562     0.423054194     0.001765276
     8.310000000     0.000265697     0.436302994     0.001332395
     8.320000000     0.000183006     0.450020603     0.000990065
     8.330000000     0.000136668     0.464270733     0.000724078
     8.340000000     0.000132318     0.479125001     0.000520777
     8.350000000     0.000192155     0.494663913     0.000367874
     8.360000000     0.000370306     0.510977993     0.000254806
     8.370000000     0.000780459     0.528168945     0.000172764
     8.380000000     0.001642605     0.546350779     0.000114548
     8.390000000     0.003356582     0.565650646     0.000074383
     8.400000000     0.006608578     0.586209011     0.000047737
     8.410000000     0.012510546     0.608178421     0.000031190
     8.420000000     0.022759517     0.631719604     0.000022322
     8.430000000     0.039783530     0.656992599     0.000019620
     8.440000000     0.066815773     0.684138830     0.000022374
     8.450000000     0.107816439     0.713246821     0.000030529
     8.460000000     0.167155169     0.744288475     0.000044494
     8.470000000     0.248990652     0.777002650     0.000064886
     8.480000000     0.356348186     0.810685295     0.000092204
     8.490000000     0.489997992     0.843817675     0.000126486
     8.500000000     0.647354654     0.873428291     0.000166974
     8.510000000     0.821709809     0.894067931     0.000211890
     8.520000000     1.002127291     0.896396091     0.000258391
     8.530000000     1.174236372     0.865959786     0.000302759
     8.540000000     1.321954137     0.784332914     0.000340843
     8.550000000     1.429899350     0.636895723     0.000368673
     8.560000000     1.486013552     0.428904527     0.000383141
     8.570000000     1.483775829     0.196758662     0.000382564
     8.580000000     1.423449403    -0.007649987     0.000367010
     8.590000000     1.312030703    -0.150132280     0.000338283
     8.600000000     1.161914529    -0.227531524     0.000299578
     8.610000000     0.988627273    -0.255237855     0.000254899
     8.620000000     0.808200682    -0.251537475     0.000208379
     8.630000000     0.634795821    -0.230487377     0.000163670
     8.640000000     0.479045899    -0.201082969     0.000123513
     8.650000000     0.347334893    -0.168541928     0.000089554
     8.660000000     0.241962422    -0.135696805     0.000062386
     8.670000000     0.161948023    -0.103987685     0.000041755
     8.680000000     0.104143364    -0.074075856     0.000026851
     8.690000000     0.064345143    -0.046200216     0.000016590
     8.700000000     0.038196904    -0.020378132     0.000009848
     8.710000000     0.021785562     0.003483246     0.000005617
     8.720000000     0.011938166     0.025526118     0.000003078
     8.730000000     0.006285425     0.045909331     0.000001621
     8.740000000     0.003179508     0.064791326     0.000000820
     8.750000000     0.001545302     0.082321749     0.000000398
     8.760000000     0.000721598     0.098637794     0.000000186
     8.770000000     0.000323747     0.113863108     0.000000083
     8.780000000     0.000139554     0.128108029     0.000000036
     8.790000000     0.000057798     0.141470457     0.000000015
     8.800000000     0.000022999     0.154037010     0.000000006
     8.810000000     0.000008793     0.165884236     0.000000002
     8.820000000     0.000003230     0.177079787     0.000000001
     8.830000000     0.000001140     0.187683506     0.000000000
     8.840000000     0.000000387     0.197748405     0.000000000
     8.850000000     0.000000126     0.207321523     0.000000000
     8.860000000     0.000000039     0.216444691     0.000000000
     8.870000000     0.000000012     0.225155183     0.000000000
     8.880000000     0.000000003     0.233486292     0.000000000
     8.890000000     0.000000001     0.241467820     0.000000000
     8.900000000     0.000000000     0.249126512     0.000000000
     8.910000000     0.000000000     0.256486420     0.000000000
     8.920000000     0.000000000     0.263569227     0.000000000
     8.930000000     0.000000000     0.270394521     0.000000000
     8.940000000     0.000000000     0.276980044     0.000000000
     8.950000000     0.000000000     0.283341890     0.000000000
     8.960000000     0.000000000     0.289494700     0.000000000
     8.970000000     0.000000000     0.295451812     0.000000000
     8.980000000     0.000000000     0.301225407     0.000000000
     8.990000000     0.000000000     0.306826628     0.000000000
     9.000000000     0.000000000     0.312265687     0.000000000
     9.010000000     0.000000000     0.317551963     0.000000000
     9.020000000     0.000000000     0.322694082     0.000000000
     9.030000000     0.000000000     0.327699996     0.000000000
     9.040000000     0.000000000     0.332577041     0.000000000
     9.050000000     0.000000000     0.337332002     0.000000000
     9.060000000     0.000000000     0.341971159     0.000000000
     9.070000000     0.000000000     0.346500339     0.000000000
     9.080000000     0.000000000     0.350924952     0.000000000
     9.090000000     0.000000000     0.355250032     0.000000000
     9.100000000     0.000000000     0.359480265     0.000000000
     9.110000000     0.000000000     0.363620024     0.000000000
     9.120000000     0.000000000     0.367673392     0.000000000
     9.130000000     0.000000000     0.371644188     0.000000000
     9.140000000     0.000000000     0.375535989     0.000000000
     9.150000000     0.000000000     0.379352145     0.000000000
     9.160000000     0.000000000     0.383095804     0.000000000
     9.170000000     0.000000000     0.386769924     0.000000000
     9.180000000     0.000000000     0.390377286     0.000000000
     9.190000000     0.000000000     0.393920512     0.000000000
     9.200000000     0.000000000     0.397402073     0.000000000
     9.210000000     0.000000000     0.400824303     0.000000000
     9.220000000     0.000000000     0.404189407     0.000000000
     9.230000000     0.000000000     0.407499471     0.000000000
     9.240000000     0.000000000     0.410756472     0.000000000
     9.250000000     0.000000000     0.413962284     0.000000000
     9.260000000     0.000000000     0.417118686     0.000000000
     9.270000000     0.000000000     0.420227368     0.000000000
     9.280000000     0.000000000     0.423289939     0.000000000
     9.290000000     0.000000000     0.426307930     0.000000000
     9.300000000     0.000000000     0.429282802     0.000000000
     9.310000000     0.000000000     0.432215950     0.000000000
     9.320000000     0.000000000     0.435108705     0.000000000
     9.330000000     0.000000000     0.437962343     0.000000000
     9.340000000     0.000000000     0.440778087     0.000000000
     9.350000000     0.000000000     0.443557110     0.000000000
     9.360000000     0.000000000     0.446300538     0.000000000
     9.370000000     0.000000000     0.449009459     0.000000000
     9.380000000     0.000000000     0.451684917     0.000000000
     9.390000000     0.000000000     0.454327926     0.000000000
     9.400000000     0.000000000     0.456939463     0.000000000
     9.410000000     0.000000000     0.459520480     0.000000000
     9.420000000     0.000000000     0.462071901     0.000000000
     9.430000000     0.000000000     0.464594628     0.000000000
     9.440000000     0.000000000     0.467089544     0.000000000
     9.450000000     0.000000000     0.469557516     0.000000000
     9.460000000     0.000000000     0.471999398     0.000000000
     9.470000000     0.000000001     0.474416036     0.000000000
     9.480000000     0.000000002     0.476808270     0.000000000
     9.490000000     0.000000005     0.479176943     0.000000000
     9.500000000     0.000000015     0.481522898     0.000000001
     9.510000000     0.000000040     0.483846991     0.000000002
     9.520000000     0.000000106     0.486150090     0.000000005
     9.530000000     0.000000269     0.488433087     0.000000013
     9.540000000     0.000000653     0.490696901     0.000000031
     9.550000000     0.000001525     0.492942485     0.000000073
     9.560000000     0.000003422     0.495170836     0.000000164
     9.570000000     0.000007376     0.497383001     0.000000353
     9.580000000     0.000015277     0.499580080     0.000000730
     9.590000000     0.000030399     0.501763234     0.000001453
     9.600000000     0.000058119     0.503933677     0.000002778
     9.610000000     0.000106759     0.506092662     0.000005103
     9.620000000     0.000188415     0.508241439     0.000009006
     9.630000000     0.000319489     0.510381179     0.000015270
     9.640000000     0.000520504     0.512512808     0.000024878
     9.650000000     0.000814743     0.514636717     0.000038942
     9.660000000     0.001225308     0.516752215     0.000058566
     9.670000000     0.001770510     0.518856544     0.000084624
     9.680000000     0.002457988     0.520943131     0.000117484
     9.690000000     0.003278605     0.522998548     0.000156706
     9.700000000     0.004201717     0.524997532     0.000200828
     9.710000000     0.005173599     0.526895761     0.000247281
     9.720000000     0.006120499     0.528622391     0.000292539
     9.730000000     0.006956795     0.530081397     0.000332512
     9.740000000     0.007597309     0.531182703     0.000363126
     9.750000000     0.007971473     0.531920553     0.000381010
     9.760000000     0.008036105     0.532452313     0.000384099
     9.770000000     0.007783606     0.533054200     0.000372030
     9.780000000     0.007243430     0.533946939     0.000346212
     9.790000000     0.006476434     0.535185196     0.000309552
     9.800000000     0.005563599     0.536701224     0.000265921
     9.810000000     0.004592022     0.538395018     0.000219483
     9.820000000     0.003641500     0.540184261     0.000174052
     9.830000000     0.002774501     0.542014566     0.000132612
     9.840000000     0.002031036     0.543853855     0.000097077
     9.850000000     0.001428495     0.545684542     0.000068277
     9.860000000     0.000965312     0.547497623     0.000046139
     9.870000000     0.000626737     0.549288932     0.000029956
     9.880000000     0.000390959     0.551056943     0.000018687
     9.890000000     0.000234318     0.552801526     0.000011200
     9.900000000     0.000134930     0.554523254     0.000006449
     9.910000000     0.000074651     0.556223024     0.000003568
     9.920000000     0.000039682     0.557901851     0.000001897
     9.930000000     0.000020267     0.559560762     0.000000969
     9.940000000     0.000009945     0.561200738     0.000000475
     9.950000000     0.000004689     0.562822694     0.000000224
     9.960000000     0.000002124     0.564427470     0.000000102
     9.970000000     0.000000924     0.566015828     0.000000044
     9.980000000     0.000000386     0.567588459     0.000000018
     9.990000000     0.000000155     0.569145989     0.000000007
    10.000000000     0.000000060     0.570688985     0.000000003
    10.010000000     0.000000022     0.572217960     0.000000001
    10.020000000     0.000000008     0.573733383     0.000000000
    10.030000000     0.000000003     0.575235680     0.000000000
    10.040000000     0.000000001     0.576725241     0.000000000
    10.050000000     0.000000000     0.578202427     0.000000000
    10.060000000     0.000000000     0.579667568     0.000000000
    10.070000000     0.000000000     0.581120971     0.000000000
    10.080000000     0.000000000     0.582562919     0.000000000
    10.090000000     0.000000000     0.583993679     0.000000000
    10.100000000     0.000000000     0.585413498     0.000000000
    10.110000000     0.000000000     0.586822608     0.000000000
    10.120000000     0.000000000     0.588221228     0.000000000
    10.130000000     0.000000000     0.589609565     0.000000000
    10.140000000     0.000000000     0.590987812     0.000000000
    10.150000000     0.000000000     0.592356156     0.000000000
    10.160000000     0.000000000     0.593714771     0.000000000
    10.170000000     0.000000000     0.595063826     0.000000000
    10.180000000     0.000000000     0.596403480     0.000000000
    10.190000000     0.000000000     0.597733886     0.000000000
    10.200000000     0.000000000     0.599055190     0.000000000
    10.210000000     0.000000000     0.600367533     0.000000000
    10.220000000     0.000000000     0.601671049     0.000000000
    10.230000000     0.000000000     0.602965870     0.000000000
    10.240000000     0.000000000     0.604252121     0.000000000
    10.250000000     0.000000000     0.605529923     0.000000000
    10.260000000     0.000000000     0.606799392     0.000000000
    10.270000000     0.000000000     0.608060643     0.000000000
    10.280000000     0.000000000     0.609313785     0.000000000
    10.290000000     0.000000000     0.610558925     0.000000000
    10.300000000     0.000000000     0.611796165     0.000000000
    10.310000000     0.000000000     0.613025608     0.000000000
    10.320000000     0.000000000     0.614247350     0.000000000
    10.330000000     0.000000000     0.615461486     0.000000000
    10.340000000     0.000000000     0.616668110     0.000000000
    10.350000000     0.000000000     0.617867310     0.000000000
    10.360000000     0.000000000     0.619059177     0.000000000
    10.370000000     0.000000000     0.620243794     0.000000000
    10.380000000     0.000000000     0.621421247     0.000000000
    10.390000000     0.000000000     0.622591618     0.000000000
    10.400000000     0.000000000     0.623754985     0.000000000
    10.410000000     0.000000000     0.624911429     0.000000000
    10.420000000     0.000000000     0.626061024     0.000000000
    10.430000000     0.000000000     0.627203848     0.000000000
    10.440000000     0.000000000     0.628339972     0.000000000
    10.450000000     0.000000000     0.629469469     0.000000000
    10.460000000     0.000000000     0.630592409     0.000000000
    10.470000000     0.000000000     0.631708862     0.000000000
    10.480000000     0.000000000     0.632818895     0.000000000
    10.490000000     0.000000000     0.633922575     0.000000000
    10.500000000     0.000000000     0.635019968     0.000000000
    10.510000000     0.000000000     0.636111136     0.000000000
    10.520000000     0.000000000     0.637196143     0.000000000
    10.530000000     0.000000000     0.638275052     0.000000000
    10.540000000     0.000000000     0.639347921     0.000000000
    10.550000000     0.000000000     0.640414812     0.000000000
    10.560000000     0.000000000     0.641475783     0.000000000
    10.570000000     0.000000000     0.642530890     0.000000000
    10.580000000     0.000000000     0.643580192     0.000000000
    10.590000000     0.000000000     0.644623743     0.000000000
    10.600000000     0.000000000     0.645661598     0.000000000
    10.610000000     0.000000000     0.646693812     0.000000000
    10.620000000     0.000000000     0.647720437     0.000000000
    10.630000000     0.000000000     0.648741525     0.000000000
    10.640000000     0.000000000     0.649757127     0.000000000
    10.650000000     0.000000000     0.650767296     0.000000000
    10.660000000     0.000000000     0.651772079     0.000000000
    10.670000000     0.000000000     0.652771526     0.000000000
    10.680000000     0.000000000     0.653765685     0.000000000
    10.690000000     0.000000000     0.654754604     0.000000000
    10.700000000     0.000000000     0.655738330     0.000000000
    10.710000000     0.000000000     0.656716909     0.000000000
    10.720000000     0.000000000     0.657690387     0.000000000
    10.730000000     0.000000000     0.658658808     0.000000000
    10.740000000     0.000000000     0.659622216     0.000000000
    10.750000000     0.000000000     0.660580655     0.000000000
    10.760000000     0.000000000     0.661534168     0.000000000
    10.770000000     0.000000000     0.662482798     0.000000000
    10.780000000     0.000000000     0.663426585     0.000000000
    10.790000000     0.000000000     0.664365573     0.000000000
    10.800000000     0.000000000     0.665299800     0.000000000
    10.810000000     0.000000000     0.666229307     0.000000000
    10.820000000     0.000000000     0.667154134     0.000000000
    10.830000000     0.000000000     0.668074320     0.000000000
    10.840000000     0.000000000     0.668989903     0.000000000
    10.850000000     0.000000000     0.669900922     0.000000000
    10.860000000     0.000000000     0.670807413     0.000000000
    10.870000000     0.000000000     0.671709414     0.000000000
    10.880000000     0.000000000     0.672606962     0.000000000
    10.890000000     0.000000000     0.673500092     0.000000000
    10.900000000     0.000000000     0.674388840     0.000000000
    10.910000000     0.000000000     0.675273242     0.000000000
    10.920000000     0.000000000     0.676153332     0.000000000
    10.930000000     0.000000000     0.677029144     0.000000000
    10.940000000     0.000000000     0.677900713     0.000000000
    10.950000000     0.000000000     0.678768071     0.000000000
    10.960000000     0.000000000     0.679631252     0.000000000
    10.970000000     0.000000000     0.680490289     0.000000000
    10.980000000     0.000000000     0.681345214     0.000000000
    10.990000000     0.000000000     0.682196059     0.000000000
    11.000000000     0.000000000     0.683042855     0.000000000
