 # Column 1: omega
 # Column 2: eps2(omega)
 # Column 3: eps1(omega)
 # Column 4: JDOS(omega)
     0.000000000     0.000000000     2.127233718     0.000000000
     0.010000000     0.000000000     2.127241351     0.000000000
     0.020000000     0.000000000     2.127264252     0.000000000
     0.030000000     0.000000000     2.127302425     0.000000000
     0.040000000     0.000000000     2.127355875     0.000000000
     0.050000000     0.000000000     2.127424610     0.000000000
     0.060000000     0.000000000     2.127508639     0.000000000
     0.070000000     0.000000000     2.127607976     0.000000000
     0.080000000     0.000000000     2.127722635     0.000000000
     0.090000000     0.000000000     2.127852634     0.000000000
     0.100000000     0.000000000     2.127997990     0.000000000
     0.110000000     0.000000000     2.128158726     0.000000000
     0.120000000     0.000000000     2.128334866     0.000000000
     0.130000000     0.000000000     2.128526436     0.000000000
     0.140000000     0.000000000     2.128733464     0.000000000
     0.150000000     0.000000000     2.128955981     0.000000000
     0.160000000     0.000000000     2.129194020     0.000000000
     0.170000000     0.000000000     2.129447618     0.000000000
     0.180000000     0.000000000     2.129716811     0.000000000
     0.190000000     0.000000000     2.130001641     0.000000000
     0.200000000     0.000000000     2.130302149     0.000000000
     0.210000000     0.000000000     2.130618383     0.000000000
     0.220000000     0.000000000     2.130950388     0.000000000
     0.230000000     0.000000000     2.131298216     0.000000000
     0.240000000     0.000000000     2.131661919     0.000000000
     0.250000000     0.000000000     2.132041553     0.000000000
     0.260000000     0.000000000     2.132437175     0.000000000
     0.270000000     0.000000000     2.132848847     0.000000000
     0.280000000     0.000000000     2.133276632     0.000000000
     0.290000000     0.000000000     2.133720595     0.000000000
     0.300000000     0.000000000     2.134180805     0.000000000
     0.310000000     0.000000000     2.134657334     0.000000000
     0.320000000     0.000000000     2.135150256     0.000000000
     0.330000000     0.000000000     2.135659648     0.000000000
     0.340000000     0.000000000     2.136185590     0.000000000
     0.350000000     0.000000000     2.136728165     0.000000000
     0.360000000     0.000000000     2.137287459     0.000000000
     0.370000000     0.000000000     2.137863560     0.000000000
     0.380000000     0.000000000     2.138456562     0.000000000
     0.390000000     0.000000000     2.139066558     0.000000000
     0.400000000     0.000000000     2.139693647     0.000000000
     0.410000000     0.000000000     2.140337931     0.000000000
     0.420000000     0.000000000     2.140999514     0.000000000
     0.430000000     0.000000000     2.141678506     0.000000000
     0.440000000     0.000000000     2.142375016     0.000000000
     0.450000000     0.000000000     2.143089161     0.000000000
     0.460000000     0.000000000     2.143821059     0.000000000
     0.470000000     0.000000000     2.144570833     0.000000000
     0.480000000     0.000000000     2.145338608     0.000000000
     0.490000000     0.000000000     2.146124514     0.000000000
     0.500000000     0.000000000     2.146928686     0.000000000
     0.510000000     0.000000000     2.147751259     0.000000000
     0.520000000     0.000000000     2.148592377     0.000000000
     0.530000000     0.000000000     2.149452185     0.000000000
     0.540000000     0.000000000     2.150330832     0.000000000
     0.550000000     0.000000000     2.151228473     0.000000000
     0.560000000     0.000000000     2.152145267     0.000000000
     0.570000000     0.000000000     2.153081377     0.000000000
     0.580000000     0.000000000     2.154036971     0.000000000
     0.590000000     0.000000000     2.155012221     0.000000000
     0.600000000     0.000000000     2.156007305     0.000000000
     0.610000000     0.000000000     2.157022405     0.000000000
     0.620000000     0.000000000     2.158057708     0.000000000
     0.630000000     0.000000000     2.159113407     0.000000000
     0.640000000     0.000000000     2.160189701     0.000000000
     0.650000000     0.000000000     2.161286793     0.000000000
     0.660000000     0.000000000     2.162404891     0.000000000
     0.670000000     0.000000000     2.163544212     0.000000000
     0.680000000     0.000000000     2.164704976     0.000000000
     0.690000000     0.000000000     2.165887410     0.000000000
     0.700000000     0.000000000     2.167091747     0.000000000
     0.710000000     0.000000000     2.168318228     0.000000000
     0.720000000     0.000000000     2.169567099     0.000000000
     0.730000000     0.000000000     2.170838614     0.000000000
     0.740000000     0.000000000     2.172133032     0.000000000
     0.750000000     0.000000000     2.173450622     0.000000000
     0.760000000     0.000000000     2.174791659     0.000000000
     0.770000000     0.000000000     2.176156426     0.000000000
     0.780000000     0.000000000     2.177545213     0.000000000
     0.790000000     0.000000000     2.178958319     0.000000000
     0.800000000     0.000000000     2.180396053     0.000000000
     0.810000000     0.000000000     2.181858729     0.000000000
     0.820000000     0.000000000     2.183346674     0.000000000
     0.830000000     0.000000000     2.184860221     0.000000000
     0.840000000     0.000000000     2.186399715     0.000000000
     0.850000000     0.000000000     2.187965509     0.000000000
     0.860000000     0.000000000     2.189557968     0.000000000
     0.870000000     0.000000000     2.191177465     0.000000000
     0.880000000     0.000000000     2.192824387     0.000000000
     0.890000000     0.000000000     2.194499129     0.000000000
     0.900000000     0.000000000     2.196202101     0.000000000
     0.910000000     0.000000000     2.197933723     0.000000000
     0.920000000     0.000000000     2.199694427     0.000000000
     0.930000000     0.000000000     2.201484660     0.000000000
     0.940000000     0.000000000     2.203304881     0.000000000
     0.950000000     0.000000000     2.205155562     0.000000000
     0.960000000     0.000000000     2.207037191     0.000000000
     0.970000000     0.000000000     2.208950271     0.000000000
     0.980000000     0.000000000     2.210895320     0.000000000
     0.990000000     0.000000000     2.212872870     0.000000000
     1.000000000     0.000000000     2.214883473     0.000000000
     1.010000000     0.000000000     2.216927696     0.000000000
     1.020000000     0.000000000     2.219006125     0.000000000
     1.030000000     0.000000000     2.221119365     0.000000000
     1.040000000     0.000000000     2.223268038     0.000000000
     1.050000000     0.000000000     2.225452789     0.000000000
     1.060000000     0.000000000     2.227674282     0.000000000
     1.070000000     0.000000000     2.229933204     0.000000000
     1.080000000     0.000000000     2.232230264     0.000000000
     1.090000000     0.000000000     2.234566195     0.000000000
     1.100000000     0.000000000     2.236941755     0.000000000
     1.110000000     0.000000000     2.239357726     0.000000000
     1.120000000     0.000000000     2.241814919     0.000000000
     1.130000000     0.000000000     2.244314171     0.000000000
     1.140000000     0.000000000     2.246856349     0.000000000
     1.150000000     0.000000000     2.249442350     0.000000000
     1.160000000     0.000000000     2.252073103     0.000000000
     1.170000000     0.000000000     2.254749570     0.000000000
     1.180000000     0.000000000     2.257472748     0.000000001
     1.190000000     0.000000000     2.260243670     0.000000001
     1.200000000     0.000000000     2.263063406     0.000000002
     1.210000000     0.000000000     2.265933067     0.000000004
     1.220000000     0.000000000     2.268853805     0.000000006
     1.230000000     0.000000000     2.271826815     0.000000009
     1.240000000     0.000000000     2.274853337     0.000000015
     1.250000000     0.000000000     2.277934662     0.000000023
     1.260000000     0.000000000     2.281072127     0.000000035
     1.270000000     0.000000000     2.284267125     0.000000054
     1.280000000     0.000000000     2.287521101     0.000000082
     1.290000000     0.000000001     2.290835560     0.000000122
     1.300000000     0.000000001     2.294212069     0.000000181
     1.310000000     0.000000001     2.297652256     0.000000266
     1.320000000     0.000000002     2.301157820     0.000000387
     1.330000000     0.000000003     2.304730529     0.000000558
     1.340000000     0.000000005     2.308372225     0.000000796
     1.350000000     0.000000007     2.312084831     0.000001124
     1.360000000     0.000000009     2.315870352     0.000001571
     1.370000000     0.000000013     2.319730881     0.000002175
     1.380000000     0.000000019     2.323668604     0.000002982
     1.390000000     0.000000026     2.327685803     0.000004048
     1.400000000     0.000000036     2.331784866     0.000005442
     1.410000000     0.000000050     2.335968288     0.000007244
     1.420000000     0.000000070     2.340238682     0.000009549
     1.430000000     0.000000096     2.344598780     0.000012464
     1.440000000     0.000000133     2.349051447     0.000016111
     1.450000000     0.000000183     2.353599683     0.000020624
     1.460000000     0.000000253     2.358246635     0.000026147
     1.470000000     0.000000348     2.362995604     0.000032829
     1.480000000     0.000000480     2.367850054     0.000040826
     1.490000000     0.000000662     2.372813626     0.000050289
     1.500000000     0.000000913     2.377890142     0.000061362
     1.510000000     0.000001262     2.383083625     0.000074174
     1.520000000     0.000001746     2.388398302     0.000088834
     1.530000000     0.000002419     2.393838628     0.000105422
     1.540000000     0.000003355     2.399409291     0.000123989
     1.550000000     0.000004660     2.405115233     0.000144546
     1.560000000     0.000006479     2.410961664     0.000167071
     1.570000000     0.000009019     2.416954079     0.000191506
     1.580000000     0.000012569     2.423098278     0.000217764
     1.590000000     0.000017531     2.429400388     0.000245740
     1.600000000     0.000024473     2.435866879     0.000275324
     1.610000000     0.000034185     2.442504590     0.000306423
     1.620000000     0.000047773     2.449320753     0.000338980
     1.630000000     0.000066772     2.456323016     0.000373004
     1.640000000     0.000093310     2.463519472     0.000408594
     1.650000000     0.000130324     2.470918685     0.000445975
     1.660000000     0.000181846     2.478529720     0.000485524
     1.670000000     0.000253377     2.486362172     0.000527801
     1.680000000     0.000352376     2.494426190     0.000573574
     1.690000000     0.000488885     2.502732509     0.000623840
     1.700000000     0.000676322     2.511292473     0.000679841
     1.710000000     0.000932462     2.520118053     0.000743080
     1.720000000     0.001280654     2.529221867     0.000815318
     1.730000000     0.001751280     2.538617187     0.000898573
     1.740000000     0.002383484     2.548317940     0.000995115
     1.750000000     0.003227186     2.558338696     0.001107439
     1.760000000     0.004345347     2.568694638     0.001238252
     1.770000000     0.005816477     2.579401508     0.001390431
     1.780000000     0.007737294     2.590475530     0.001566995
     1.790000000     0.010225431     2.601933298     0.001771054
     1.800000000     0.013422041     2.613791619     0.002005758
     1.810000000     0.017494077     2.626067298     0.002274241
     1.820000000     0.022635992     2.638776827     0.002579551
     1.830000000     0.029070550     2.651935921     0.002924580
     1.840000000     0.037048385     2.665558832     0.003311983
     1.850000000     0.046845939     2.679657324     0.003744096
     1.860000000     0.058761413     2.694239249     0.004222845
     1.870000000     0.073108392     2.709306649     0.004749662
     1.880000000     0.090206889     2.724853342     0.005325404
     1.890000000     0.110371700     2.740861907     0.005950272
     1.900000000     0.133898085     2.757299911     0.006623757
     1.910000000     0.161045076     2.774115173     0.007344594
     1.920000000     0.192016897     2.791229911     0.008110742
     1.930000000     0.226943304     2.808533716     0.008919395
     1.940000000     0.265859888     2.825875553     0.009767024
     1.950000000     0.308689634     2.843055095     0.010649444
     1.960000000     0.355227211     2.859813689     0.011561928
     1.970000000     0.405127542     2.875824729     0.012499335
     1.980000000     0.457900200     2.890682188     0.013456275
     1.990000000     0.512910979     2.903884838     0.014427289
     2.000000000     0.569391735     2.914813524     0.015407041
     2.010000000     0.626459086     2.922701956     0.016390509
     2.020000000     0.683142048     2.926609342     0.017373172
     2.030000000     0.738418002     2.925414438     0.018351181
     2.040000000     0.791255695     2.917860497     0.019321497
     2.050000000     0.840663327     2.902682493     0.020282008
     2.060000000     0.885739151     2.878835929     0.021231599
     2.070000000     0.925721588     2.845815681     0.022170190
     2.080000000     0.960035568     2.804003041     0.023098732
     2.090000000     0.988331813     2.754923199     0.024019168
     2.100000000     1.010515968     2.701270050     0.024934361
     2.110000000     1.026764989     2.646604898     0.025847991
     2.120000000     1.037528868     2.594766471     0.026764443
     2.130000000     1.043516697     2.549175911     0.027688662
     2.140000000     1.045667060     2.512279318     0.028626020
     2.150000000     1.045103793     2.485295486     0.029582155
     2.160000000     1.043079195     2.468284494     0.030562828
     2.170000000     1.040907684     2.460428539     0.031573765
     2.180000000     1.039893619     2.460379601     0.032620504
     2.190000000     1.041257543     2.466563946     0.033708241
     2.200000000     1.046065285     2.477391393     0.034841670
     2.210000000     1.055164357     2.491361917     0.036024828
     2.220000000     1.069131643     2.507085773     0.037260924
     2.230000000     1.088235829     2.523243659     0.038552182
     2.240000000     1.112417070     2.538517560     0.039899675
     2.250000000     1.141285399     2.551521792     0.041303174
     2.260000000     1.174138188     2.560756756     0.042761005
     2.270000000     1.209995767     2.564598257     0.044269937
     2.280000000     1.247653139     2.561329304     0.045825099
     2.290000000     1.285744708     2.549223428     0.047419935
     2.300000000     1.322818061     2.526696512     0.049046220
     2.310000000     1.357412263     2.492547979     0.050694126
     2.320000000     1.388135846     2.446294958     0.052352358
     2.330000000     1.413739725     2.388550004     0.054008349
     2.340000000     1.433180620     2.321313082     0.055648528
     2.350000000     1.445671299     2.247993727     0.057258636
     2.360000000     1.450714853     2.173026513     0.058824097
     2.370000000     1.448121390     2.101117872     0.060330420
     2.380000000     1.438006719     2.036370204     0.061763623
     2.390000000     1.420773855     1.981608611     0.063110649
     2.400000000     1.397079280     1.938117399     0.064359768
     2.410000000     1.367786836     1.905777803     0.065500928
     2.420000000     1.333912824     1.883443844     0.066526052
     2.430000000     1.296566220     1.869369779     0.067429248
     2.440000000     1.256888031     1.861569284     0.068206930
     2.450000000     1.215993521     1.858068335     0.068857835
     2.460000000     1.174920566     1.857066586     0.069382937
     2.470000000     1.134586676     1.857039314     0.069785251
     2.480000000     1.095756397     1.856805886     0.070069551
     2.490000000     1.059019960     1.855574245     0.070242003
     2.500000000     1.024783185     1.852955464     0.070309736
     2.510000000     0.993267959     1.848935782     0.070280377
     2.520000000     0.964522012     1.843798480     0.070161578
     2.530000000     0.938436324     1.838000048     0.069960551
     2.540000000     0.914768281     1.832018780     0.069683654
     2.550000000     0.893168656     1.826205992     0.069336031
     2.560000000     0.873210566     1.820676578     0.068921354
     2.570000000     0.854418771     1.815270028     0.068441646
     2.580000000     0.836297922     1.809593433     0.067897234
     2.590000000     0.818358657     1.803132831     0.067286796
     2.600000000     0.800140717     1.795400573     0.066607526
     2.610000000     0.781232512     1.786079986     0.065855393
     2.620000000     0.761286784     1.775133472     0.065025482
     2.630000000     0.740032192     1.762851484     0.064112388
     2.640000000     0.717280777     1.749832489     0.063110662
     2.650000000     0.692931407     1.736896028     0.062015257
     2.660000000     0.666969377     1.724944937     0.060821971
     2.670000000     0.639462454     1.714809922     0.059527852
     2.680000000     0.610553734     1.707120877     0.058131557
     2.690000000     0.580451786     1.702241613     0.056633637
     2.700000000     0.549418618     1.700277956     0.055036736
     2.710000000     0.517756094     1.701139633     0.053345713
     2.720000000     0.485791476     1.704620814     0.051567661
     2.730000000     0.453862789     1.710467502     0.049711843
     2.740000000     0.422304698     1.718415775     0.047789538
     2.750000000     0.391435549     1.728202551     0.045813813
     2.760000000     0.361546120     1.739561282     0.043799225
     2.770000000     0.332890536     1.752215844     0.041761470
     2.780000000     0.305679634     1.765880423     0.039717002
     2.790000000     0.280076933     1.780266910     0.037682611
     2.800000000     0.256197170     1.795097501     0.035675006
     2.810000000     0.234107247     1.810119067     0.033710400
     2.820000000     0.213829266     1.825116397     0.031804107
     2.830000000     0.195345264     1.839922750     0.029970183
     2.840000000     0.178603168     1.854427392     0.028221102
     2.850000000     0.163523462     1.868580264     0.026567490
     2.860000000     0.150006103     1.882393166     0.025017920
     2.870000000     0.137937212     1.895935216     0.023578770
     2.880000000     0.127195206     1.909319649     0.022254156
     2.890000000     0.117656060     1.922681109     0.021045935
     2.900000000     0.109197554     1.936147365     0.019953772
     2.910000000     0.101702423     1.949813612     0.018975280
     2.920000000     0.095060449     1.963727232     0.018106210
     2.930000000     0.089169596     1.977885895     0.017340699
     2.940000000     0.083936368     1.992246037     0.016671552
     2.950000000     0.079275600     2.006735832     0.016090554
     2.960000000     0.075109899     2.021267619     0.015588804
     2.970000000     0.071368953     2.035747527     0.015157045
     2.980000000     0.067988887     2.050082721     0.014785993
     2.990000000     0.064911795     2.064188148     0.014466644
     3.000000000     0.062085557     2.077994685     0.014190552
     3.010000000     0.059463935     2.091459375     0.013950071
     3.020000000     0.057006963     2.104576354     0.013738554
     3.030000000     0.054681533     2.117384975     0.013550503
     3.040000000     0.052462114     2.129970651     0.013381664
     3.050000000     0.050331473     2.142455288     0.013229082
     3.060000000     0.048281295     2.154977997     0.013091103
     3.070000000     0.046312607     2.167671307     0.012967325
     3.080000000     0.044435923     2.180640404     0.012858524
     3.090000000     0.042671081     2.193951481     0.012766537
     3.100000000     0.041046730     2.207630877     0.012694127
     3.110000000     0.039599520     2.221672425     0.012644824
     3.120000000     0.038373010     2.236048400     0.012622762
     3.130000000     0.037416393     2.250720091     0.012632509
     3.140000000     0.036783087     2.265645863     0.012678903
     3.150000000     0.036529308     2.280786281     0.012766888
     3.160000000     0.036712681     2.296106880     0.012901375
     3.170000000     0.037390987     2.311579357     0.013087107
     3.180000000     0.038621077     2.327181841     0.013328541
     3.190000000     0.040458025     2.342898545     0.013629760
     3.200000000     0.042954507     2.358718830     0.013994384
     3.210000000     0.046160435     2.374635497     0.014425521
     3.220000000     0.050122817     2.390642170     0.014925719
     3.230000000     0.054885805     2.406729918     0.015496948
     3.240000000     0.060490892     2.422883784     0.016140593
     3.250000000     0.066977197     2.439080154     0.016857471
     3.260000000     0.074381746     2.455285888     0.017647859
     3.270000000     0.082739693     2.471459430     0.018511548
     3.280000000     0.092084380     2.487553283     0.019447903
     3.290000000     0.102447145     2.503516635     0.020455948
     3.300000000     0.113856815     2.519297095     0.021534452
     3.310000000     0.126338800     2.534841513     0.022682036
     3.320000000     0.139913755     2.550097153     0.023897271
     3.330000000     0.154595790     2.565015001     0.025178780
     3.340000000     0.170390266     2.579555839     0.026525333
     3.350000000     0.187291240     2.593697268     0.027935922
     3.360000000     0.205278696     2.607437915     0.029409822
     3.370000000     0.224315724     2.620795776     0.030946615
     3.380000000     0.244345876     2.633800610     0.032546200
     3.390000000     0.265290931     2.646482251     0.034208754
     3.400000000     0.287049335     2.658855401     0.035934679
     3.410000000     0.309495559     2.670899171     0.037724514
     3.420000000     0.332480587     2.682531244     0.039578829
     3.430000000     0.355833683     2.693582949     0.041498110
     3.440000000     0.379365518     2.703787614     0.043482643
     3.450000000     0.402872625     2.712794612     0.045532404
     3.460000000     0.426143071     2.720215044     0.047646979
     3.470000000     0.448963124     2.725695662     0.049825504
     3.480000000     0.471124604     2.729007901     0.052066652
     3.490000000     0.492432553     2.730129564     0.054368656
     3.500000000     0.512712826     2.729290551     0.056729380
     3.510000000     0.531819167     2.726958364     0.059146431
     3.520000000     0.549639419     2.723758592     0.061617300
     3.530000000     0.566100508     2.720353528     0.064139535
     3.540000000     0.581171957     2.717320672     0.066710924
     3.550000000     0.594867782     2.715069307     0.069329678
     3.560000000     0.607246661     2.713811714     0.071994600
     3.570000000     0.618410434     2.713582195     0.074705230
     3.580000000     0.628500996     2.714284585     0.077461945
     3.590000000     0.637695746     2.715749223     0.080266016
     3.600000000     0.646201785     2.717787091     0.083119605
     3.610000000     0.654249064     2.720234906     0.086025703
     3.620000000     0.662082717     2.722987104     0.088988013
     3.630000000     0.669954799     2.726011494     0.092010764
     3.640000000     0.678115651     2.729348340     0.095098486
     3.650000000     0.686805136     2.733096676     0.098255726
     3.660000000     0.696243987     2.737392265     0.101486739
     3.670000000     0.706625526     2.742378195     0.104795152
     3.680000000     0.718108059     2.748167750     0.108183604
     3.690000000     0.730808244     2.754803909     0.111653409
     3.700000000     0.744795771     2.762226032     0.115204208
     3.710000000     0.760089663     2.770254219     0.118833672
     3.720000000     0.776656499     2.778594748     0.122537231
     3.730000000     0.794410782     2.786861829     0.126307869
     3.740000000     0.813217601     2.794607598     0.130135983
     3.750000000     0.832897609     2.801354518     0.134009327
     3.760000000     0.853234183     2.806628885     0.137913041
     3.770000000     0.873982519     2.809997622     0.141829780
     3.780000000     0.894880223     2.811111384     0.145739940
     3.790000000     0.915658867     2.809754748     0.149621983
     3.800000000     0.936055849     2.805898586     0.153452852
     3.810000000     0.955825878     2.799741586     0.157208470
     3.820000000     0.974751371     2.791721013     0.160864300
     3.830000000     0.992651131     2.782473459     0.164395961
     3.840000000     1.009386771     2.772740099     0.167779855
     3.850000000     1.024866501     2.763235948     0.170993798
     3.860000000     1.039046094     2.754525106     0.174017628
     3.870000000     1.051927044     2.746946372     0.176833753
     3.880000000     1.063552133     2.740610889     0.179427624
     3.890000000     1.073998815     2.735459665     0.181788117
     3.900000000     1.083370988     2.731345410     0.183907797
     3.910000000     1.091789822     2.728102026     0.185783076
     3.920000000     1.099384388     2.725581855     0.187414240
     3.930000000     1.106282811     2.723661721     0.188805368
     3.940000000     1.112604629     2.722231914     0.189964147
     3.950000000     1.118454922     2.721183688     0.190901598
     3.960000000     1.123920621     2.720403810     0.191631739
     3.970000000     1.129069227     2.719775125     0.192171201
     3.980000000     1.133949958     2.719176231     0.192538827
     3.990000000     1.138597135     2.718475411     0.192755271
     4.000000000     1.143035448     2.717522335     0.192842615
     4.010000000     1.147286542     2.716148640     0.192824024
     4.020000000     1.151376284     2.714188468     0.192723440
     4.030000000     1.155341960     2.711521619     0.192565320
     4.040000000     1.159238679     2.708129903     0.192374418
     4.050000000     1.163144291     2.704148017     0.192175587
     4.060000000     1.167162223     2.699888357     0.191993603
     4.070000000     1.171421850     2.695824782     0.191852976
     4.080000000     1.176076152     2.692531078     0.191777747
     4.090000000     1.181296683     2.690583811     0.191791230
     4.100000000     1.187266100     2.690453339     0.191915698
     4.110000000     1.194168699     2.692413701     0.192171993
     4.120000000     1.202179596     2.696495708     0.192579063
     4.130000000     1.211453342     2.702490226     0.193153410
     4.140000000     1.222112797     2.709990608     0.193908485
     4.150000000     1.234239100     2.718453978     0.194854014
     4.160000000     1.247863511     2.727262851     0.195995319
     4.170000000     1.262961737     2.735776843     0.197332630
     4.180000000     1.279451193     2.743372562     0.198860465
     4.190000000     1.297191396     2.749475176     0.200567079
     4.200000000     1.315987477     2.753588498     0.202434067
     4.210000000     1.335596560     2.755331541     0.204436136
     4.220000000     1.355736542     2.754484733     0.206541095
     4.230000000     1.376096683     2.751036412     0.208710098
     4.240000000     1.396349280     2.745206343     0.210898162
     4.250000000     1.416161706     2.737421383     0.213054963
     4.260000000     1.435208094     2.728236442     0.215125928
     4.270000000     1.453180041     2.718222993     0.217053579
     4.280000000     1.469795836     2.707866469     0.218779121
     4.290000000     1.484807877     2.697508058     0.220244205
     4.300000000     1.498008103     2.687340775     0.221392823
     4.310000000     1.509231429     2.677443560     0.222173238
     4.320000000     1.518357330     2.667826615     0.222539889
     4.330000000     1.525309805     2.658468668     0.222455163
     4.340000000     1.530056055     2.649343032     0.221890961
     4.350000000     1.532604216     2.640440943     0.220829966
     4.360000000     1.533000497     2.631798775     0.219266557
     4.370000000     1.531326016     2.623523317     0.217207288
     4.380000000     1.527693576     2.615799419     0.214670929
     4.390000000     1.522244529     2.608868155     0.211688031
     4.400000000     1.515145787     2.602979231     0.208300039
     4.410000000     1.506586970     2.598336000     0.204557989
     4.420000000     1.496777595     2.595055356     0.200520841
     4.430000000     1.485944173     2.593158340     0.196253539
     4.440000000     1.474327068     2.592596227     0.191824877
     4.450000000     1.462176965     2.593304496     0.187305281
     4.460000000     1.449750845     2.595264468     0.182764609
     4.470000000     1.437307420     2.598544642     0.178270077
     4.480000000     1.425102065     2.603298859     0.173884381
     4.490000000     1.413381383     2.609718986     0.169664123
     4.500000000     1.402377625     2.617965608     0.165658565
     4.510000000     1.392303292     2.628113243     0.161908773
     4.520000000     1.383346291     2.640135586     0.158447153
     4.530000000     1.375666088     2.653928728     0.155297370
     4.540000000     1.369391287     2.669346671     0.152474635
     4.550000000     1.364619024     2.686219883     0.149986300
     4.560000000     1.361416500     2.704343502     0.147832721
     4.570000000     1.359824841     2.723444034     0.146008317
     4.580000000     1.359865312     2.743149036     0.144502754
     4.590000000     1.361547747     2.762987313     0.143302192
     4.600000000     1.364880852     2.782437364     0.142390533
     4.610000000     1.369883847     2.801022685     0.141750590
     4.620000000     1.376598786     2.818430541     0.141365164
     4.630000000     1.385102722     2.834615347     0.141217949
     4.640000000     1.395518876     2.849846382     0.141294266
     4.650000000     1.408025912     2.864674729     0.141581596
     4.660000000     1.422864529     2.879821794     0.142069904
     4.670000000     1.440340662     2.896022624     0.142751762
     4.680000000     1.460824822     2.913877692     0.143622283
     4.690000000     1.484747254     2.933763182     0.144678883
     4.700000000     1.512588929     2.955820121     0.145920901
     4.710000000     1.544868549     2.980003258     0.147349114
     4.720000000     1.582126063     3.006145957     0.148965167
     4.730000000     1.624903336     3.034001586     0.150770976
     4.740000000     1.673722805     3.063248178     0.152768121
     4.750000000     1.729065060     3.093470471     0.154957276
     4.760000000     1.791346297     3.124143661     0.157337701
     4.770000000     1.860896622     3.154633821     0.159906823
     4.780000000     1.937940055     3.184213577     0.162659930
     4.790000000     2.022577045     3.212082880     0.165589985
     4.800000000     2.114770094     3.237388170     0.168687564
     4.810000000     2.214333000     3.259242001     0.171940928
     4.820000000     2.320924054     3.276750495     0.175336204
     4.830000000     2.434043387     3.289054337     0.178857676
     4.840000000     2.553034565     3.295382388     0.182488151
     4.850000000     2.677090420     3.295109761     0.186209388
     4.860000000     2.805263026     3.287807729     0.190002561
     4.870000000     2.936477674     3.273271694     0.193848727
     4.880000000     3.069550628     3.251513534     0.197729280
     4.890000000     3.203210354     3.222706157     0.201626365
     4.900000000     3.336121855     3.187076425     0.205523237
     4.910000000     3.466913618     3.144763075     0.209404544
     4.920000000     3.594206538     3.095684258     0.213256542
     4.930000000     3.716644066     3.039477894     0.217067212
     4.940000000     3.832922677     2.975568315     0.220826305
     4.950000000     3.941821626     2.903370098     0.224525301
     4.960000000     4.042230882     2.822580100     0.228157298
     4.970000000     4.133176099     2.733459766     0.231716835
     4.980000000     4.213839550     2.636997390     0.235199670
     4.990000000     4.283576048     2.534875022     0.238602507
     5.000000000     4.341923118     2.429238035     0.241922703
     5.010000000     4.388604984     2.322348183     0.245157953
     5.020000000     4.423530248     2.216250474     0.248305971
     5.030000000     4.446783565     2.112565644     0.251364183
     5.040000000     4.458611935     2.012440787     0.254329426
     5.050000000     4.459406622     1.916605450     0.257197693
     5.060000000     4.449681926     1.825448394     0.259963903
     5.070000000     4.430052230     1.739063365     0.262621733
     5.080000000     4.401208762     1.657269498     0.265163513
     5.090000000     4.363897463     1.579643974     0.267580188
     5.100000000     4.318899128     1.505597698     0.269861364
     5.110000000     4.267012748     1.434498647     0.271995434
     5.120000000     4.209042569     1.365821848     0.273969793
     5.130000000     4.145789062     1.299285901     0.275771135
     5.140000000     4.078043557     1.234928679     0.277385818
     5.150000000     4.006586021     1.173090261     0.278800299
     5.160000000     3.932185127     1.114310201     0.280001606
     5.170000000     3.855599664     1.059187412     0.280977840
     5.180000000     3.777580196     1.008264185     0.281718670
     5.190000000     3.698870000     0.961970308     0.282215813
     5.200000000     3.620204381     0.920618463     0.282463457
     5.210000000     3.542307750     0.884412049     0.282458622
     5.220000000     3.465888071     0.853433862     0.282201424
     5.230000000     3.391628640     0.827620102     0.281695243
     5.240000000     3.320177441     0.806753585     0.280946781
     5.250000000     3.252134595     0.790501434     0.279966000
     5.260000000     3.188038698     0.778482798     0.278765964
     5.270000000     3.128352952     0.770320026     0.277362575
     5.280000000     3.073452111     0.765633131     0.275774233
     5.290000000     3.023611284     0.763976703     0.274021428
     5.300000000     2.978997506     0.764760211     0.272126290
     5.310000000     2.939664887     0.767208466     0.270112123
     5.320000000     2.905553894     0.770399383     0.268002935
     5.330000000     2.876495073     0.773373371     0.265822985
     5.340000000     2.852217211     0.775269419     0.263596369
     5.350000000     2.832359635     0.775430645     0.261346653
     5.360000000     2.816488065     0.773440655     0.259096559
     5.370000000     2.804113168     0.769086756     0.256867715
     5.380000000     2.794710783     0.762277690     0.254680464
     5.390000000     2.787742614     0.752960667     0.252553731
     5.400000000     2.782676215     0.741081524     0.250504947
     5.410000000     2.779003059     0.726612553     0.248550016
     5.420000000     2.776253678     0.709639576     0.246703320
     5.430000000     2.774009037     0.690465757     0.244977750
     5.440000000     2.771907620     0.669672669     0.243384757
     5.450000000     2.769648009     0.648091425     0.241934405
     5.460000000     2.766987100     0.626675724     0.240635422
     5.470000000     2.763734427     0.606316309     0.239495236
     5.480000000     2.759743372     0.587665399     0.238519984
     5.490000000     2.754900250     0.571030251     0.237714487
     5.500000000     2.749112424     0.556352961     0.237082182
     5.510000000     2.742296602     0.543251318     0.236625005
     5.520000000     2.734368446     0.531085025     0.236343218
     5.530000000     2.725234399     0.519033777     0.236235180
     5.540000000     2.714786434     0.506198087     0.236297064
     5.550000000     2.702900068     0.491731982     0.236522527
     5.560000000     2.689435700     0.474990378     0.236902342
     5.570000000     2.674242950     0.455649598     0.237424025
     5.580000000     2.657167442     0.433760325     0.238071460
     5.590000000     2.638059226     0.409718876     0.238824571
     5.600000000     2.616781933     0.384175561     0.239659072
     5.610000000     2.593221734     0.357917863     0.240546332
     5.620000000     2.567295243     0.331765592     0.241453392
     5.630000000     2.538955703     0.306501064     0.242343181
     5.640000000     2.508197002     0.282835741     0.243174941
     5.650000000     2.475055342     0.261392985     0.243904914
     5.660000000     2.439608678     0.242678107     0.244487257
     5.670000000     2.401974260     0.227022105     0.244875222
     5.680000000     2.362304825     0.214515558     0.245022543
     5.690000000     2.320784091     0.204970259     0.244885000
     5.700000000     2.277622230     0.197941342     0.244422112
     5.710000000     2.233051946     0.192816260     0.243598868
     5.720000000     2.187325640     0.188948688     0.242387428
     5.730000000     2.140713955     0.185800485     0.240768700
     5.740000000     2.093505785     0.183054820     0.238733704
     5.750000000     2.046009570     0.180673120     0.236284651
     5.760000000     1.998555523     0.178884785     0.233435654
     5.770000000     1.951498254     0.178119362     0.230213028
     5.780000000     1.905219154     0.178908408     0.226655150
     5.790000000     1.860127880     0.181788881     0.222811854
     5.800000000     1.816662318     0.187230253     0.218743401
     5.810000000     1.775286502     0.195591849     0.214519042
     5.820000000     1.736486135     0.207104010     0.210215236
     5.830000000     1.700761558     0.221860395     0.205913611
     5.840000000     1.668618190     0.239810473     0.201698733
     5.850000000     1.640554717     0.260751116     0.197655792
     5.860000000     1.617049450     0.284328314     0.193868284
     5.870000000     1.598545427     0.310063300     0.190415781
     5.880000000     1.585434957     0.337405381     0.187371871
     5.890000000     1.578044327     0.365794575     0.184802326
     5.900000000     1.576619418     0.394707767     0.182763551
     5.910000000     1.581312902     0.423671007     0.181301351
     5.920000000     1.592173652     0.452240141     0.180450044
     5.930000000     1.609138844     0.479966157     0.180231909
     5.940000000     1.632029126     0.506362528     0.180656981
     5.950000000     1.660547070     0.530884727     0.181723167
     5.960000000     1.694279009     0.552926709     0.183416663
     5.970000000     1.732700184     0.571838840     0.185712634
     5.980000000     1.775183073     0.586971178     0.188576130
     5.990000000     1.821008593     0.597738400     0.191963189
     6.000000000     1.869379865     0.603690123     0.195822098
     6.010000000     1.919438104     0.604563502     0.200094765
     6.020000000     1.970280202     0.600302417     0.204718152
     6.030000000     2.020977516     0.591043736     0.209625748
     6.040000000     2.070595393     0.577081042     0.214749035
     6.050000000     2.118212930     0.558812602     0.220018901
     6.060000000     2.162942516     0.536673518     0.225366989
     6.070000000     2.203948686     0.511057569     0.230726943
     6.080000000     2.240465864     0.482252126     0.236035523
     6.090000000     2.271814576     0.450421368     0.241233593
     6.100000000     2.297415766     0.415661139     0.246266944
     6.110000000     2.316802858     0.378115090     0.251086970
     6.120000000     2.329631277     0.338107289     0.255651187
     6.130000000     2.335685168     0.296233896     0.259923598
     6.140000000     2.334881129     0.253372122     0.263874922
     6.150000000     2.327268833     0.210597200     0.267482691
     6.160000000     2.313028509     0.169030975     0.270731234
     6.170000000     2.292465306     0.129668363     0.273611560
     6.180000000     2.266000696     0.093236660     0.276121150
     6.190000000     2.234161111     0.060134901     0.278263683
     6.200000000     2.197564137     0.030474295     0.280048681
     6.210000000     2.156902623     0.004200936     0.281491111
     6.220000000     2.112927157    -0.018755023     0.282610921
     6.230000000     2.066427378    -0.038372045     0.283432535
     6.240000000     2.018212641    -0.054515862     0.283984293
     6.250000000     1.969092559    -0.066999763     0.284297853
     6.260000000     1.919857939    -0.075681404     0.284407541
     6.270000000     1.871262603    -0.080544113     0.284349670
     6.280000000     1.824006577    -0.081734155     0.284161823
     6.290000000     1.778721046    -0.079554751     0.283882111
     6.300000000     1.735955452    -0.074433460     0.283548418
     6.310000000     1.696167055    -0.066880033     0.283197644
     6.320000000     1.659713165    -0.057444606     0.282864974
     6.330000000     1.626846239    -0.046679135     0.282583166
     6.340000000     1.597711931    -0.035103358     0.282381906
     6.350000000     1.572350099    -0.023180099     0.282287226
     6.360000000     1.550698721    -0.011307380     0.282321020
     6.370000000     1.532600573     0.000169487     0.282500661
     6.380000000     1.517812453     0.010933519     0.282838745
     6.390000000     1.506016670     0.020676223     0.283342962
     6.400000000     1.496834426     0.029098204     0.284016110
     6.410000000     1.489840695     0.035934136     0.284856250
     6.420000000     1.484580127     0.040990816     0.285856984
     6.430000000     1.480583466     0.044178749     0.287007880
     6.440000000     1.477383981     0.045521475     0.288294987
     6.450000000     1.474533360     0.045139659     0.289701454
     6.460000000     1.471616558     0.043220079     0.291208212
     6.470000000     1.468265110     0.039984772     0.292794698
     6.480000000     1.464168476     0.035671486     0.294439590
     6.490000000     1.459083032     0.030529234     0.296121522
     6.500000000     1.452838437     0.024827178     0.297819761
     6.510000000     1.445341169     0.018870516     0.299514801
     6.520000000     1.436575164     0.013011981     0.301188876
     6.530000000     1.426599567     0.007645842     0.302826351
     6.540000000     1.415543758     0.003177851     0.304413990
     6.550000000     1.403599873    -0.000022119     0.305941098
     6.560000000     1.391013187    -0.001667170     0.307399526
     6.570000000     1.378070739    -0.001582936     0.308783541
     6.580000000     1.365088696     0.000286725     0.310089588
     6.590000000     1.352398929     0.003891763     0.311315940
     6.600000000     1.340335316     0.009094210     0.312462259
     6.610000000     1.329220250     0.015683974     0.313529094
     6.620000000     1.319351810     0.023389924     0.314517345
     6.630000000     1.310991982     0.031890435     0.315427696
     6.640000000     1.304356275     0.040830871     0.316260073
     6.650000000     1.299605015     0.049852978     0.317013133
     6.660000000     1.296836526     0.058633047     0.317683813
     6.670000000     1.296082366     0.066916965     0.318266972
     6.680000000     1.297304728     0.074537464     0.318755130
     6.690000000     1.300396092     0.081404488     0.319138329
     6.700000000     1.305181155     0.087470739     0.319404127
     6.710000000     1.311421046     0.092685173     0.319537728
     6.720000000     1.318819790     0.096952049     0.319522242
     6.730000000     1.327032936     0.100110243     0.319339083
     6.740000000     1.335678195     0.101938431     0.318968471
     6.750000000     1.344347879     0.102181572     0.318390043
     6.760000000     1.352622821     0.100587767     0.317583539
     6.770000000     1.360087391     0.096944712     0.316529531
     6.780000000     1.366345095     0.091109815     0.315210192
     6.790000000     1.371034198     0.083034131     0.313610045
     6.800000000     1.373842710     0.072784245     0.311716692
     6.810000000     1.374522054     0.060565865     0.309521484
     6.820000000     1.372898739     0.046747014     0.307020104
     6.830000000     1.368883379     0.031869704     0.304213049
     6.840000000     1.362476524     0.016633488     0.301105997
     6.850000000     1.353770870     0.001839359     0.297710028
     6.860000000     1.342949587    -0.011701788     0.294041707
     6.870000000     1.330280730    -0.023274888     0.290123012
     6.880000000     1.316107869    -0.032350950     0.285981106
     6.890000000     1.300837309    -0.038636366     0.281647954
     6.900000000     1.284922462    -0.042070358     0.277159792
     6.910000000     1.268846084    -0.042778129     0.272556452
     6.920000000     1.253101229    -0.041001797     0.267880562
     6.930000000     1.238171830    -0.037035274     0.263176632
     6.940000000     1.224513833    -0.031182172     0.258490051
     6.950000000     1.212537777    -0.023742388     0.253866019
     6.960000000     1.202593602    -0.015020967     0.249348440
     6.970000000     1.194958348    -0.005348108     0.244978811
     6.980000000     1.189827222     0.004898876     0.240795143
     6.990000000     1.187308312     0.015278241     0.236830941
     7.000000000     1.187421037     0.025278990     0.233114291
     7.010000000     1.190098208     0.034338425     0.229667077
     7.020000000     1.195191411     0.041888402     0.226504370
     7.030000000     1.202479250     0.047425760     0.223634005
     7.040000000     1.211677904     0.050589629     0.221056384
     7.050000000     1.222453341     0.051220483     0.218764496
     7.060000000     1.234434536     0.049377469     0.216744187
     7.070000000     1.247227031     0.045302679     0.214974656
     7.080000000     1.260426226     0.039341338     0.213429164
     7.090000000     1.273629892     0.031847048     0.212075954
     7.100000000     1.286449452     0.023108873     0.210879322
     7.110000000     1.298519745     0.013323806     0.209800814
     7.120000000     1.309507060     0.002610817     0.208800505
     7.130000000     1.319115372    -0.008958382     0.207838298
     7.140000000     1.327090792    -0.021335442     0.206875197
     7.150000000     1.333224336    -0.034482899     0.205874506
     7.160000000     1.337353191    -0.048361128     0.204802894
     7.170000000     1.339360674    -0.062904025     0.203631299
     7.180000000     1.339175149    -0.077988008     0.202335634
     7.190000000     1.336768116    -0.093411518     0.200897261
     7.200000000     1.332151725    -0.108899694     0.199303248
     7.210000000     1.325375924    -0.124134817     0.197546390
     7.220000000     1.316525409    -0.138801188     0.195625021
     7.230000000     1.305716523    -0.152631986     0.193542637
     7.240000000     1.293094200    -0.165450309     0.191307368
     7.250000000     1.278828996    -0.177197281     0.188931337
     7.260000000     1.263114210    -0.187936590     0.186429948
     7.270000000     1.246163064    -0.197825805     0.183821152
     7.280000000     1.228205858    -0.207055280     0.181124721
     7.290000000     1.209486994    -0.215770310     0.178361580
     7.300000000     1.190261762    -0.224002543     0.175553204
     7.310000000     1.170792744    -0.231637267     0.172721122
     7.320000000     1.151345745    -0.238433122     0.169886511
     7.330000000     1.132185142    -0.244092202     0.167069902
     7.340000000     1.113568641    -0.248357330     0.164290978
     7.350000000     1.095741436    -0.251099511     0.161568446
     7.360000000     1.078929862    -0.252361199     0.158919976
     7.370000000     1.063334706    -0.252340535     0.156362172
     7.380000000     1.049124404    -0.251327803     0.153910560
     7.390000000     1.036428416    -0.249624294     0.151579573
     7.400000000     1.025331130    -0.247477705     0.149382515
     7.410000000     1.015866684    -0.245058142     0.147331483
     7.420000000     1.008015074    -0.242480488     0.145437266
     7.430000000     1.001699935    -0.239858889     0.143709179
     7.440000000     0.996788283    -0.237364979     0.142154878
     7.450000000     0.993092481    -0.235260947     0.140780131
     7.460000000     0.990374521    -0.233892966     0.139588577
     7.470000000     0.988352642    -0.233650643     0.138581476
     7.480000000     0.986710139    -0.234910509     0.137757475
     7.490000000     0.985106067    -0.237981332     0.137112399
     7.500000000     0.983187438    -0.243061684     0.136639100
     7.510000000     0.980602364    -0.250213943     0.136327356
     7.520000000     0.977013541    -0.259356606     0.136163862
     7.530000000     0.972111379    -0.270275641     0.136132306
     7.540000000     0.965626131    -0.282651362     0.136213550
     7.550000000     0.957338356    -0.296090717     0.136385919
     7.560000000     0.947087172    -0.310152979     0.136625593
     7.570000000     0.934775863    -0.324364987     0.136907104
     7.580000000     0.920374563    -0.338233636     0.137203918
     7.590000000     0.903919910    -0.351266144     0.137489104
     7.600000000     0.885511757    -0.363000838     0.137736034
     7.610000000     0.865307192    -0.373042857     0.137919122
     7.620000000     0.843512283    -0.381097345     0.138014546
     7.630000000     0.820372095    -0.386994470     0.138000928
     7.640000000     0.796159592    -0.390701620     0.137859941
     7.650000000     0.771164098    -0.392319548     0.137576802
     7.660000000     0.745679952    -0.392062373     0.137140634
     7.670000000     0.719995968    -0.390224862     0.136544672
     7.680000000     0.694386175    -0.387142635     0.135786295
     7.690000000     0.669102225    -0.383151602     0.134866893
     7.700000000     0.644367677    -0.378552270     0.133791563
     7.710000000     0.620374243    -0.373583189     0.132568658
     7.720000000     0.597279925    -0.368406256     0.131209220
     7.730000000     0.575208859    -0.363105136     0.129726315
     7.740000000     0.554252572    -0.357696134     0.128134322
     7.750000000     0.534472323    -0.352148431     0.126448207
     7.760000000     0.515902146    -0.346408460     0.124682828
     7.770000000     0.498552235    -0.340422323     0.122852302
     7.780000000     0.482412362    -0.334151223     0.120969467
     7.790000000     0.467455050    -0.327577901     0.119045465
     7.800000000     0.453638331    -0.320706399     0.117089446
     7.810000000     0.440907992    -0.313560863     0.115108425
     7.820000000     0.429199290    -0.306188466     0.113107253
     7.830000000     0.418438197    -0.298666022     0.111088726
     7.840000000     0.408542291    -0.291103230     0.109053783
     7.850000000     0.399421440    -0.283634049     0.107001789
     7.860000000     0.390978459    -0.276394201     0.104930872
     7.870000000     0.383109896    -0.269492974     0.102838289
     7.880000000     0.375707088    -0.262993213     0.100720798
     7.890000000     0.368657598    -0.256909799     0.098575011
     7.900000000     0.361847072    -0.251226612     0.096397720
     7.910000000     0.355161520    -0.245922460     0.094186178
     7.920000000     0.348489974    -0.240993277     0.091938330
     7.930000000     0.341727386    -0.236461183     0.089652984
     7.940000000     0.334777656    -0.232366965     0.087329943
     7.950000000     0.327556580    -0.228748277     0.084970071
     7.960000000     0.319994554    -0.225610598     0.082575325
     7.970000000     0.312038844    -0.222901324     0.080148745
     7.980000000     0.303655262    -0.220497546     0.077694406
     7.990000000     0.294829116    -0.218213261     0.075217343
     8.000000000     0.285565368    -0.215823626     0.072723453
     8.010000000     0.275887950    -0.213097888     0.070219376
     8.020000000     0.265838292    -0.209832075     0.067712350
     8.030000000     0.255473121    -0.205875571     0.065210064
     8.040000000     0.244861669    -0.201148533     0.062720486
     8.050000000     0.234082454    -0.195648670     0.060251691
     8.060000000     0.223219820    -0.189446783     0.057811680
     8.070000000     0.212360419    -0.182671332     0.055408201
     8.080000000     0.201589849    -0.175483288     0.053048573
     8.090000000     0.190989578    -0.168044718     0.050739524
     8.100000000     0.180634326    -0.160487495     0.048487045
     8.110000000     0.170589976    -0.152890832     0.046296267
     8.120000000     0.160912081    -0.145275464     0.044171363
     8.130000000     0.151644980    -0.137617181     0.042115486
     8.140000000     0.142821486    -0.129874330     0.040130736
     8.150000000     0.134463103    -0.122017259     0.038218167
     8.160000000     0.126580672    -0.114047196     0.036377823
     8.170000000     0.119175363    -0.105998253     0.034608810
     8.180000000     0.112239905    -0.097925030     0.032909393
     8.190000000     0.105759947    -0.089884243     0.031277121
     8.200000000     0.099715472    -0.081919589     0.029708967
     8.210000000     0.094082174    -0.074055395     0.028201481
     8.220000000     0.088832744    -0.066299136     0.026750946
     8.230000000     0.083938028    -0.058648553     0.025353536
     8.240000000     0.079368015    -0.051098097     0.024005464
     8.250000000     0.075092670    -0.043641685     0.022703119
     8.260000000     0.071082593    -0.036272183     0.021443184
     8.270000000     0.067309537    -0.028980275     0.020222736
     8.280000000     0.063746787    -0.021755274     0.019039319
     8.290000000     0.060369435    -0.014588488     0.017890995
     8.300000000     0.057154580    -0.007477403     0.016776368
     8.310000000     0.054081455    -0.000428015     0.015694584
     8.320000000     0.051131519     0.006546397     0.014645312
     8.330000000     0.048288524     0.013429643     0.013628697
     8.340000000     0.045538551     0.020208148     0.012645305
     8.350000000     0.042870046     0.026875349     0.011696049
     8.360000000     0.040273821     0.033433558     0.010782107
     8.370000000     0.037743048     0.039893167     0.009904836
     8.380000000     0.035273211     0.046270052     0.009065680
     8.390000000     0.032862023     0.052582467     0.008266085
     8.400000000     0.030509300     0.058848615     0.007507416
     8.410000000     0.028216774     0.065085434     0.006790880
     8.420000000     0.025987863     0.071308186     0.006117465
     8.430000000     0.023827382     0.077529861     0.005487884
     8.440000000     0.021741208     0.083759792     0.004902534
     8.450000000     0.019735916     0.090001903     0.004361467
     8.460000000     0.017818392     0.096253665     0.003864374
     8.470000000     0.015995441     0.102506484     0.003410586
     8.480000000     0.014273417     0.108747406     0.002999075
     8.490000000     0.012657881     0.114961410     0.002628479
     8.500000000     0.011153312     0.121133507     0.002297127
     8.510000000     0.009762878     0.127250229     0.002003071
     8.520000000     0.008488279     0.133300406     0.001744133
     8.530000000     0.007329666     0.139275395     0.001517946
     8.540000000     0.006285634     0.145168941     0.001322002
     8.550000000     0.005353287     0.150976862     0.001153701
     8.560000000     0.004528362     0.156696670     0.001010399
     8.570000000     0.003805402     0.162327208     0.000889456
     8.580000000     0.003177966     0.167868322     0.000788273
     8.590000000     0.002638864     0.173320594     0.000704338
     8.600000000     0.002180390     0.178685128     0.000635254
     8.610000000     0.001794566     0.183963375     0.000578771
     8.620000000     0.001473351     0.189157009     0.000532807
     8.630000000     0.001208845     0.194267819     0.000495463
     8.640000000     0.000993453     0.199297643     0.000465039
     8.650000000     0.000820021     0.204248312     0.000440034
     8.660000000     0.000681934     0.209121628     0.000419153
     8.670000000     0.000573190     0.213919368     0.000401298
     8.680000000     0.000488436     0.218643309     0.000385569
     8.690000000     0.000422981     0.223295296     0.000371246
     8.700000000     0.000372793     0.227877319     0.000357786
     8.710000000     0.000334466     0.232391580     0.000344801
     8.720000000     0.000305182     0.236840515     0.000332047
     8.730000000     0.000282662     0.241226731     0.000319408
     8.740000000     0.000265109     0.245552866     0.000306877
     8.750000000     0.000251149     0.249821406     0.000294535
     8.760000000     0.000239766     0.254034547     0.000282539
     8.770000000     0.000230247     0.258194120     0.000271097
     8.780000000     0.000222117     0.262301611     0.000260451
     8.790000000     0.000215091     0.266358233     0.000250859
     8.800000000     0.000209020     0.270365012     0.000242577
     8.810000000     0.000203846     0.274322863     0.000235842
     8.820000000     0.000199564     0.278232642     0.000230858
     8.830000000     0.000196191     0.282095174     0.000227783
     8.840000000     0.000193735     0.285911260     0.000226716
     8.850000000     0.000192182     0.289681678     0.000227697
     8.860000000     0.000191477     0.293407172     0.000230694
     8.870000000     0.000191522     0.297088444     0.000235607
     8.880000000     0.000192174     0.300726148     0.000242271
     8.890000000     0.000193245     0.304320886     0.000250455
     8.900000000     0.000194519     0.307873228     0.000259878
     8.910000000     0.000195752     0.311383737     0.000270210
     8.920000000     0.000196697     0.314853028     0.000281090
     8.930000000     0.000197106     0.318281841     0.000292136
     8.940000000     0.000196755     0.321671110     0.000302956
     8.950000000     0.000195449     0.325022015     0.000313165
     8.960000000     0.000193035     0.328335959     0.000322395
     8.970000000     0.000189410     0.331614477     0.000330305
     8.980000000     0.000184523     0.334859083     0.000336593
     8.990000000     0.000178380     0.338071122     0.000341006
     9.000000000     0.000171042     0.341251672     0.000343341
     9.010000000     0.000162614     0.344401529     0.000343455
     9.020000000     0.000153245     0.347521247     0.000341266
     9.030000000     0.000143115     0.350611217     0.000336752
     9.040000000     0.000132425     0.353671742     0.000329952
     9.050000000     0.000121389     0.356703092     0.000320961
     9.060000000     0.000110219     0.359705540     0.000309928
     9.070000000     0.000099120     0.362679383     0.000297046
     9.080000000     0.000088280     0.365624943     0.000282549
     9.090000000     0.000077863     0.368542569     0.000266701
     9.100000000     0.000068006     0.371432630     0.000249787
     9.110000000     0.000058816     0.374295511     0.000232105
     9.120000000     0.000050370     0.377131607     0.000213956
     9.130000000     0.000042712     0.379941318     0.000195633
     9.140000000     0.000035862     0.382725047     0.000177417
     9.150000000     0.000029814     0.385483194     0.000159566
     9.160000000     0.000024542     0.388216158     0.000142309
     9.170000000     0.000020002     0.390924333     0.000125844
     9.180000000     0.000016142     0.393608105     0.000110330
     9.190000000     0.000012897     0.396267856     0.000095891
     9.200000000     0.000010204     0.398903960     0.000082613
     9.210000000     0.000007993     0.401516782     0.000070545
     9.220000000     0.000006199     0.404106682     0.000059704
     9.230000000     0.000004761     0.406674010     0.000050074
     9.240000000     0.000003620     0.409219110     0.000041618
     9.250000000     0.000002726     0.411742318     0.000034274
     9.260000000     0.000002032     0.414243961     0.000027968
     9.270000000     0.000001501     0.416724361     0.000022612
     9.280000000     0.000001098     0.419183833     0.000018114
     9.290000000     0.000000795     0.421622682     0.000014378
     9.300000000     0.000000572     0.424041209     0.000011311
     9.310000000     0.000000408     0.426439708     0.000008822
     9.320000000     0.000000291     0.428818465     0.000006829
     9.330000000     0.000000209     0.431177763     0.000005254
     9.340000000     0.000000153     0.433517875     0.000004033
     9.350000000     0.000000119     0.435839072     0.000003107
     9.360000000     0.000000101     0.438141616     0.000002430
     9.370000000     0.000000099     0.440425766     0.000001965
     9.380000000     0.000000112     0.442691776     0.000001687
     9.390000000     0.000000140     0.444939891     0.000001580
     9.400000000     0.000000188     0.447170356     0.000001639
     9.410000000     0.000000260     0.449383407     0.000001868
     9.420000000     0.000000362     0.451579278     0.000002283
     9.430000000     0.000000504     0.453758199     0.000002912
     9.440000000     0.000000699     0.455920392     0.000003792
     9.450000000     0.000000962     0.458066077     0.000004975
     9.460000000     0.000001313     0.460195471     0.000006521
     9.470000000     0.000001776     0.462308785     0.000008506
     9.480000000     0.000002380     0.464406227     0.000011017
     9.490000000     0.000003162     0.466487999     0.000014150
     9.500000000     0.000004160     0.468554301     0.000018013
     9.510000000     0.000005424     0.470605330     0.000022722
     9.520000000     0.000007005     0.472641277     0.000028397
     9.530000000     0.000008963     0.474662330     0.000035158
     9.540000000     0.000011362     0.476668672     0.000043122
     9.550000000     0.000014268     0.478660483     0.000052396
     9.560000000     0.000017750     0.480637937     0.000063071
     9.570000000     0.000021874     0.482601203     0.000075213
     9.580000000     0.000026702     0.484550445     0.000088858
     9.590000000     0.000032289     0.486485819     0.000104005
     9.600000000     0.000038675     0.488407473     0.000120605
     9.610000000     0.000045887     0.490315546     0.000138562
     9.620000000     0.000053926     0.492210165     0.000157724
     9.630000000     0.000062772     0.494091442     0.000177881
     9.640000000     0.000072373     0.495959472     0.000198769
     9.650000000     0.000082647     0.497814327     0.000220070
     9.660000000     0.000093477     0.499656056     0.000241422
     9.670000000     0.000104714     0.501484678     0.000262420
     9.680000000     0.000116177     0.503300179     0.000282638
     9.690000000     0.000127656     0.505102517     0.000301634
     9.700000000     0.000138920     0.506891615     0.000318971
     9.710000000     0.000149721     0.508667377     0.000334231
     9.720000000     0.000159805     0.510429690     0.000347034
     9.730000000     0.000168919     0.512178454     0.000357049
     9.740000000     0.000176824     0.513913608     0.000364014
     9.750000000     0.000183306     0.515635189     0.000367740
     9.760000000     0.000188181     0.517343396     0.000368129
     9.770000000     0.000191308     0.519038649     0.000365170
     9.780000000     0.000192596     0.520721612     0.000358942
     9.790000000     0.000192003     0.522393148     0.000349613
     9.800000000     0.000189547     0.524054197     0.000337429
     9.810000000     0.000185295     0.525705623     0.000322705
     9.820000000     0.000179370     0.527348089     0.000305813
     9.830000000     0.000171935     0.528981992     0.000287163
     9.840000000     0.000163196     0.530607480     0.000267189
     9.850000000     0.000153384     0.532224514     0.000246332
     9.860000000     0.000142748     0.533832941     0.000225026
     9.870000000     0.000131546     0.535432568     0.000203679
     9.880000000     0.000120033     0.537023203     0.000182665
     9.890000000     0.000108451     0.538604685     0.000162313
     9.900000000     0.000097024     0.540176893     0.000142900
     9.910000000     0.000085946     0.541739747     0.000124649
     9.920000000     0.000075384     0.543293203     0.000107723
     9.930000000     0.000065468     0.544837251     0.000092234
     9.940000000     0.000056297     0.546371905     0.000078239
     9.950000000     0.000047932     0.547897199     0.000065750
     9.960000000     0.000040408     0.549413181     0.000054740
     9.970000000     0.000033729     0.550919912     0.000045148
     9.980000000     0.000027876     0.552417458     0.000036889
     9.990000000     0.000022811     0.553905894     0.000029858
    10.000000000     0.000018481     0.555385296     0.000023939
    10.010000000     0.000014826     0.556855745     0.000019014
    10.020000000     0.000011776     0.558317321     0.000014959
    10.030000000     0.000009260     0.559770107     0.000011658
    10.040000000     0.000007210     0.561214185     0.000008999
    10.050000000     0.000005559     0.562649639     0.000006881
    10.060000000     0.000004243     0.564076548     0.000005211
    10.070000000     0.000003206     0.565494996     0.000003909
    10.080000000     0.000002399     0.566905062     0.000002904
    10.090000000     0.000001777     0.568306825     0.000002137
    10.100000000     0.000001304     0.569700365     0.000001557
    10.110000000     0.000000947     0.571085760     0.000001124
    10.120000000     0.000000681     0.572463085     0.000000804
    10.130000000     0.000000485     0.573832417     0.000000569
    10.140000000     0.000000342     0.575193829     0.000000399
    10.150000000     0.000000238     0.576547396     0.000000277
    10.160000000     0.000000165     0.577893190     0.000000190
    10.170000000     0.000000113     0.579231283     0.000000130
    10.180000000     0.000000076     0.580561744     0.000000087
    10.190000000     0.000000051     0.581884643     0.000000058
    10.200000000     0.000000034     0.583200050     0.000000039
    10.210000000     0.000000022     0.584508030     0.000000025
    10.220000000     0.000000015     0.585808652     0.000000016
    10.230000000     0.000000009     0.587101980     0.000000011
    10.240000000     0.000000006     0.588388080     0.000000007
    10.250000000     0.000000004     0.589667016     0.000000004
    10.260000000     0.000000002     0.590938850     0.000000003
    10.270000000     0.000000001     0.592203644     0.000000002
    10.280000000     0.000000001     0.593461462     0.000000001
    10.290000000     0.000000001     0.594712361     0.000000001
    10.300000000     0.000000000     0.595956404     0.000000000
    10.310000000     0.000000000     0.597193648     0.000000000
    10.320000000     0.000000000     0.598424153     0.000000000
    10.330000000     0.000000000     0.599647975     0.000000000
    10.340000000     0.000000000     0.600865171     0.000000000
    10.350000000     0.000000000     0.602075798     0.000000000
    10.360000000     0.000000000     0.603279912     0.000000000
    10.370000000     0.000000000     0.604477565     0.000000000
    10.380000000     0.000000000     0.605668814     0.000000000
    10.390000000     0.000000000     0.606853711     0.000000000
    10.400000000     0.000000000     0.608032309     0.000000000
    10.410000000     0.000000000     0.609204660     0.000000000
    10.420000000     0.000000000     0.610370815     0.000000000
    10.430000000     0.000000000     0.611530826     0.000000000
    10.440000000     0.000000000     0.612684742     0.000000000
    10.450000000     0.000000000     0.613832614     0.000000000
    10.460000000     0.000000000     0.614974490     0.000000000
    10.470000000     0.000000000     0.616110419     0.000000000
    10.480000000     0.000000000     0.617240449     0.000000000
    10.490000000     0.000000000     0.618364626     0.000000000
    10.500000000     0.000000000     0.619482999     0.000000000
    10.510000000     0.000000000     0.620595614     0.000000000
    10.520000000     0.000000000     0.621702515     0.000000000
    10.530000000     0.000000000     0.622803749     0.000000000
    10.540000000     0.000000000     0.623899360     0.000000000
    10.550000000     0.000000000     0.624989392     0.000000000
    10.560000000     0.000000000     0.626073889     0.000000000
    10.570000000     0.000000000     0.627152894     0.000000000
    10.580000000     0.000000000     0.628226450     0.000000000
    10.590000000     0.000000000     0.629294600     0.000000000
    10.600000000     0.000000000     0.630357384     0.000000000
    10.610000000     0.000000000     0.631414845     0.000000000
    10.620000000     0.000000000     0.632467024     0.000000000
    10.630000000     0.000000000     0.633513960     0.000000000
    10.640000000     0.000000000     0.634555694     0.000000000
    10.650000000     0.000000000     0.635592266     0.000000000
    10.660000000     0.000000000     0.636623714     0.000000000
    10.670000000     0.000000000     0.637650077     0.000000000
    10.680000000     0.000000000     0.638671394     0.000000000
    10.690000000     0.000000000     0.639687703     0.000000000
    10.700000000     0.000000000     0.640699041     0.000000000
    10.710000000     0.000000000     0.641705445     0.000000000
    10.720000000     0.000000000     0.642706951     0.000000000
    10.730000000     0.000000000     0.643703597     0.000000000
    10.740000000     0.000000000     0.644695419     0.000000000
    10.750000000     0.000000000     0.645682451     0.000000000
    10.760000000     0.000000000     0.646664729     0.000000000
    10.770000000     0.000000000     0.647642288     0.000000000
    10.780000000     0.000000000     0.648615162     0.000000000
    10.790000000     0.000000000     0.649583386     0.000000000
    10.800000000     0.000000000     0.650546993     0.000000000
    10.810000000     0.000000000     0.651506017     0.000000000
    10.820000000     0.000000000     0.652460490     0.000000000
    10.830000000     0.000000000     0.653410447     0.000000000
    10.840000000     0.000000000     0.654355918     0.000000000
    10.850000000     0.000000000     0.655296937     0.000000000
    10.860000000     0.000000000     0.656233534     0.000000000
    10.870000000     0.000000000     0.657165742     0.000000000
    10.880000000     0.000000000     0.658093591     0.000000000
    10.890000000     0.000000000     0.659017113     0.000000000
    10.900000000     0.000000000     0.659936338     0.000000000
    10.910000000     0.000000000     0.660851296     0.000000000
    10.920000000     0.000000000     0.661762018     0.000000000
    10.930000000     0.000000000     0.662668532     0.000000000
    10.940000000     0.000000000     0.663570868     0.000000000
    10.950000000     0.000000000     0.664469056     0.000000000
    10.960000000     0.000000000     0.665363123     0.000000000
    10.970000000     0.000000000     0.666253100     0.000000000
    10.980000000     0.000000000     0.667139013     0.000000000
    10.990000000     0.000000000     0.668020891     0.000000000
    11.000000000     0.000000000     0.668898761     0.000000000
