 # Column 1: omega
 # Column 2: eps2(omega)
 # Column 3: eps1(omega)
 # Column 4: JDOS(omega)
     0.000000000     0.000000000     2.171835139     0.000000000
     0.010000000     0.000000000     2.171843540     0.000000000
     0.020000000     0.000000000     2.171868742     0.000000000
     0.030000000     0.000000000     2.171910752     0.000000000
     0.040000000     0.000000000     2.171969575     0.000000000
     0.050000000     0.000000000     2.172045221     0.000000000
     0.060000000     0.000000000     2.172137704     0.000000000
     0.070000000     0.000000000     2.172247039     0.000000000
     0.080000000     0.000000000     2.172373245     0.000000000
     0.090000000     0.000000000     2.172516343     0.000000000
     0.100000000     0.000000000     2.172676357     0.000000000
     0.110000000     0.000000000     2.172853314     0.000000000
     0.120000000     0.000000000     2.173047245     0.000000000
     0.130000000     0.000000000     2.173258183     0.000000000
     0.140000000     0.000000000     2.173486163     0.000000000
     0.150000000     0.000000000     2.173731225     0.000000000
     0.160000000     0.000000000     2.173993411     0.000000000
     0.170000000     0.000000000     2.174272766     0.000000000
     0.180000000     0.000000000     2.174569337     0.000000000
     0.190000000     0.000000000     2.174883177     0.000000000
     0.200000000     0.000000000     2.175214339     0.000000000
     0.210000000     0.000000000     2.175562881     0.000000000
     0.220000000     0.000000000     2.175928864     0.000000000
     0.230000000     0.000000000     2.176312352     0.000000000
     0.240000000     0.000000000     2.176713411     0.000000000
     0.250000000     0.000000000     2.177132113     0.000000000
     0.260000000     0.000000000     2.177568531     0.000000000
     0.270000000     0.000000000     2.178022743     0.000000000
     0.280000000     0.000000000     2.178494829     0.000000000
     0.290000000     0.000000000     2.178984873     0.000000000
     0.300000000     0.000000000     2.179492964     0.000000000
     0.310000000     0.000000000     2.180019193     0.000000000
     0.320000000     0.000000000     2.180563655     0.000000000
     0.330000000     0.000000000     2.181126450     0.000000000
     0.340000000     0.000000000     2.181707679     0.000000000
     0.350000000     0.000000000     2.182307450     0.000000000
     0.360000000     0.000000000     2.182925872     0.000000000
     0.370000000     0.000000000     2.183563062     0.000000000
     0.380000000     0.000000000     2.184219137     0.000000000
     0.390000000     0.000000000     2.184894221     0.000000000
     0.400000000     0.000000000     2.185588441     0.000000000
     0.410000000     0.000000000     2.186301929     0.000000000
     0.420000000     0.000000000     2.187034821     0.000000000
     0.430000000     0.000000000     2.187787257     0.000000000
     0.440000000     0.000000000     2.188559383     0.000000000
     0.450000000     0.000000000     2.189351350     0.000000000
     0.460000000     0.000000000     2.190163312     0.000000000
     0.470000000     0.000000000     2.190995430     0.000000000
     0.480000000     0.000000000     2.191847869     0.000000000
     0.490000000     0.000000000     2.192720801     0.000000000
     0.500000000     0.000000000     2.193614400     0.000000000
     0.510000000     0.000000000     2.194528849     0.000000000
     0.520000000     0.000000000     2.195464334     0.000000000
     0.530000000     0.000000000     2.196421050     0.000000000
     0.540000000     0.000000000     2.197399196     0.000000000
     0.550000000     0.000000000     2.198398977     0.000000000
     0.560000000     0.000000000     2.199420604     0.000000000
     0.570000000     0.000000000     2.200464297     0.000000000
     0.580000000     0.000000000     2.201530280     0.000000000
     0.590000000     0.000000000     2.202618786     0.000000000
     0.600000000     0.000000000     2.203730053     0.000000000
     0.610000000     0.000000000     2.204864329     0.000000000
     0.620000000     0.000000000     2.206021868     0.000000000
     0.630000000     0.000000000     2.207202931     0.000000000
     0.640000000     0.000000000     2.208407789     0.000000000
     0.650000000     0.000000000     2.209636720     0.000000000
     0.660000000     0.000000000     2.210890012     0.000000000
     0.670000000     0.000000000     2.212167960     0.000000000
     0.680000000     0.000000000     2.213470870     0.000000000
     0.690000000     0.000000000     2.214799056     0.000000000
     0.700000000     0.000000000     2.216152844     0.000000000
     0.710000000     0.000000000     2.217532568     0.000000000
     0.720000000     0.000000000     2.218938573     0.000000000
     0.730000000     0.000000000     2.220371216     0.000000000
     0.740000000     0.000000000     2.221830864     0.000000000
     0.750000000     0.000000000     2.223317897     0.000000000
     0.760000000     0.000000000     2.224832707     0.000000000
     0.770000000     0.000000000     2.226375698     0.000000000
     0.780000000     0.000000000     2.227947287     0.000000000
     0.790000000     0.000000000     2.229547905     0.000000000
     0.800000000     0.000000000     2.231177998     0.000000000
     0.810000000     0.000000000     2.232838026     0.000000000
     0.820000000     0.000000000     2.234528465     0.000000000
     0.830000000     0.000000000     2.236249805     0.000000000
     0.840000000     0.000000000     2.238002554     0.000000000
     0.850000000     0.000000000     2.239787240     0.000000000
     0.860000000     0.000000000     2.241604404     0.000000000
     0.870000000     0.000000000     2.243454609     0.000000000
     0.880000000     0.000000000     2.245338437     0.000000000
     0.890000000     0.000000000     2.247256491     0.000000000
     0.900000000     0.000000000     2.249209396     0.000000000
     0.910000000     0.000000000     2.251197797     0.000000000
     0.920000000     0.000000000     2.253222364     0.000000000
     0.930000000     0.000000000     2.255283793     0.000000000
     0.940000000     0.000000000     2.257382804     0.000000000
     0.950000000     0.000000000     2.259520143     0.000000000
     0.960000000     0.000000000     2.261696587     0.000000000
     0.970000000     0.000000000     2.263912941     0.000000000
     0.980000000     0.000000000     2.266170040     0.000000000
     0.990000000     0.000000000     2.268468754     0.000000000
     1.000000000     0.000000000     2.270809987     0.000000000
     1.010000000     0.000000000     2.273194676     0.000000000
     1.020000000     0.000000000     2.275623801     0.000000000
     1.030000000     0.000000000     2.278098377     0.000000000
     1.040000000     0.000000000     2.280619465     0.000000000
     1.050000000     0.000000000     2.283188167     0.000000000
     1.060000000     0.000000001     2.285805634     0.000000000
     1.070000000     0.000000001     2.288473067     0.000000000
     1.080000000     0.000000003     2.291191716     0.000000000
     1.090000000     0.000000005     2.293962889     0.000000000
     1.100000000     0.000000008     2.296787950     0.000000000
     1.110000000     0.000000015     2.299668327     0.000000000
     1.120000000     0.000000027     2.302605511     0.000000000
     1.130000000     0.000000047     2.305601063     0.000000000
     1.140000000     0.000000081     2.308656617     0.000000000
     1.150000000     0.000000138     2.311773884     0.000000000
     1.160000000     0.000000235     2.314954658     0.000000000
     1.170000000     0.000000394     2.318200818     0.000000000
     1.180000000     0.000000655     2.321514338     0.000000001
     1.190000000     0.000001078     2.324897290     0.000000001
     1.200000000     0.000001756     2.328351847     0.000000002
     1.210000000     0.000002833     2.331880297     0.000000004
     1.220000000     0.000004526     2.335485041     0.000000006
     1.230000000     0.000007157     2.339168608     0.000000009
     1.240000000     0.000011206     2.342933656     0.000000015
     1.250000000     0.000017370     2.346782985     0.000000023
     1.260000000     0.000026658     2.350719542     0.000000035
     1.270000000     0.000040504     2.354746429     0.000000054
     1.280000000     0.000060931     2.358866916     0.000000082
     1.290000000     0.000090748     2.363084444     0.000000122
     1.300000000     0.000133810     2.367402635     0.000000181
     1.310000000     0.000195343     2.371825302     0.000000266
     1.320000000     0.000282335     2.376356453     0.000000387
     1.330000000     0.000404007     2.381000297     0.000000558
     1.340000000     0.000572363     2.385761251     0.000000796
     1.350000000     0.000802807     2.390643932     0.000001124
     1.360000000     0.001114831     2.395653162     0.000001571
     1.370000000     0.001532726     2.400793951     0.000002175
     1.380000000     0.002086310     2.406071481     0.000002982
     1.390000000     0.002811587     2.411491075     0.000004048
     1.400000000     0.003751314     2.417058147     0.000005442
     1.410000000     0.004955356     2.422778142     0.000007244
     1.420000000     0.006480771     2.428656429     0.000009549
     1.430000000     0.008391499     2.434698173     0.000012464
     1.440000000     0.010757580     2.440908141     0.000016111
     1.450000000     0.013653785     2.447290442     0.000020624
     1.460000000     0.017157604     2.453848176     0.000026147
     1.470000000     0.021346533     2.460582948     0.000032829
     1.480000000     0.026294674     2.467494217     0.000040826
     1.490000000     0.032068691     2.474578417     0.000050289
     1.500000000     0.038723247     2.481827777     0.000061362
     1.510000000     0.046296112     2.489228751     0.000074174
     1.520000000     0.054803209     2.496759931     0.000088834
     1.530000000     0.064233900     2.504389318     0.000105422
     1.540000000     0.074546911     2.512070776     0.000123989
     1.550000000     0.085667271     2.519739553     0.000144546
     1.560000000     0.097484658     2.527306747     0.000167071
     1.570000000     0.109853515     2.534652827     0.000191506
     1.580000000     0.122595193     2.541620604     0.000217764
     1.590000000     0.135502302     2.548008733     0.000245740
     1.600000000     0.148345261     2.553567854     0.000275324
     1.610000000     0.160880933     2.558003051     0.000306423
     1.620000000     0.172862984     2.560988097     0.000338980
     1.630000000     0.184053507     2.562198157     0.000373004
     1.640000000     0.194235249     2.561366446     0.000408594
     1.650000000     0.203223700     2.558364027     0.000445975
     1.660000000     0.210878235     2.553288853     0.000485524
     1.670000000     0.217111510     2.546533435     0.000527801
     1.680000000     0.221896355     2.538791193     0.000573574
     1.690000000     0.225269593     2.530974538     0.000623840
     1.700000000     0.227332337     2.524055933     0.000679841
     1.710000000     0.228246612     2.518885669     0.000743080
     1.720000000     0.228228358     2.516053956     0.000815318
     1.730000000     0.227537176     2.515838544     0.000898573
     1.740000000     0.226463391     2.518234319     0.000995115
     1.750000000     0.225313237     2.523030380     0.001107439
     1.760000000     0.224393104     2.529895856     0.001238252
     1.770000000     0.223993883     2.538449139     0.001390431
     1.780000000     0.224376430     2.548301603     0.001566995
     1.790000000     0.225759107     2.559077730     0.001771054
     1.800000000     0.228308190     2.570418083     0.002005758
     1.810000000     0.232131749     2.581971986     0.002274241
     1.820000000     0.237277311     2.593385911     0.002579551
     1.830000000     0.243733351     2.604292811     0.002924580
     1.840000000     0.251434392     2.614307790     0.003311983
     1.850000000     0.260269182     2.623036321     0.003744096
     1.860000000     0.270091256     2.630101729     0.004222845
     1.870000000     0.280730980     2.635196853     0.004749662
     1.880000000     0.292008122     2.638157802     0.005325404
     1.890000000     0.303743990     2.639044281     0.005950272
     1.900000000     0.315772219     2.638194863     0.006623757
     1.910000000     0.327947496     2.636218782     0.007344594
     1.920000000     0.340151659     2.633902071     0.008110742
     1.930000000     0.352296912     2.632045488     0.008919395
     1.940000000     0.364326128     2.631291204     0.009767024
     1.950000000     0.376210495     2.632003706     0.010649444
     1.960000000     0.387944992     2.634240818     0.011561928
     1.970000000     0.399542349     2.637807143     0.012499335
     1.980000000     0.411026291     2.642353860     0.013456275
     1.990000000     0.422424858     2.647484049     0.014427289
     2.000000000     0.433764585     2.652832224     0.015407041
     2.010000000     0.445066193     2.658100209     0.016390509
     2.020000000     0.456342242     2.663046477     0.017373172
     2.030000000     0.467597004     2.667443576     0.018351181
     2.040000000     0.478828518     2.671034051     0.019321497
     2.050000000     0.490032582     2.673519810     0.020282008
     2.060000000     0.501208200     2.674606824     0.021231599
     2.070000000     0.512363824     2.674100441     0.022170190
     2.080000000     0.523523651     2.672017945     0.023098732
     2.090000000     0.534733182     2.668667187     0.024019168
     2.100000000     0.546063323     2.664643916     0.024934361
     2.110000000     0.557612417     2.660730197     0.025847991
     2.120000000     0.569505790     2.657721897     0.026764443
     2.130000000     0.581892616     2.656248868     0.027688662
     2.140000000     0.594940159     2.656653068     0.028626020
     2.150000000     0.608825698     2.658957100     0.029582155
     2.160000000     0.623726661     2.662913138     0.030562828
     2.170000000     0.639809686     2.668096574     0.031573765
     2.180000000     0.657219417     2.674007651     0.032620504
     2.190000000     0.676067949     2.680156852     0.033708241
     2.200000000     0.696425750     2.686121807     0.034841670
     2.210000000     0.718314857     2.691569590     0.036024828
     2.220000000     0.741704953     2.696242350     0.037260924
     2.230000000     0.766512742     2.699912121     0.038552182
     2.240000000     0.792604802     2.702323380     0.039899675
     2.250000000     0.819803853     2.703153100     0.041303174
     2.260000000     0.847898099     2.702017116     0.042761005
     2.270000000     0.876653099     2.698533512     0.044269937
     2.280000000     0.905825413     2.692424961     0.045825099
     2.290000000     0.935177122     2.683617885     0.047419935
     2.300000000     0.964490235     2.672291130     0.049046220
     2.310000000     0.993579979     2.658846151     0.050694126
     2.320000000     1.022306006     2.643807217     0.052352358
     2.330000000     1.050580692     2.627694583     0.054008349
     2.340000000     1.078373839     2.610925009     0.055648528
     2.350000000     1.105713360     2.593776533     0.057258636
     2.360000000     1.132681770     2.576421872     0.058824097
     2.370000000     1.159408583     2.559007015     0.060330420
     2.380000000     1.186059004     2.541736303     0.061763623
     2.390000000     1.212819553     2.524920758     0.063110649
     2.400000000     1.239881466     2.508955489     0.064359768
     2.410000000     1.267422874     2.494220386     0.065500928
     2.420000000     1.295590830     2.480936905     0.066526052
     2.430000000     1.324484258     2.469036418     0.067429248
     2.440000000     1.354138826     2.458085805     0.068206930
     2.450000000     1.384514573     2.447286065     0.068857835
     2.460000000     1.415486973     2.435536671     0.069382937
     2.470000000     1.446841832     2.421554714     0.069785251
     2.480000000     1.478274239     2.404043506     0.070069551
     2.490000000     1.509391504     2.381903375     0.070242003
     2.500000000     1.539719901     2.354460168     0.070309736
     2.510000000     1.568714829     2.321659630     0.070280377
     2.520000000     1.595773930     2.284153542     0.070161578
     2.530000000     1.620252689     2.243207828     0.069960551
     2.540000000     1.641481973     2.200412314     0.069683654
     2.550000000     1.658787035     2.157259492     0.069336031
     2.560000000     1.671507490     2.114737015     0.068921354
     2.570000000     1.679017804     2.073085255     0.068441646
     2.580000000     1.680747804     2.031796555     0.067897234
     2.590000000     1.676202679     1.989832195     0.067286796
     2.600000000     1.664981904     1.945970627     0.066607526
     2.610000000     1.646796406     1.899192160     0.065855393
     2.620000000     1.621483271     1.849023696     0.065025482
     2.630000000     1.589017228     1.795781894     0.064112388
     2.640000000     1.549518176     1.740657650     0.063110662
     2.650000000     1.503254105     1.685596578     0.062015257
     2.660000000     1.450638918     1.632974162     0.060821971
     2.670000000     1.392224873     1.585142565     0.059527852
     2.680000000     1.328689693     1.543994675     0.058131557
     2.690000000     1.260818646     1.510689707     0.056633637
     2.700000000     1.189482299     1.485603327     0.055036736
     2.710000000     1.115610878     1.468462005     0.053345713
     2.720000000     1.040166461     1.458564028     0.051567661
     2.730000000     0.964114349     1.454996582     0.049711843
     2.740000000     0.888395029     1.456800332     0.047789538
     2.750000000     0.813898093     1.463072519     0.045813813
     2.760000000     0.741439308     1.473018774     0.043799225
     2.770000000     0.671741791     1.485967242     0.041761470
     2.780000000     0.605421964     1.501358034     0.039717002
     2.790000000     0.542980604     1.518721571     0.037682611
     2.800000000     0.484798982     1.537657887     0.035675006
     2.810000000     0.431139785     1.557823090     0.033710400
     2.820000000     0.382152262     1.578922309     0.031804107
     2.830000000     0.337880858     1.600705076     0.029970183
     2.840000000     0.298276468     1.622960062     0.028221102
     2.850000000     0.263209457     1.645508574     0.026567490
     2.860000000     0.232483588     1.668197794     0.025017920
     2.870000000     0.205850098     1.690894684     0.023578770
     2.880000000     0.183021309     1.713480760     0.022254156
     2.890000000     0.163683280     1.735847665     0.021045935
     2.900000000     0.147507178     1.757893790     0.019953772
     2.910000000     0.134159170     1.779522608     0.018975280
     2.920000000     0.123308772     1.800643389     0.018106210
     2.930000000     0.114635681     1.821174537     0.017340699
     2.940000000     0.107835179     1.841049205     0.016671552
     2.950000000     0.102622239     1.860222163     0.016090554
     2.960000000     0.098734498     1.878676295     0.015588804
     2.970000000     0.095934233     1.896426912     0.015157045
     2.980000000     0.094009486     1.913522522     0.014785993
     2.990000000     0.092774472     1.930041456     0.014466644
     3.000000000     0.092069365     1.946084257     0.014190552
     3.010000000     0.091759552     1.961762208     0.013950071
     3.020000000     0.091734456     1.977183653     0.013738554
     3.030000000     0.091905976     1.992441459     0.013550503
     3.040000000     0.092206638     2.007605233     0.013381664
     3.050000000     0.092587521     2.022719795     0.013229082
     3.060000000     0.093016042     2.037808410     0.013091103
     3.070000000     0.093473678     2.052878078     0.012967325
     3.080000000     0.093953715     2.067925198     0.012858524
     3.090000000     0.094459090     2.082941233     0.012766537
     3.100000000     0.095000424     2.097918086     0.012694127
     3.110000000     0.095594294     2.112852100     0.012644824
     3.120000000     0.096261811     2.127745518     0.012622762
     3.130000000     0.097027539     2.142605634     0.012632509
     3.140000000     0.097918775     2.157443499     0.012678903
     3.150000000     0.098965199     2.172274053     0.012766888
     3.160000000     0.100198871     2.187117393     0.012901375
     3.170000000     0.101654531     2.201998632     0.013087107
     3.180000000     0.103370158     2.216943860     0.013328541
     3.190000000     0.105387695     2.231972469     0.013629760
     3.200000000     0.107753860     2.247089034     0.013994384
     3.210000000     0.110520921     2.262278901     0.014425521
     3.220000000     0.113747334     2.277510342     0.014925719
     3.230000000     0.117498121     2.292743825     0.015496948
     3.240000000     0.121844863     2.307946389     0.016140593
     3.250000000     0.126865219     2.323106787     0.016857471
     3.260000000     0.132641875     2.338245883     0.017647859
     3.270000000     0.139260877     2.353417744     0.018511548
     3.280000000     0.146809317     2.368700099     0.019447903
     3.290000000     0.155372400     2.384176578     0.020455948
     3.300000000     0.165029961     2.399915432     0.021534452
     3.310000000     0.175852549     2.415949475     0.022682036
     3.320000000     0.187897245     2.432260853     0.023897271
     3.330000000     0.201203414     2.448773104     0.025178780
     3.340000000     0.215788642     2.465351864     0.026525333
     3.350000000     0.231645114     2.481814212     0.027935922
     3.360000000     0.248736703     2.497945375     0.029409822
     3.370000000     0.266997014     2.513520786     0.030946615
     3.380000000     0.286328631     2.528330844     0.032546200
     3.390000000     0.306603710     2.542204347     0.034208754
     3.400000000     0.327666045     2.555024318     0.035934679
     3.410000000     0.349334632     2.566728896     0.037724514
     3.420000000     0.371408642     2.577292791     0.039578829
     3.430000000     0.393673663     2.586692772     0.041498110
     3.440000000     0.415908947     2.594870933     0.043482643
     3.450000000     0.437895315     2.601715579     0.045532404
     3.460000000     0.459423334     2.607076048     0.047646979
     3.470000000     0.480301302     2.610814746     0.049825504
     3.480000000     0.500362620     2.612882893     0.052066652
     3.490000000     0.519472088     2.613392364     0.054368656
     3.500000000     0.537530788     2.612651069     0.056729380
     3.510000000     0.554479247     2.611139317     0.059146431
     3.520000000     0.570298725     2.609429642     0.061617300
     3.530000000     0.585010582     2.608080236     0.064139535
     3.540000000     0.598673812     2.607543304     0.066710924
     3.550000000     0.611380976     2.608116163     0.069329678
     3.560000000     0.623252844     2.609936325     0.071994600
     3.570000000     0.634432179     2.613002147     0.074705230
     3.580000000     0.645077080     2.617198693     0.077461945
     3.590000000     0.655354372     2.622320159     0.080266016
     3.600000000     0.665433436     2.628092835     0.083119605
     3.610000000     0.675480825     2.634205558     0.086025703
     3.620000000     0.685655915     2.640347693     0.088988013
     3.630000000     0.696107704     2.646246843     0.092010764
     3.640000000     0.706972778     2.651698060     0.095098486
     3.650000000     0.718374309     2.656582732     0.098255726
     3.660000000     0.730421916     2.660879864     0.101486739
     3.670000000     0.743212115     2.664669470     0.104795152
     3.680000000     0.756829066     2.668121754     0.108183604
     3.690000000     0.771345363     2.671466156     0.111653409
     3.700000000     0.786822604     2.674943276     0.115204208
     3.710000000     0.803311599     2.678752323     0.118833672
     3.720000000     0.820852114     2.683008510     0.122537231
     3.730000000     0.839472151     2.687718722     0.126307869
     3.740000000     0.859186842     2.692776283     0.130135983
     3.750000000     0.879997107     2.697972460     0.134009327
     3.760000000     0.901888244     2.703022777     0.137913041
     3.770000000     0.924828653     2.707605414     0.141829780
     3.780000000     0.948768885     2.711405039     0.145739940
     3.790000000     0.973641145     2.714152377     0.149621983
     3.800000000     0.999359375     2.715652063     0.153452852
     3.810000000     1.025819917     2.715796800     0.157208470
     3.820000000     1.052902752     2.714569001     0.160864300
     3.830000000     1.080473219     2.712029371     0.164395961
     3.840000000     1.108384084     2.708289917     0.167779855
     3.850000000     1.136477805     2.703472936     0.170993798
     3.860000000     1.164588853     2.697667822     0.174017628
     3.870000000     1.192545917     2.690905173     0.176833753
     3.880000000     1.220173923     2.683162785     0.179427624
     3.890000000     1.247295785     2.674400746     0.181788117
     3.900000000     1.273733901     2.664604933     0.183907797
     3.910000000     1.299311422     2.653814027     0.185783076
     3.920000000     1.323853423     2.642118116     0.187414240
     3.930000000     1.347188075     2.629635217     0.188805368
     3.940000000     1.369147984     2.616480643     0.189964147
     3.950000000     1.389571838     2.602740104     0.190901598
     3.960000000     1.408306488     2.588451040     0.191631739
     3.970000000     1.425209527     2.573595547     0.192171201
     3.980000000     1.440152415     2.558109353     0.192538827
     3.990000000     1.453024081     2.541908557     0.192755271
     4.000000000     1.463734916     2.524929968     0.192842615
     4.010000000     1.472220950     2.507175677     0.192824024
     4.020000000     1.478447994     2.488749601     0.192723440
     4.030000000     1.482415475     2.469872508     0.192565320
     4.040000000     1.484159646     2.450864862     0.192374418
     4.050000000     1.483755905     2.432097956     0.192175587
     4.060000000     1.481319943     2.413931408     0.191993603
     4.070000000     1.477007510     2.396666349     0.191852976
     4.080000000     1.471012661     2.380535121     0.191777747
     4.090000000     1.463564420     2.365723568     0.191791230
     4.100000000     1.454921902     2.352401125     0.191915698
     4.110000000     1.445368003     2.340732778     0.192171993
     4.120000000     1.435201902     2.330862871     0.192579063
     4.130000000     1.424730645     2.322879381     0.193153410
     4.140000000     1.414260167     2.316778177     0.193908485
     4.150000000     1.404086155     2.312446951     0.194854014
     4.160000000     1.394485138     2.309678941     0.195995319
     4.170000000     1.385706217     2.308211244     0.197332630
     4.180000000     1.377963796     2.307769798     0.198860465
     4.190000000     1.371431628     2.308101479     0.200567079
     4.200000000     1.366238437     2.308984049     0.202434067
     4.210000000     1.362465262     2.310218795     0.204436136
     4.220000000     1.360144629     2.311618864     0.206541095
     4.230000000     1.359261516     2.313004104     0.208710098
     4.240000000     1.359756019     2.314203929     0.210898162
     4.250000000     1.361527532     2.315061222     0.213054963
     4.260000000     1.364440170     2.315429703     0.215125928
     4.270000000     1.368329135     2.315165112     0.217053579
     4.280000000     1.373007649     2.314120136     0.218779121
     4.290000000     1.378274112     2.312154848     0.220244205
     4.300000000     1.383919102     2.309165553     0.221392823
     4.310000000     1.389731916     2.305121629     0.222173238
     4.320000000     1.395506376     2.300092347     0.222539889
     4.330000000     1.401045716     2.294249732     0.222455163
     4.340000000     1.406166463     2.287846619     0.221890961
     4.350000000     1.410701290     2.281181564     0.220829966
     4.360000000     1.414500959     2.274564294     0.219266557
     4.370000000     1.417435487     2.268286674     0.217207288
     4.380000000     1.419394793     2.262594529     0.214670929
     4.390000000     1.420289047     2.257654825     0.211688031
     4.400000000     1.420048983     2.253520585     0.208300039
     4.410000000     1.418626384     2.250104806     0.204557989
     4.420000000     1.415994872     2.247178075     0.200520841
     4.430000000     1.412151064     2.244401432     0.196253539
     4.440000000     1.407116054     2.241398510     0.191824877
     4.450000000     1.400937071     2.237860184     0.187305281
     4.460000000     1.393689094     2.233659796     0.182764609
     4.470000000     1.385476145     2.228940514     0.178270077
     4.480000000     1.376431945     2.224131324     0.173884381
     4.490000000     1.366719662     2.219869016     0.169664123
     4.500000000     1.356530493     2.216847378     0.165658565
     4.510000000     1.346080964     2.215654711     0.161908773
     4.520000000     1.335608909     2.216666400     0.158447153
     4.530000000     1.325368225     2.220024945     0.155297370
     4.540000000     1.315622660     2.225690625     0.152474635
     4.550000000     1.306638943     2.233515088     0.149986300
     4.560000000     1.298679726     2.243292950     0.147832721
     4.570000000     1.291996778     2.254773477     0.146008317
     4.580000000     1.286824934     2.267644584     0.144502754
     4.590000000     1.283377210     2.281518446     0.143302192
     4.600000000     1.281841449     2.295946028     0.142390533
     4.610000000     1.282378703     2.310470301     0.141750590
     4.620000000     1.285123433     2.324704748     0.141365164
     4.630000000     1.290185457     2.338407347     0.141217949
     4.640000000     1.297653372     2.351518349     0.141294266
     4.650000000     1.307599105     2.364142391     0.141581596
     4.660000000     1.320083066     2.376475998     0.142069904
     4.670000000     1.335159342     2.388703769     0.142751762
     4.680000000     1.352880318     2.400902167     0.143622283
     4.690000000     1.373300136     2.412989409     0.144678883
     4.700000000     1.396476472     2.424740916     0.145920901
     4.710000000     1.422470224     2.435862134     0.147349114
     4.720000000     1.451342869     2.446089346     0.148965167
     4.730000000     1.483151438     2.455282530     0.150770976
     4.740000000     1.517941270     2.463480518     0.152768121
     4.750000000     1.555736927     2.470901199     0.154957276
     4.760000000     1.596531856     2.477883001     0.157337701
     4.770000000     1.640277537     2.484777311     0.159906823
     4.780000000     1.686873009     2.491815510     0.162659930
     4.790000000     1.736155670     2.498986170     0.165589985
     4.800000000     1.787894272     2.505959371     0.168687564
     4.810000000     1.841784903     2.512080947     0.171940928
     4.820000000     1.897450548     2.516435646     0.175336204
     4.830000000     1.954444630     2.517957948     0.178857676
     4.840000000     2.012258587     2.515562310     0.182488151
     4.850000000     2.070333257     2.508271376     0.186209388
     4.860000000     2.128073536     2.495334033     0.190002561
     4.870000000     2.184865509     2.476333492     0.193848727
     4.880000000     2.240095046     2.451279811     0.197729280
     4.890000000     2.293166748     2.420663971     0.201626365
     4.900000000     2.343522086     2.385436970     0.205523237
     4.910000000     2.390655681     2.346886218     0.209404544
     4.920000000     2.434128811     2.306418986     0.213256542
     4.930000000     2.473579479     2.265312242     0.217067212
     4.940000000     2.508728666     2.224515293     0.220826305
     4.950000000     2.539382676     2.184570223     0.224525301
     4.960000000     2.565431787     2.145655332     0.228157298
     4.970000000     2.586845651     2.107701225     0.231716835
     4.980000000     2.603666097     2.070514598     0.235199670
     4.990000000     2.615998074     2.033869895     0.238602507
     5.000000000     2.623999530     1.997563773     0.241922703
     5.010000000     2.627870969     1.961446712     0.245157953
     5.020000000     2.627845324     1.925446553     0.248305971
     5.030000000     2.624178651     1.889589360     0.251364183
     5.040000000     2.617141968     1.854012502     0.254329426
     5.050000000     2.607014391     1.818959424     0.257197693
     5.060000000     2.594077583     1.784749166     0.259963903
     5.070000000     2.578611408     1.751724563     0.262621733
     5.080000000     2.560890583     1.720193292     0.265163513
     5.090000000     2.541182124     1.690378698     0.267580188
     5.100000000     2.519743355     1.662393698     0.269861364
     5.110000000     2.496820327     1.636244803     0.271995434
     5.120000000     2.472646506     1.611864309     0.273969793
     5.130000000     2.447441729     1.589157013     0.275771135
     5.140000000     2.421411423     1.568039326     0.277385818
     5.150000000     2.394746191     1.548452591     0.278800299
     5.160000000     2.367621882     1.530350138     0.280001606
     5.170000000     2.340200244     1.513676555     0.280977840
     5.180000000     2.312630262     1.498360307     0.281718670
     5.190000000     2.285050213     1.484323415     0.282215813
     5.200000000     2.257590397     1.471491749     0.282463457
     5.210000000     2.230376426     1.459787762     0.282458622
     5.220000000     2.203532851     1.449107039     0.282201424
     5.230000000     2.177186854     1.439301777     0.281695243
     5.240000000     2.151471665     1.430197227     0.280946781
     5.250000000     2.126529333     1.421647306     0.279966000
     5.260000000     2.102512501     1.413608040     0.278765964
     5.270000000     2.079584881     1.406191494     0.277362575
     5.280000000     2.057920207     1.399667931     0.275774233
     5.290000000     2.037699549     1.394406867     0.274021428
     5.300000000     2.019107024     1.390776456     0.272126290
     5.310000000     2.002324064     1.389040153     0.270112123
     5.320000000     1.987522570     1.389289507     0.268002935
     5.330000000     1.974857368     1.391432474     0.265822985
     5.340000000     1.964458509     1.395229635     0.263596369
     5.350000000     1.956423982     1.400350824     0.261346653
     5.360000000     1.950813422     1.406421127     0.259096559
     5.370000000     1.947643355     1.413037517     0.256867715
     5.380000000     1.946884396     1.419758143     0.254680464
     5.390000000     1.948460732     1.426084820     0.252553731
     5.400000000     1.952252008     1.431466453     0.250504947
     5.410000000     1.958097576     1.435342714     0.248550016
     5.420000000     1.965802914     1.437226570     0.246703320
     5.430000000     1.975147803     1.436801186     0.244977750
     5.440000000     1.985895778     1.433993359     0.243384757
     5.450000000     1.997804228     1.428989952     0.241934405
     5.460000000     2.010634492     1.422185428     0.240635422
     5.470000000     2.024161294     1.414077988     0.239495236
     5.480000000     2.038180892     1.405153213     0.238519984
     5.490000000     2.052517398     1.395794288     0.237714487
     5.500000000     2.067026850     1.386237090     0.237082182
     5.510000000     2.081598744     1.376563766     0.236625005
     5.520000000     2.096154882     1.366719727     0.236343218
     5.530000000     2.110645559     1.356548586     0.236235180
     5.540000000     2.125043261     1.345849433     0.236297064
     5.550000000     2.139334206     1.334453689     0.236522527
     5.560000000     2.153508181     1.322299412     0.236902342
     5.570000000     2.167547253     1.309470579     0.237424025
     5.580000000     2.181414040     1.296180770     0.238071460
     5.590000000     2.195040279     1.282706051     0.238824571
     5.600000000     2.208316464     1.269290909     0.239659072
     5.610000000     2.221083331     1.256055032     0.240546332
     5.620000000     2.233125918     1.242924723     0.241453392
     5.630000000     2.244170820     1.229608077     0.242343181
     5.640000000     2.253887134     1.215624385     0.243174941
     5.650000000     2.261891391     1.200381513     0.243904914
     5.660000000     2.267756561     1.183277388     0.244487257
     5.670000000     2.271024961     1.163795429     0.244875222
     5.680000000     2.271224641     1.141573186     0.245022543
     5.690000000     2.267888596     1.116441338     0.244885000
     5.700000000     2.260575896     1.088443991     0.244422112
     5.710000000     2.248893701     1.057852190     0.243598868
     5.720000000     2.232518968     1.025171606     0.242387428
     5.730000000     2.211218687     0.991133181     0.240768700
     5.740000000     2.184867452     0.956653996     0.238733704
     5.750000000     2.153461376     0.922767588     0.236284651
     5.760000000     2.117127495     0.890538188     0.233435654
     5.770000000     2.076128084     0.860978917     0.230213028
     5.780000000     2.030859601     0.834987090     0.226655150
     5.790000000     1.981846258     0.813299029     0.222811854
     5.800000000     1.929728532     0.796461493     0.218743401
     5.810000000     1.875247184     0.784818764     0.214519042
     5.820000000     1.819223569     0.778516970     0.210215236
     5.830000000     1.762537191     0.777524750     0.205913611
     5.840000000     1.706101517     0.781663469     0.201698733
     5.850000000     1.650839102     0.790638290     0.197655792
     5.860000000     1.597657032     0.804066545     0.193868284
     5.870000000     1.547423560     0.821505780     0.190415781
     5.880000000     1.500946711     0.842482282     0.187371871
     5.890000000     1.458955430     0.866512975     0.184802326
     5.900000000     1.422083679     0.893110700     0.182763551
     5.910000000     1.390857734     0.921772631     0.181301351
     5.920000000     1.365686770     0.951966685     0.180450044
     5.930000000     1.346856697     0.983135178     0.180231909
     5.940000000     1.334527142     1.014722394     0.180656981
     5.950000000     1.328731376     1.046213029     0.181723167
     5.960000000     1.329379020     1.077158407     0.183416663
     5.970000000     1.336261288     1.107174723     0.185712634
     5.980000000     1.349058593     1.135915969     0.188576130
     5.990000000     1.367350342     1.163038629     0.191963189
     6.000000000     1.390626727     1.188176339     0.195822098
     6.010000000     1.418302369     1.210933860     0.200094765
     6.020000000     1.449731592     1.230900786     0.204718152
     6.030000000     1.484225116     1.247681354     0.209625748
     6.040000000     1.521067840     1.260934468     0.214749035
     6.050000000     1.559537350     1.270414312     0.220018901
     6.060000000     1.598922652     1.275999549     0.225366989
     6.070000000     1.638542592     1.277703128     0.230726943
     6.080000000     1.677763301     1.275663830     0.236035523
     6.090000000     1.716013970     1.270128134     0.241233593
     6.100000000     1.752800273     1.261431993     0.246266944
     6.110000000     1.787714745     1.249987449     0.251086970
     6.120000000     1.820443535     1.236272975     0.255651187
     6.130000000     1.850769104     1.220823367     0.259923598
     6.140000000     1.878568600     1.204216262     0.263874922
     6.150000000     1.903807909     1.187055662     0.267482691
     6.160000000     1.926531610     1.169953188     0.270731234
     6.170000000     1.946849370     1.153503132     0.273611560
     6.180000000     1.964919535     1.138242968     0.276121150
     6.190000000     1.980930937     1.124595223     0.278263683
     6.200000000     1.995084061     1.112800175     0.280048681
     6.210000000     2.007572865     1.102862004     0.281491111
     6.220000000     2.018568482     1.094532279     0.282610921
     6.230000000     2.028205997     1.087341942     0.283432535
     6.240000000     2.036575259     1.080673869     0.283984293
     6.250000000     2.043716426     1.073853216     0.284297853
     6.260000000     2.049620600     1.066228792     0.284407541
     6.270000000     2.054235480     1.057226539     0.284349670
     6.280000000     2.057475618     1.046372190     0.284161823
     6.290000000     2.059236418     1.033297772     0.283882111
     6.300000000     2.059410735     1.017757514     0.283548418
     6.310000000     2.057906682     0.999674637     0.283197644
     6.320000000     2.054665117     0.979218452     0.282864974
     6.330000000     2.049675304     0.956880212     0.282583166
     6.340000000     2.042987336     0.933497596     0.282381906
     6.350000000     2.034720201     0.910191145     0.282287226
     6.360000000     2.025064686     0.888217091     0.282321020
     6.370000000     2.014280739     0.868780459     0.282500661
     6.380000000     2.002689395     0.852862648     0.282838745
     6.390000000     1.990659767     0.841100001     0.283342962
     6.400000000     1.978592041     0.833726069     0.284016110
     6.410000000     1.966897734     0.830574757     0.284856250
     6.420000000     1.955978637     0.831132569     0.285856984
     6.430000000     1.946206025     0.834621523     0.287007880
     6.440000000     1.937901594     0.840093520     0.288294987
     6.450000000     1.931321464     0.846525163     0.289701454
     6.460000000     1.926644315     0.852911350     0.291208212
     6.470000000     1.923964338     0.858355865     0.292794698
     6.480000000     1.923289355     0.862148582     0.294439590
     6.490000000     1.924544007     0.863814383     0.296121522
     6.500000000     1.927577592     0.863126214     0.297819761
     6.510000000     1.932175785     0.860086401     0.299514801
     6.520000000     1.938075271     0.854884885     0.301188876
     6.530000000     1.944980176     0.847840191     0.302826351
     6.540000000     1.952579109     0.839327815     0.304413990
     6.550000000     1.960561728     0.829706917     0.305941098
     6.560000000     1.968633827     0.819264340     0.307399526
     6.570000000     1.976530138     0.808195692     0.308783541
     6.580000000     1.984024279     0.796631297     0.310089588
     6.590000000     1.990935509     0.784694564     0.311315940
     6.600000000     1.997132188     0.772562231     0.312462259
     6.610000000     2.002532064     0.760491094     0.313529094
     6.620000000     2.007099675     0.748789590     0.314517345
     6.630000000     2.010841321     0.737741575     0.315427696
     6.640000000     2.013798108     0.727518478     0.316260073
     6.650000000     2.016037665     0.718124505     0.317013133
     6.660000000     2.017645102     0.709400150     0.317683813
     6.670000000     2.018713774     0.701077794     0.318266972
     6.680000000     2.019336385     0.692863194     0.318755130
     6.690000000     2.019596859     0.684516148     0.319138329
     6.700000000     2.019563397     0.675911662     0.319404127
     6.710000000     2.019283022     0.667067957     0.319537728
     6.720000000     2.018777858     0.658130932     0.319522242
     6.730000000     2.018043330     0.649314253     0.319339083
     6.740000000     2.017048377     0.640811031     0.318968471
     6.750000000     2.015737721     0.632707348     0.318390043
     6.760000000     2.014036129     0.624928962     0.317583539
     6.770000000     2.011854540     0.617239458     0.316529531
     6.780000000     2.009097821     0.609289141     0.315210192
     6.790000000     2.005673832     0.600698888     0.313610045
     6.800000000     2.001503357     0.591156055     0.311716692
     6.810000000     1.996530407     0.580499223     0.309521484
     6.820000000     1.990732287     0.568771463     0.307020104
     6.830000000     1.984128787     0.556227466     0.304213049
     6.840000000     1.976789845     0.543291800     0.301105997
     6.850000000     1.968841031     0.530483032     0.297710028
     6.860000000     1.960466295     0.518330620     0.294041707
     6.870000000     1.951907496     0.507308054     0.290123012
     6.880000000     1.943460445     0.497791522     0.285981106
     6.890000000     1.935467311     0.490043068     0.281647954
     6.900000000     1.928305537     0.484215711     0.277159792
     6.910000000     1.922373582     0.480376920     0.272556452
     6.920000000     1.918074070     0.478539601     0.267880562
     6.930000000     1.915795123     0.478682261     0.263176632
     6.940000000     1.915890833     0.480743227     0.258490051
     6.950000000     1.918661925     0.484589974     0.253866019
     6.960000000     1.924337758     0.489981344     0.249348440
     6.970000000     1.933060742     0.496542332     0.244978811
     6.980000000     1.944874217     0.503756853     0.240795143
     6.990000000     1.959714611     0.510969595     0.236830941
     7.000000000     1.977408537     0.517390311     0.233114291
     7.010000000     1.997675164     0.522110939     0.229667077
     7.020000000     2.020133907     0.524158542     0.226504370
     7.030000000     2.044317196     0.522598917     0.223634005
     7.040000000     2.069687727     0.516679284     0.221056384
     7.050000000     2.095659374     0.505971121     0.218764496
     7.060000000     2.121620696     0.490462561     0.216744187
     7.070000000     2.146959824     0.470561204     0.214974656
     7.080000000     2.171089430     0.446999598     0.213429164
     7.090000000     2.193470478     0.420673875     0.212075954
     7.100000000     2.213633530     0.392471141     0.210879322
     7.110000000     2.231196533     0.363139036     0.209800814
     7.120000000     2.245878203     0.333225346     0.208800505
     7.130000000     2.257506386     0.303086705     0.207838298
     7.140000000     2.266021061     0.272948887     0.206875197
     7.150000000     2.271471922     0.242995516     0.205874506
     7.160000000     2.274010816     0.213458166     0.204802894
     7.170000000     2.273879512     0.184679053     0.203631299
     7.180000000     2.271393611     0.157123967     0.202335634
     7.190000000     2.266923509     0.131337625     0.200897261
     7.200000000     2.260873533     0.107850385     0.199303248
     7.210000000     2.253660406     0.087060274     0.197546390
     7.220000000     2.245692227     0.069123755     0.195625021
     7.230000000     2.237349088     0.053886544     0.193542637
     7.240000000     2.228966321     0.040871727     0.191307368
     7.250000000     2.220821200     0.029326060     0.188931337
     7.260000000     2.213123699     0.018316404     0.186429948
     7.270000000     2.206011612     0.006865148     0.183821152
     7.280000000     2.199550108    -0.005892900     0.181124721
     7.290000000     2.193735487    -0.020562070     0.178361580
     7.300000000     2.188502642    -0.037387561     0.175553204
     7.310000000     2.183735513    -0.056247671     0.172721122
     7.320000000     2.179279668    -0.076752609     0.169886511
     7.330000000     2.174955992    -0.098421566     0.167069902
     7.340000000     2.170574479    -0.120867217     0.164290978
     7.350000000     2.165947121    -0.143906279     0.161568446
     7.360000000     2.160899030    -0.167549231     0.158919976
     7.370000000     2.155277064    -0.191883249     0.156362172
     7.380000000     2.148955473    -0.216914351     0.153910560
     7.390000000     2.141838323    -0.242449892     0.151579573
     7.400000000     2.133858720    -0.268075695     0.149382515
     7.410000000     2.124975092    -0.293231748     0.147331483
     7.420000000     2.115165046    -0.317348005     0.145437266
     7.430000000     2.104417479    -0.339988185     0.143709179
     7.440000000     2.092723730    -0.360959939     0.142154878
     7.450000000     2.080068653    -0.380366712     0.140780131
     7.460000000     2.066422450    -0.398591710     0.139588577
     7.470000000     2.051734020    -0.416220405     0.138581476
     7.480000000     2.035926462    -0.433924687     0.137757475
     7.490000000     2.018895154    -0.452340590     0.137112399
     7.500000000     2.000508637    -0.471966280     0.136639100
     7.510000000     1.980612303    -0.493094181     0.136327356
     7.520000000     1.959034642    -0.515782713     0.136163862
     7.530000000     1.935595648    -0.539871030     0.136132306
     7.540000000     1.910116814    -0.565033652     0.136213550
     7.550000000     1.882432025    -0.590855519     0.136385919
     7.560000000     1.852398653    -0.616895552     0.136625593
     7.570000000     1.819908124    -0.642717240     0.136907104
     7.580000000     1.784895329    -0.667893281     0.137203918
     7.590000000     1.747346305    -0.692010003     0.137489104
     7.600000000     1.707303793    -0.714688208     0.137736034
     7.610000000     1.664870398    -0.735613473     0.137919122
     7.620000000     1.620209236    -0.754555908     0.138014546
     7.630000000     1.573542116    -0.771366604     0.138000928
     7.640000000     1.525145416    -0.785954407     0.137859941
     7.650000000     1.475343936    -0.798257010     0.137576802
     7.660000000     1.424503084    -0.808218530     0.137140634
     7.670000000     1.373019808    -0.815777590     0.136544672
     7.680000000     1.321312699    -0.820864535     0.135786295
     7.690000000     1.269811706    -0.823406750     0.134866893
     7.700000000     1.218947865    -0.823343155     0.133791563
     7.710000000     1.169143392    -0.820648445     0.132568658
     7.720000000     1.120802461    -0.815363915     0.131209220
     7.730000000     1.074302885    -0.807626546     0.129726315
     7.740000000     1.029988862    -0.797684917     0.128134322
     7.750000000     0.988164877    -0.785892334     0.126448207
     7.760000000     0.949090784    -0.772674507     0.124682828
     7.770000000     0.912978002    -0.758478187     0.122852302
     7.780000000     0.879986775    -0.743714403     0.120969467
     7.790000000     0.850224349    -0.728712230     0.119045465
     7.800000000     0.823743960    -0.713695413     0.117089446
     7.810000000     0.800544525    -0.698786346     0.115108425
     7.820000000     0.780570941    -0.684033298     0.113107253
     7.830000000     0.763714971    -0.669450488     0.111088726
     7.840000000     0.749816720    -0.655058139     0.109053783
     7.850000000     0.738666785    -0.640911799     0.107001789
     7.860000000     0.730009176    -0.627116556     0.104930872
     7.870000000     0.723545178    -0.613829128     0.102838289
     7.880000000     0.718938283    -0.601254091     0.100720798
     7.890000000     0.715820327    -0.589637620     0.098575011
     7.900000000     0.713798913    -0.579256876     0.096397720
     7.910000000     0.712466103    -0.570401979     0.094186178
     7.920000000     0.711408271    -0.563351583     0.091938330
     7.930000000     0.710216886    -0.558347304     0.089652984
     7.940000000     0.708499880    -0.555570212     0.087329943
     7.950000000     0.705893140    -0.555115431     0.084970071
     7.960000000     0.702071592    -0.556957688     0.082575325
     7.970000000     0.696759297    -0.560909133     0.080148745
     7.980000000     0.689737989    -0.566586518     0.077694406
     7.990000000     0.680853510    -0.573412798     0.075217343
     8.000000000     0.670019731    -0.580667854     0.072723453
     8.010000000     0.657219647    -0.587580083     0.070219376
     8.020000000     0.642503540    -0.593431893     0.067712350
     8.030000000     0.625984262    -0.597649722     0.065210064
     8.040000000     0.607829875    -0.599860445     0.062720486
     8.050000000     0.588254077    -0.599909789     0.060251691
     8.060000000     0.567504954    -0.597846530     0.057811680
     8.070000000     0.545852708    -0.593879210     0.055408201
     8.080000000     0.523577065    -0.588314430     0.053048573
     8.090000000     0.500955052    -0.581489119     0.050739524
     8.100000000     0.478249786    -0.573711615     0.048487045
     8.110000000     0.455700823    -0.565224953     0.046296267
     8.120000000     0.433516500    -0.556199521     0.044171363
     8.130000000     0.411868531    -0.546752246     0.042115486
     8.140000000     0.390888982    -0.536979114     0.040130736
     8.150000000     0.370669594    -0.526982888     0.038218167
     8.160000000     0.351263281    -0.516882582     0.036377823
     8.170000000     0.332687500    -0.506803478     0.034608810
     8.180000000     0.314929150    -0.496857753     0.032909393
     8.190000000     0.297950534    -0.487128429     0.031277121
     8.200000000     0.281695957    -0.477663010     0.029708967
     8.210000000     0.266098493    -0.468474597     0.028201481
     8.220000000     0.251086529    -0.459544444     0.026750946
     8.230000000     0.236589706    -0.450822277     0.025353536
     8.240000000     0.222543980    -0.442225534     0.024005464
     8.250000000     0.208895606    -0.433641392     0.022703119
     8.260000000     0.195603913    -0.424934835     0.021443184
     8.270000000     0.182642839    -0.415963566     0.020222736
     8.280000000     0.170001280    -0.406597857     0.019039319
     8.290000000     0.157682359    -0.396740779     0.017890995
     8.300000000     0.145701780    -0.386342847     0.016776368
     8.310000000     0.134085491    -0.375406587     0.015694584
     8.320000000     0.122866863    -0.363980606     0.014645312
     8.330000000     0.112083647    -0.352146717     0.013628697
     8.340000000     0.101774909    -0.340005016     0.012645305
     8.350000000     0.091978159    -0.327660628     0.011696049
     8.360000000     0.082726838    -0.315213778     0.010782107
     8.370000000     0.074048276    -0.302753306     0.009904836
     8.380000000     0.065962207    -0.290353042     0.009065680
     8.390000000     0.058479866    -0.278070216     0.008266085
     8.400000000     0.051603651    -0.265945233     0.007507416
     8.410000000     0.045327303    -0.254002454     0.006790880
     8.420000000     0.039636532    -0.242252146     0.006117465
     8.430000000     0.034509975    -0.230693876     0.005487884
     8.440000000     0.029920392    -0.219321112     0.004902534
     8.450000000     0.025835998    -0.208126009     0.004361467
     8.460000000     0.022221815    -0.197103015     0.003864374
     8.470000000     0.019040979    -0.186250476     0.003410586
     8.480000000     0.016255923    -0.175570366     0.002999075
     8.490000000     0.013829402    -0.165066919     0.002628479
     8.500000000     0.011725316    -0.154745040     0.002297127
     8.510000000     0.009909342    -0.144609036     0.002003071
     8.520000000     0.008349367    -0.134661866     0.001744133
     8.530000000     0.007015751    -0.124904856     0.001517946
     8.540000000     0.005881436    -0.115337735     0.001322002
     8.550000000     0.004921936    -0.105958844     0.001153701
     8.560000000     0.004115249    -0.096765418     0.001010399
     8.570000000     0.003441694    -0.087753867     0.000889456
     8.580000000     0.002883729    -0.078920039     0.000788273
     8.590000000     0.002425752    -0.070259436     0.000704338
     8.600000000     0.002053903    -0.061767395     0.000635254
     8.610000000     0.001755894    -0.053439238     0.000578771
     8.620000000     0.001520846    -0.045270382     0.000532807
     8.630000000     0.001339167    -0.037256435     0.000495463
     8.640000000     0.001202443    -0.029393255     0.000465039
     8.650000000     0.001103364    -0.021676984     0.000440034
     8.660000000     0.001035662    -0.014104031     0.000419153
     8.670000000     0.000994062    -0.006670989     0.000401298
     8.680000000     0.000974254     0.000625528     0.000385569
     8.690000000     0.000972847     0.007789137     0.000371246
     8.700000000     0.000987340     0.014823982     0.000357786
     8.710000000     0.001016069     0.021734994     0.000344801
     8.720000000     0.001058147     0.028527960     0.000332047
     8.730000000     0.001113385     0.035209316     0.000319408
     8.740000000     0.001182186     0.041785652     0.000306877
     8.750000000     0.001265424     0.048263089     0.000294535
     8.760000000     0.001364294     0.054646755     0.000282539
     8.770000000     0.001480147     0.060940537     0.000271097
     8.780000000     0.001614307     0.067147100     0.000260451
     8.790000000     0.001767881     0.073268101     0.000250859
     8.800000000     0.001941564     0.079304438     0.000242577
     8.810000000     0.002135466     0.085256447     0.000235842
     8.820000000     0.002348946     0.091123991     0.000230858
     8.830000000     0.002580488     0.096906453     0.000227783
     8.840000000     0.002827617     0.102602634     0.000226716
     8.850000000     0.003086866     0.108210607     0.000227697
     8.860000000     0.003353806     0.113727525     0.000230694
     8.870000000     0.003623131     0.119149468     0.000235607
     8.880000000     0.003888808     0.124471358     0.000242271
     8.890000000     0.004144284     0.129687085     0.000250455
     8.900000000     0.004382735     0.134789962     0.000259878
     8.910000000     0.004597352     0.139773697     0.000270210
     8.920000000     0.004781644     0.144633956     0.000281090
     8.930000000     0.004929738     0.149370446     0.000292136
     8.940000000     0.005036665     0.153989010     0.000302956
     8.950000000     0.005098596     0.158502907     0.000313165
     8.960000000     0.005113040     0.162932312     0.000322395
     8.970000000     0.005078962     0.167301636     0.000330305
     8.980000000     0.004996837     0.171635297     0.000336593
     8.990000000     0.004868618     0.175953475     0.000341006
     9.000000000     0.004697638     0.180269388     0.000343341
     9.010000000     0.004488440     0.184588756     0.000343455
     9.020000000     0.004246551     0.188911050     0.000341266
     9.030000000     0.003978223     0.193231594     0.000336752
     9.040000000     0.003690143     0.197543658     0.000329952
     9.050000000     0.003389147     0.201840047     0.000320961
     9.060000000     0.003081942     0.206114096     0.000309928
     9.070000000     0.002774855     0.210360151     0.000297046
     9.080000000     0.002473628     0.214573710     0.000282549
     9.090000000     0.002183251     0.218751369     0.000266701
     9.100000000     0.001907858     0.222890678     0.000249787
     9.110000000     0.001650670     0.226989969     0.000232105
     9.120000000     0.001413986     0.231048192     0.000213956
     9.130000000     0.001199224     0.235064780     0.000195633
     9.140000000     0.001006992     0.239039524     0.000177417
     9.150000000     0.000837185     0.242972487     0.000159566
     9.160000000     0.000689108     0.246863932     0.000142309
     9.170000000     0.000561597     0.250714262     0.000125844
     9.180000000     0.000453142     0.254523984     0.000110330
     9.190000000     0.000362007     0.258293674     0.000095891
     9.200000000     0.000286335     0.262023955     0.000082613
     9.210000000     0.000224237     0.265715480     0.000070545
     9.220000000     0.000173868     0.269368918     0.000059704
     9.230000000     0.000133479     0.272984946     0.000050074
     9.240000000     0.000101458     0.276564242     0.000041618
     9.250000000     0.000076358     0.280107478     0.000034274
     9.260000000     0.000056901     0.283615321     0.000027968
     9.270000000     0.000041986     0.287088427     0.000022612
     9.280000000     0.000030679     0.290527441     0.000018114
     9.290000000     0.000022204     0.293932995     0.000014378
     9.300000000     0.000015924     0.297305708     0.000011311
     9.310000000     0.000011327     0.300646189     0.000008822
     9.320000000     0.000008010     0.303955030     0.000006829
     9.330000000     0.000005658     0.307232813     0.000005254
     9.340000000     0.000004035     0.310480107     0.000004033
     9.350000000     0.000002967     0.313697469     0.000003107
     9.360000000     0.000002336     0.316885444     0.000002430
     9.370000000     0.000002068     0.320044567     0.000001965
     9.380000000     0.000002133     0.323175362     0.000001687
     9.390000000     0.000002537     0.326278344     0.000001580
     9.400000000     0.000003330     0.329354017     0.000001639
     9.410000000     0.000004602     0.332402878     0.000001868
     9.420000000     0.000006494     0.335425414     0.000002283
     9.430000000     0.000009203     0.338422106     0.000002912
     9.440000000     0.000012998     0.341393425     0.000003792
     9.450000000     0.000018227     0.344339838     0.000004975
     9.460000000     0.000025339     0.347261801     0.000006521
     9.470000000     0.000034895     0.350159766     0.000008506
     9.480000000     0.000047588     0.353034176     0.000011017
     9.490000000     0.000064262     0.355885468     0.000014150
     9.500000000     0.000085920     0.358714066     0.000018013
     9.510000000     0.000113737     0.361520388     0.000022722
     9.520000000     0.000149065     0.364304838     0.000028397
     9.530000000     0.000193425     0.367067805     0.000035158
     9.540000000     0.000248492     0.369809657     0.000043122
     9.550000000     0.000316062     0.372530738     0.000052396
     9.560000000     0.000398010     0.375231358     0.000063071
     9.570000000     0.000496221     0.377911782     0.000075213
     9.580000000     0.000612517     0.380572214     0.000088858
     9.590000000     0.000748549     0.383212780     0.000104005
     9.600000000     0.000905697     0.385833499     0.000120605
     9.610000000     0.001084938     0.388434246     0.000138562
     9.620000000     0.001286728     0.391014706     0.000157724
     9.630000000     0.001510874     0.393574308     0.000177881
     9.640000000     0.001756422     0.396112148     0.000198769
     9.650000000     0.002021570     0.398626880     0.000220070
     9.660000000     0.002303604     0.401116593     0.000241422
     9.670000000     0.002598877     0.403578650     0.000262420
     9.680000000     0.002902837     0.406009528     0.000282638
     9.690000000     0.003210097     0.408404646     0.000301634
     9.700000000     0.003514572     0.410758257     0.000318971
     9.710000000     0.003809652     0.413063460     0.000334231
     9.720000000     0.004088430     0.415312469     0.000347034
     9.730000000     0.004343965     0.417497290     0.000357049
     9.740000000     0.004569560     0.419610959     0.000364014
     9.750000000     0.004759054     0.421649373     0.000367740
     9.760000000     0.004907102     0.423613464     0.000368129
     9.770000000     0.005009423     0.425511058     0.000365170
     9.780000000     0.005063005     0.427357472     0.000358942
     9.790000000     0.005066255     0.429174045     0.000349613
     9.800000000     0.005019074     0.430984627     0.000337429
     9.810000000     0.004922867     0.432811129     0.000322705
     9.820000000     0.004780469     0.434669802     0.000305813
     9.830000000     0.004596006     0.436569458     0.000287163
     9.840000000     0.004374703     0.438511830     0.000267189
     9.850000000     0.004122628     0.440493314     0.000246332
     9.860000000     0.003846427     0.442507154     0.000225026
     9.870000000     0.003553026     0.444545343     0.000203679
     9.880000000     0.003249354     0.446599947     0.000182665
     9.890000000     0.002942071     0.448663854     0.000162313
     9.900000000     0.002637344     0.450731081     0.000142900
     9.910000000     0.002340659     0.452796823     0.000124649
     9.920000000     0.002056680     0.454857339     0.000107723
     9.930000000     0.001789176     0.456909798     0.000092234
     9.940000000     0.001540978     0.458952106     0.000078239
     9.950000000     0.001314007     0.460982747     0.000065750
     9.960000000     0.001109318     0.463000651     0.000054740
     9.970000000     0.000927197     0.465005091     0.000045148
     9.980000000     0.000767265     0.466995592     0.000036889
     9.990000000     0.000628602     0.468971872     0.000029858
    10.000000000     0.000509875     0.470933786     0.000023939
    10.010000000     0.000409457     0.472881294     0.000019014
    10.020000000     0.000325545     0.474814429     0.000014959
    10.030000000     0.000256254     0.476733279     0.000011658
    10.040000000     0.000199705     0.478637968     0.000008999
    10.050000000     0.000154086     0.480528646     0.000006881
    10.060000000     0.000117705     0.482405481     0.000005211
    10.070000000     0.000089019     0.484268653     0.000003909
    10.080000000     0.000066654     0.486118346     0.000002904
    10.090000000     0.000049412     0.487954748     0.000002137
    10.100000000     0.000036265     0.489778049     0.000001557
    10.110000000     0.000026352     0.491588436     0.000001124
    10.120000000     0.000018958     0.493386094     0.000000804
    10.130000000     0.000013503     0.495171205     0.000000569
    10.140000000     0.000009522     0.496943947     0.000000399
    10.150000000     0.000006647     0.498704494     0.000000277
    10.160000000     0.000004595     0.500453014     0.000000190
    10.170000000     0.000003144     0.502189674     0.000000130
    10.180000000     0.000002130     0.503914634     0.000000087
    10.190000000     0.000001429     0.505628049     0.000000058
    10.200000000     0.000000949     0.507330072     0.000000039
    10.210000000     0.000000624     0.509020850     0.000000025
    10.220000000     0.000000406     0.510700526     0.000000016
    10.230000000     0.000000262     0.512369241     0.000000011
    10.240000000     0.000000167     0.514027130     0.000000007
    10.250000000     0.000000106     0.515674326     0.000000004
    10.260000000     0.000000066     0.517310958     0.000000003
    10.270000000     0.000000041     0.518937151     0.000000002
    10.280000000     0.000000025     0.520553028     0.000000001
    10.290000000     0.000000015     0.522158708     0.000000001
    10.300000000     0.000000009     0.523754309     0.000000000
    10.310000000     0.000000005     0.525339944     0.000000000
    10.320000000     0.000000003     0.526915724     0.000000000
    10.330000000     0.000000002     0.528481758     0.000000000
    10.340000000     0.000000001     0.530038154     0.000000000
    10.350000000     0.000000001     0.531585015     0.000000000
    10.360000000     0.000000000     0.533122442     0.000000000
    10.370000000     0.000000000     0.534650537     0.000000000
    10.380000000     0.000000000     0.536169397     0.000000000
    10.390000000     0.000000000     0.537679117     0.000000000
    10.400000000     0.000000000     0.539179793     0.000000000
    10.410000000     0.000000000     0.540671516     0.000000000
    10.420000000     0.000000000     0.542154376     0.000000000
    10.430000000     0.000000000     0.543628463     0.000000000
    10.440000000     0.000000000     0.545093865     0.000000000
    10.450000000     0.000000000     0.546550666     0.000000000
    10.460000000     0.000000000     0.547998951     0.000000000
    10.470000000     0.000000000     0.549438803     0.000000000
    10.480000000     0.000000000     0.550870303     0.000000000
    10.490000000     0.000000000     0.552293531     0.000000000
    10.500000000     0.000000000     0.553708566     0.000000000
    10.510000000     0.000000000     0.555115486     0.000000000
    10.520000000     0.000000000     0.556514367     0.000000000
    10.530000000     0.000000000     0.557905284     0.000000000
    10.540000000     0.000000000     0.559288310     0.000000000
    10.550000000     0.000000000     0.560663518     0.000000000
    10.560000000     0.000000000     0.562030981     0.000000000
    10.570000000     0.000000000     0.563390768     0.000000000
    10.580000000     0.000000000     0.564742949     0.000000000
    10.590000000     0.000000000     0.566087593     0.000000000
    10.600000000     0.000000000     0.567424767     0.000000000
    10.610000000     0.000000000     0.568754537     0.000000000
    10.620000000     0.000000000     0.570076970     0.000000000
    10.630000000     0.000000000     0.571392130     0.000000000
    10.640000000     0.000000000     0.572700081     0.000000000
    10.650000000     0.000000000     0.574000885     0.000000000
    10.660000000     0.000000000     0.575294605     0.000000000
    10.670000000     0.000000000     0.576581302     0.000000000
    10.680000000     0.000000000     0.577861037     0.000000000
    10.690000000     0.000000000     0.579133868     0.000000000
    10.700000000     0.000000000     0.580399856     0.000000000
    10.710000000     0.000000000     0.581659057     0.000000000
    10.720000000     0.000000000     0.582911530     0.000000000
    10.730000000     0.000000000     0.584157330     0.000000000
    10.740000000     0.000000000     0.585396514     0.000000000
    10.750000000     0.000000000     0.586629137     0.000000000
    10.760000000     0.000000000     0.587855253     0.000000000
    10.770000000     0.000000000     0.589074916     0.000000000
    10.780000000     0.000000000     0.590288180     0.000000000
    10.790000000     0.000000000     0.591495096     0.000000000
    10.800000000     0.000000000     0.592695716     0.000000000
    10.810000000     0.000000000     0.593890092     0.000000000
    10.820000000     0.000000000     0.595078274     0.000000000
    10.830000000     0.000000000     0.596260313     0.000000000
    10.840000000     0.000000000     0.597436257     0.000000000
    10.850000000     0.000000000     0.598606155     0.000000000
    10.860000000     0.000000000     0.599770056     0.000000000
    10.870000000     0.000000000     0.600928007     0.000000000
    10.880000000     0.000000000     0.602080056     0.000000000
    10.890000000     0.000000000     0.603226248     0.000000000
    10.900000000     0.000000000     0.604366630     0.000000000
    10.910000000     0.000000000     0.605501248     0.000000000
    10.920000000     0.000000000     0.606630146     0.000000000
    10.930000000     0.000000000     0.607753369     0.000000000
    10.940000000     0.000000000     0.608870961     0.000000000
    10.950000000     0.000000000     0.609982966     0.000000000
    10.960000000     0.000000000     0.611089425     0.000000000
    10.970000000     0.000000000     0.612190383     0.000000000
    10.980000000     0.000000000     0.613285880     0.000000000
    10.990000000     0.000000000     0.614375959     0.000000000
    11.000000000     0.000000000     0.615460660     0.000000000
