 # Column 1: omega
 # Column 2: eps2(omega)
 # Column 3: eps1(omega)
 # Column 4: JDOS(omega)
     0.000000000     0.000000000     3.946269492     0.000000000
     0.010000000     0.000000000     3.946282706     0.000000000
     0.020000000     0.000000000     3.946322349     0.000000000
     0.030000000     0.000000000     3.946388424     0.000000000
     0.040000000     0.000000000     3.946480937     0.000000000
     0.050000000     0.000000000     3.946599895     0.000000000
     0.060000000     0.000000000     3.946745309     0.000000000
     0.070000000     0.000000000     3.946917189     0.000000000
     0.080000000     0.000000000     3.947115551     0.000000000
     0.090000000     0.000000000     3.947340410     0.000000000
     0.100000000     0.000000000     3.947591785     0.000000000
     0.110000000     0.000000000     3.947869696     0.000000000
     0.120000000     0.000000000     3.948174168     0.000000000
     0.130000000     0.000000000     3.948505224     0.000000000
     0.140000000     0.000000000     3.948862892     0.000000000
     0.150000000     0.000000000     3.949247202     0.000000000
     0.160000000     0.000000000     3.949658186     0.000000000
     0.170000000     0.000000000     3.950095877     0.000000000
     0.180000000     0.000000000     3.950560313     0.000000000
     0.190000000     0.000000000     3.951051531     0.000000000
     0.200000000     0.000000000     3.951569573     0.000000000
     0.210000000     0.000000000     3.952114482     0.000000000
     0.220000000     0.000000000     3.952686304     0.000000000
     0.230000000     0.000000000     3.953285086     0.000000000
     0.240000000     0.000000000     3.953910879     0.000000000
     0.250000000     0.000000000     3.954563735     0.000000000
     0.260000000     0.000000000     3.955243710     0.000000000
     0.270000000     0.000000000     3.955950862     0.000000000
     0.280000000     0.000000000     3.956685249     0.000000000
     0.290000000     0.000000000     3.957446935     0.000000000
     0.300000000     0.000000000     3.958235984     0.000000000
     0.310000000     0.000000000     3.959052465     0.000000000
     0.320000000     0.000000000     3.959896446     0.000000000
     0.330000000     0.000000000     3.960768000     0.000000000
     0.340000000     0.000000000     3.961667203     0.000000000
     0.350000000     0.000000000     3.962594133     0.000000000
     0.360000000     0.000000000     3.963548869     0.000000000
     0.370000000     0.000000000     3.964531496     0.000000000
     0.380000000     0.000000000     3.965542098     0.000000000
     0.390000000     0.000000000     3.966580765     0.000000000
     0.400000000     0.000000000     3.967647587     0.000000000
     0.410000000     0.000000000     3.968742660     0.000000000
     0.420000000     0.000000000     3.969866080     0.000000000
     0.430000000     0.000000000     3.971017947     0.000000000
     0.440000000     0.000000000     3.972198365     0.000000000
     0.450000000     0.000000000     3.973407439     0.000000000
     0.460000000     0.000000000     3.974645279     0.000000000
     0.470000000     0.000000000     3.975911996     0.000000000
     0.480000000     0.000000000     3.977207706     0.000000000
     0.490000000     0.000000000     3.978532528     0.000000000
     0.500000000     0.000000000     3.979886583     0.000000000
     0.510000000     0.000000000     3.981269997     0.000000000
     0.520000000     0.000000000     3.982682897     0.000000000
     0.530000000     0.000000000     3.984125416     0.000000000
     0.540000000     0.000000000     3.985597690     0.000000000
     0.550000000     0.000000000     3.987099856     0.000000000
     0.560000000     0.000000000     3.988632058     0.000000000
     0.570000000     0.000000000     3.990194443     0.000000000
     0.580000000     0.000000000     3.991787159     0.000000000
     0.590000000     0.000000000     3.993410361     0.000000000
     0.600000000     0.000000000     3.995064206     0.000000000
     0.610000000     0.000000000     3.996748858     0.000000000
     0.620000000     0.000000000     3.998464480     0.000000000
     0.630000000     0.000000000     4.000211244     0.000000000
     0.640000000     0.000000000     4.001989324     0.000000000
     0.650000000     0.000000000     4.003798899     0.000000000
     0.660000000     0.000000000     4.005640151     0.000000000
     0.670000000     0.000000000     4.007513269     0.000000000
     0.680000000     0.000000000     4.009418444     0.000000000
     0.690000000     0.000000000     4.011355875     0.000000000
     0.700000000     0.000000000     4.013325763     0.000000000
     0.710000000     0.000000000     4.015328316     0.000000000
     0.720000000     0.000000000     4.017363745     0.000000000
     0.730000000     0.000000000     4.019432268     0.000000000
     0.740000000     0.000000000     4.021534109     0.000000000
     0.750000000     0.000000000     4.023669496     0.000000000
     0.760000000     0.000000000     4.025838664     0.000000000
     0.770000000     0.000000000     4.028041852     0.000000000
     0.780000000     0.000000000     4.030279306     0.000000000
     0.790000000     0.000000000     4.032551280     0.000000000
     0.800000000     0.000000000     4.034858032     0.000000000
     0.810000000     0.000000000     4.037199827     0.000000000
     0.820000000     0.000000000     4.039576938     0.000000000
     0.830000000     0.000000000     4.041989643     0.000000000
     0.840000000     0.000000000     4.044438230     0.000000000
     0.850000000     0.000000000     4.046922992     0.000000000
     0.860000000     0.000000000     4.049444229     0.000000000
     0.870000000     0.000000000     4.052002253     0.000000000
     0.880000000     0.000000000     4.054597379     0.000000000
     0.890000000     0.000000000     4.057229935     0.000000000
     0.900000000     0.000000000     4.059900254     0.000000000
     0.910000000     0.000000000     4.062608680     0.000000000
     0.920000000     0.000000000     4.065355566     0.000000000
     0.930000000     0.000000000     4.068141274     0.000000000
     0.940000000     0.000000000     4.070966178     0.000000000
     0.950000000     0.000000000     4.073830660     0.000000000
     0.960000000     0.000000000     4.076735113     0.000000000
     0.970000000     0.000000000     4.079679942     0.000000000
     0.980000000     0.000000000     4.082665565     0.000000000
     0.990000000     0.000000000     4.085692408     0.000000000
     1.000000000     0.000000000     4.088760914     0.000000000
     1.010000000     0.000000000     4.091871535     0.000000000
     1.020000000     0.000000000     4.095024739     0.000000000
     1.030000000     0.000000000     4.098221009     0.000000000
     1.040000000     0.000000000     4.101460839     0.000000000
     1.050000000     0.000000000     4.104744741     0.000000000
     1.060000000     0.000000000     4.108073244     0.000000000
     1.070000000     0.000000000     4.111446890     0.000000000
     1.080000000     0.000000000     4.114866243     0.000000000
     1.090000000     0.000000001     4.118331880     0.000000000
     1.100000000     0.000000002     4.121844402     0.000000000
     1.110000000     0.000000003     4.125404427     0.000000000
     1.120000000     0.000000005     4.129012595     0.000000000
     1.130000000     0.000000009     4.132669567     0.000000000
     1.140000000     0.000000015     4.136376028     0.000000000
     1.150000000     0.000000026     4.140132687     0.000000000
     1.160000000     0.000000044     4.143940278     0.000000000
     1.170000000     0.000000074     4.147799561     0.000000000
     1.180000000     0.000000123     4.151711325     0.000000001
     1.190000000     0.000000202     4.155676388     0.000000001
     1.200000000     0.000000330     4.159695600     0.000000002
     1.210000000     0.000000532     4.163769840     0.000000004
     1.220000000     0.000000850     4.167900026     0.000000006
     1.230000000     0.000001344     4.172087109     0.000000009
     1.240000000     0.000002104     4.176332079     0.000000015
     1.250000000     0.000003262     4.180635966     0.000000023
     1.260000000     0.000005006     4.184999841     0.000000035
     1.270000000     0.000007607     4.189424820     0.000000054
     1.280000000     0.000011443     4.193912066     0.000000082
     1.290000000     0.000017042     4.198462790     0.000000122
     1.300000000     0.000025129     4.203078253     0.000000181
     1.310000000     0.000036684     4.207759769     0.000000266
     1.320000000     0.000053021     4.212508709     0.000000387
     1.330000000     0.000075870     4.217326499     0.000000558
     1.340000000     0.000107486     4.222214623     0.000000796
     1.350000000     0.000150762     4.227174625     0.000001124
     1.360000000     0.000209358     4.232208109     0.000001571
     1.370000000     0.000287835     4.237316734     0.000002175
     1.380000000     0.000391792     4.242502220     0.000002982
     1.390000000     0.000527991     4.247766333     0.000004048
     1.400000000     0.000704459     4.253110885     0.000005442
     1.410000000     0.000930558     4.258537721     0.000007244
     1.420000000     0.001217002     4.264048700     0.000009549
     1.430000000     0.001575792     4.269645670     0.000012464
     1.440000000     0.002020075     4.275330440     0.000016111
     1.450000000     0.002563881     4.281104725     0.000020624
     1.460000000     0.003221747     4.286970088     0.000026147
     1.470000000     0.004008203     4.292927846     0.000032829
     1.480000000     0.004937130     4.298978952     0.000040826
     1.490000000     0.006021001     4.305123832     0.000050289
     1.500000000     0.007270014     4.311362166     0.000061362
     1.510000000     0.008691169     4.317692594     0.000074174
     1.520000000     0.010287331     4.324112327     0.000088834
     1.530000000     0.012056331     4.330616641     0.000105422
     1.540000000     0.013990195     4.337198208     0.000123989
     1.550000000     0.016074552     4.343846264     0.000144546
     1.560000000     0.018288311     4.350545568     0.000167071
     1.570000000     0.020603670     4.357275195     0.000191506
     1.580000000     0.022986503     4.364007216     0.000217764
     1.590000000     0.025397174     4.370705485     0.000245740
     1.600000000     0.027791759     4.377324918     0.000275324
     1.610000000     0.030123680     4.383811962     0.000306423
     1.620000000     0.032345673     4.390107277     0.000338980
     1.630000000     0.034412015     4.396151885     0.000373004
     1.640000000     0.036280898     4.401897819     0.000408594
     1.650000000     0.037916798     4.407323118     0.000445975
     1.660000000     0.039292728     4.412448564     0.000485524
     1.670000000     0.040392192     4.417350401     0.000527801
     1.680000000     0.041210742     4.422161549     0.000573574
     1.690000000     0.041756994     4.427056235     0.000623840
     1.700000000     0.042053057     4.432220182     0.000679841
     1.710000000     0.042134311     4.437816409     0.000743080
     1.720000000     0.042048551     4.443959383     0.000815318
     1.730000000     0.041854535     4.450705229     0.000898573
     1.740000000     0.041620031     4.458057357     0.000995115
     1.750000000     0.041419474     4.465981016     0.001107439
     1.760000000     0.041331377     4.474419516     0.001238252
     1.770000000     0.041435643     4.483307354     0.001390431
     1.780000000     0.041810927     4.492578571     0.001566995
     1.790000000     0.042532189     4.502170699     0.001771054
     1.800000000     0.043668532     4.512025480     0.002005758
     1.810000000     0.045281423     4.522087629     0.002274241
     1.820000000     0.047423321     4.532302675     0.002579551
     1.830000000     0.050136731     4.542614766     0.002924580
     1.840000000     0.053453642     4.552965243     0.003311983
     1.850000000     0.057395306     4.563292875     0.003744096
     1.860000000     0.061972271     4.573536662     0.004222845
     1.870000000     0.067184596     4.583641855     0.004749662
     1.880000000     0.073022161     4.593568810     0.005325404
     1.890000000     0.079465001     4.603302479     0.005950272
     1.900000000     0.086483633     4.612858118     0.006623757
     1.910000000     0.094039348     4.622277972     0.007344594
     1.920000000     0.102084487     4.631616229     0.008110742
     1.930000000     0.110562748     4.640915362     0.008919395
     1.940000000     0.119409592     4.650182898     0.009767024
     1.950000000     0.128552839     4.659379020     0.010649444
     1.960000000     0.137913558     4.668420911     0.011561928
     1.970000000     0.147407326     4.677202333     0.012499335
     1.980000000     0.156945949     4.685620575     0.013456275
     1.990000000     0.166439671     4.693599877     0.014427289
     2.000000000     0.175799884     4.701101658     0.015407041
     2.010000000     0.184942292     4.708118008     0.016390509
     2.020000000     0.193790428     4.714654395     0.017373172
     2.030000000     0.202279375     4.720715033     0.018351181
     2.040000000     0.210359514     4.726303495     0.019321497
     2.050000000     0.218000061     4.731441125     0.020282008
     2.060000000     0.225192161     4.736193324     0.021231599
     2.070000000     0.231951296     4.740687768     0.022170190
     2.080000000     0.238318779     4.745113000     0.023098732
     2.090000000     0.244362155     4.749696486     0.024019168
     2.100000000     0.250174378     4.754670404     0.024934361
     2.110000000     0.255871692     4.760236443     0.025847991
     2.120000000     0.261590248     4.766539078     0.026764443
     2.130000000     0.267481548     4.773653571     0.027688662
     2.140000000     0.273706912     4.781590795     0.028626020
     2.150000000     0.280431220     4.790315021     0.029582155
     2.160000000     0.287816262     4.799765127     0.030562828
     2.170000000     0.296014048     4.809868717     0.031573765
     2.180000000     0.305160479     4.820543859     0.032620504
     2.190000000     0.315369737     4.831690854     0.033708241
     2.200000000     0.326729740     4.843180638     0.034841670
     2.210000000     0.339298937     4.854845511     0.036024828
     2.220000000     0.353104623     4.866474546     0.037260924
     2.230000000     0.368142866     4.877814290     0.038552182
     2.240000000     0.384380003     4.888576136     0.039899675
     2.250000000     0.401755568     4.898452941     0.041303174
     2.260000000     0.420186388     4.907146823     0.042761005
     2.270000000     0.439571512     4.914406970     0.044269937
     2.280000000     0.459797562     4.920071484     0.045825099
     2.290000000     0.480744079     4.924102599     0.047419935
     2.300000000     0.502288423     4.926602633     0.049046220
     2.310000000     0.524309861     4.927801708     0.050694126
     2.320000000     0.546692533     4.928018099     0.052352358
     2.330000000     0.569327083     4.927603019     0.054008349
     2.340000000     0.592110896     4.926885909     0.055648528
     2.350000000     0.614946981     4.926130319     0.057258636
     2.360000000     0.637741676     4.925500328     0.058824097
     2.370000000     0.660401463     4.925033923     0.060330420
     2.380000000     0.682829253     4.924626354     0.061763623
     2.390000000     0.704920554     4.924034383     0.063110649
     2.400000000     0.726559955     4.922911266     0.064359768
     2.410000000     0.747618316     4.920871273     0.065500928
     2.420000000     0.767951009     4.917569206     0.066526052
     2.430000000     0.787397470     4.912771896     0.067429248
     2.440000000     0.805782203     4.906398566     0.068206930
     2.450000000     0.822917284     4.898516970     0.068857835
     2.460000000     0.838606279     4.889300029     0.069382937
     2.470000000     0.852649390     4.878964450     0.069785251
     2.480000000     0.864849574     4.867716693     0.070069551
     2.490000000     0.875019291     4.855720455     0.070242003
     2.500000000     0.882987504     4.843085467     0.070309736
     2.510000000     0.888606553     4.829873799     0.070280377
     2.520000000     0.891758525     4.816126114     0.070161578
     2.530000000     0.892360773     4.801911212     0.069960551
     2.540000000     0.890370313     4.787387761     0.069683654
     2.550000000     0.885786855     4.772847674     0.069336031
     2.560000000     0.878654352     4.758707693     0.068921354
     2.570000000     0.869060967     4.745439383     0.068441646
     2.580000000     0.857137497     4.733464502     0.067897234
     2.590000000     0.843054311     4.723065792     0.067286796
     2.600000000     0.827016957     4.714355683     0.066607526
     2.610000000     0.809260630     4.707313190     0.065855393
     2.620000000     0.790043717     4.701864159     0.065025482
     2.630000000     0.769640697     4.697961553     0.064112388
     2.640000000     0.748334628     4.695627435     0.063110662
     2.650000000     0.726409516     4.694940929     0.062015257
     2.660000000     0.704142794     4.695984221     0.060821971
     2.670000000     0.681798154     4.698778067     0.059527852
     2.680000000     0.659618948     4.703240608     0.058131557
     2.690000000     0.637822324     4.709188424     0.056633637
     2.700000000     0.616594281     4.716376181     0.055036736
     2.710000000     0.596085756     4.724553983     0.053345713
     2.720000000     0.576409861     4.733517512     0.051567661
     2.730000000     0.557640355     4.743134236     0.049711843
     2.740000000     0.539811391     4.753342131     0.047789538
     2.750000000     0.522918597     4.764127690     0.045813813
     2.760000000     0.506921452     4.775493371     0.043799225
     2.770000000     0.491746923     4.787423100     0.041761470
     2.780000000     0.477294278     4.799852334     0.039717002
     2.790000000     0.463440905     4.812648511     0.037682611
     2.800000000     0.450048951     4.825607737     0.035675006
     2.810000000     0.436972518     4.838472537     0.033710400
     2.820000000     0.424065112     4.850972627     0.031804107
     2.830000000     0.411187007     4.862884930     0.029970183
     2.840000000     0.398212161     4.874101139     0.028221102
     2.850000000     0.385034343     4.884683916     0.026567490
     2.860000000     0.371572139     4.894890816     0.025017920
     2.870000000     0.357772576     4.905150993     0.023578770
     2.880000000     0.343613175     4.915993810     0.022254156
     2.890000000     0.329102340     4.927946670     0.021045935
     2.900000000     0.314278097     4.941433185     0.019953772
     2.910000000     0.299205313     4.956703522     0.018975280
     2.920000000     0.283971598     4.973815139     0.018106210
     2.930000000     0.268682223     4.992661873     0.017340699
     2.940000000     0.253454388     5.013033186     0.016671552
     2.950000000     0.238411247     5.034679444     0.016090554
     2.960000000     0.223676085     5.057363196     0.015588804
     2.970000000     0.209366977     5.080886529     0.015157045
     2.980000000     0.195592258     5.105095763     0.014785993
     2.990000000     0.182446995     5.129872748     0.014466644
     3.000000000     0.170010609     5.155124150     0.014190552
     3.010000000     0.158345665     5.180776484     0.013950071
     3.020000000     0.147497799     5.206778254     0.013738554
     3.030000000     0.137496649     5.233105300     0.013550503
     3.040000000     0.128357605     5.259763526     0.013381664
     3.050000000     0.120084171     5.286784952     0.013229082
     3.060000000     0.112670711     5.314216904     0.013091103
     3.070000000     0.106105338     5.342107960     0.012967325
     3.080000000     0.100372760     5.370495672     0.012858524
     3.090000000     0.095456884     5.399399600     0.012766537
     3.100000000     0.091343065     5.428820171     0.012694127
     3.110000000     0.088019882     5.458741491     0.012644824
     3.120000000     0.085480407     5.489135788     0.012622762
     3.130000000     0.083722922     5.519968380     0.012632509
     3.140000000     0.082751132     5.551203369     0.012678903
     3.150000000     0.082573877     5.582810519     0.012766888
     3.160000000     0.083204449     5.614772840     0.012901375
     3.170000000     0.084659565     5.647092962     0.013087107
     3.180000000     0.086958122     5.679795605     0.013328541
     3.190000000     0.090119836     5.712923851     0.013629760
     3.200000000     0.094163887     5.746528636     0.013994384
     3.210000000     0.099107708     5.780653507     0.014425521
     3.220000000     0.104966037     5.815318997     0.014925719
     3.230000000     0.111750360     5.850511628     0.015496948
     3.240000000     0.119468831     5.886180746     0.016140593
     3.250000000     0.128126763     5.922243356     0.016857471
     3.260000000     0.137727717     5.958594686     0.017647859
     3.270000000     0.148275178     5.995121381     0.018511548
     3.280000000     0.159774763     6.031714492     0.019447903
     3.290000000     0.172236849     6.068280041     0.020455948
     3.300000000     0.185679433     6.104745900     0.021534452
     3.310000000     0.200131030     6.141065625     0.022682036
     3.320000000     0.215633343     6.177222351     0.023897271
     3.330000000     0.232243449     6.213236587     0.025178780
     3.340000000     0.250035224     6.249178074     0.026525333
     3.350000000     0.269099786     6.285174786     0.027935922
     3.360000000     0.289544765     6.321407504     0.029409822
     3.370000000     0.311492273     6.358082673     0.030946615
     3.380000000     0.335075568     6.395388936     0.032546200
     3.390000000     0.360434457     6.433454123     0.034208754
     3.400000000     0.387709626     6.472319644     0.035934679
     3.410000000     0.417036146     6.511938509     0.037724514
     3.420000000     0.448536504     6.552191326     0.039578829
     3.430000000     0.482313559     6.592909765     0.041498110
     3.440000000     0.518443864     6.633898175     0.043482643
     3.450000000     0.556971789     6.674946150     0.045532404
     3.460000000     0.597904866     6.715827000     0.047646979
     3.470000000     0.641210703     6.756282793     0.049825504
     3.480000000     0.686815765     6.796005977     0.052066652
     3.490000000     0.734606180     6.834633938     0.054368656
     3.500000000     0.784430651     6.871769547     0.056729380
     3.510000000     0.836105415     6.907029180     0.059146431
     3.520000000     0.889421077     6.940107254     0.061617300
     3.530000000     0.944151036     6.970838033     0.064139535
     3.540000000     1.000061132     6.999233146     0.066710924
     3.550000000     1.056920028     7.025478877     0.069329678
     3.560000000     1.114509816     7.049890762     0.071994600
     3.570000000     1.172636264     7.072837757     0.074705230
     3.580000000     1.231138113     7.094656169     0.077461945
     3.590000000     1.289894828     7.115574468     0.080266016
     3.600000000     1.348832255     7.135669264     0.083119605
     3.610000000     1.407925689     7.154869644     0.086025703
     3.620000000     1.467199967     7.173015585     0.088988013
     3.630000000     1.526726311     7.189956254     0.092010764
     3.640000000     1.586615863     7.205656376     0.095098486
     3.650000000     1.647009999     7.220273912     0.098255726
     3.660000000     1.708067760     7.234180272     0.101486739
     3.670000000     1.769950982     7.247909476     0.104795152
     3.680000000     1.832807896     7.262043150     0.108183604
     3.690000000     1.896756191     7.277062622     0.111653409
     3.700000000     1.961866677     7.293216705     0.115204208
     3.710000000     2.028148734     7.310448775     0.118833672
     3.720000000     2.095538754     7.328397758     0.122537231
     3.730000000     2.163892628     7.346452768     0.126307869
     3.740000000     2.232983137     7.363823983     0.130135983
     3.750000000     2.302502791     7.379600882     0.134009327
     3.760000000     2.372072247     7.392791713     0.137913041
     3.770000000     2.441254060     7.402359428     0.141829780
     3.780000000     2.509571023     7.407282466     0.145739940
     3.790000000     2.576528008     7.406670599     0.149621983
     3.800000000     2.641635846     7.399949234     0.153452852
     3.810000000     2.704435613     7.387085084     0.157208470
     3.820000000     2.764521569     7.368773940     0.160864300
     3.830000000     2.821561103     7.346480819     0.164395961
     3.840000000     2.875310236     7.322253215     0.167779855
     3.850000000     2.925623584     7.298327085     0.170993798
     3.860000000     2.972458156     7.276660105     0.174017628
     3.870000000     3.015870840     7.258573383     0.176833753
     3.880000000     3.056009983     7.244621705     0.179427624
     3.890000000     3.093101932     7.234690154     0.181788117
     3.900000000     3.127433850     7.228219417     0.183907797
     3.910000000     3.159334361     7.224444921     0.185783076
     3.920000000     3.189153779     7.222580631     0.187414240
     3.930000000     3.217245639     7.221934905     0.188805368
     3.940000000     3.243951105     7.221974597     0.189964147
     3.950000000     3.269587530     7.222352786     0.190901598
     3.960000000     3.294442061     7.222904877     0.191631739
     3.970000000     3.318770666     7.223611236     0.192171201
     3.980000000     3.342802493     7.224525146     0.192538827
     3.990000000     3.366748937     7.225674894     0.192755271
     4.000000000     3.390816338     7.226968270     0.192842615
     4.010000000     3.415220891     7.228144685     0.192824024
     4.020000000     3.440204083     7.228815664     0.192723440
     4.030000000     3.466046856     7.228601262     0.192565320
     4.040000000     3.493080780     7.227322842     0.192374418
     4.050000000     3.521694662     7.225178855     0.192175587
     4.060000000     3.552335402     7.222830219     0.191993603
     4.070000000     3.585502318     7.221353838     0.191852976
     4.080000000     3.621734725     7.222067950     0.191777747
     4.090000000     3.661593076     7.226272868     0.191791230
     4.100000000     3.705634583     7.234974998     0.191915698
     4.110000000     3.754384690     7.248664348     0.192171993
     4.120000000     3.808306185     7.267194572     0.192579063
     4.130000000     3.867768000     7.289779740     0.193153410
     4.140000000     3.933015831     7.315090903     0.193908485
     4.150000000     4.004146632     7.341418876     0.194854014
     4.160000000     4.081088797     7.366865369     0.195995319
     4.170000000     4.163589437     7.389525905     0.197332630
     4.180000000     4.251209672     7.407634394     0.198860465
     4.190000000     4.343328271     7.419655992     0.200567079
     4.200000000     4.439153419     7.424342608     0.202434067
     4.210000000     4.537741826     7.420790064     0.204436136
     4.220000000     4.638023965     7.408531269     0.206541095
     4.230000000     4.738833879     7.387653255     0.208710098
     4.240000000     4.838941811     7.358864049     0.210898162
     4.250000000     4.937087902     7.323415522     0.213054963
     4.260000000     5.032015267     7.282847236     0.215125928
     4.270000000     5.122501029     7.238625546     0.217053579
     4.280000000     5.207384176     7.191830978     0.218779121
     4.290000000     5.285589487     7.143029610     0.220244205
     4.300000000     5.356147148     7.092361242     0.221392823
     4.310000000     5.418208008     7.039763975     0.222173238
     4.320000000     5.471054750     6.985205212     0.222539889
     4.330000000     5.514109430     6.928822650     0.222455163
     4.340000000     5.546937992     6.870958996     0.221890961
     4.350000000     5.569252393     6.812141196     0.220829966
     4.360000000     5.580910914     6.753065667     0.219266557
     4.370000000     5.581917170     6.694607790     0.217207288
     4.380000000     5.572418117     6.637821296     0.214670929
     4.390000000     5.552701220     6.583878421     0.211688031
     4.400000000     5.523190760     6.533934527     0.208300039
     4.410000000     5.484443072     6.488951468     0.204557989
     4.420000000     5.437140414     6.449547434     0.200520841
     4.430000000     5.382083082     6.415943391     0.196253539
     4.440000000     5.320179382     6.388049639     0.191824877
     4.450000000     5.252433139     6.365684948     0.187305281
     4.460000000     5.179928558     6.348855038     0.182764609
     4.470000000     5.103812447     6.337965292     0.178270077
     4.480000000     5.025274070     6.333848399     0.173884381
     4.490000000     4.945523161     6.337573190     0.169664123
     4.500000000     4.865766959     6.350126316     0.165658565
     4.510000000     4.787187340     6.372134292     0.161908773
     4.520000000     4.710919367     6.403757014     0.158447153
     4.530000000     4.638032696     6.444762174     0.155297370
     4.540000000     4.569517274     6.494676734     0.152474635
     4.550000000     4.506274652     6.552884868     0.149986300
     4.560000000     4.449115971     6.618606944     0.147832721
     4.570000000     4.398767282     6.690793990     0.146008317
     4.580000000     4.355882340     6.768038322     0.144502754
     4.590000000     4.321062458     6.848600401     0.143302192
     4.600000000     4.294882348     6.930596691     0.142390533
     4.610000000     4.277920326     7.012319300     0.141750590
     4.620000000     4.270790739     7.092598947     0.141365164
     4.630000000     4.274176089     7.171097394     0.141217949
     4.640000000     4.288856178     7.248428344     0.141294266
     4.650000000     4.315731566     7.326050765     0.141581596
     4.660000000     4.355838906     7.405945168     0.142069904
     4.670000000     4.410356141     7.490157918     0.142751762
     4.680000000     4.480596154     7.580354081     0.143622283
     4.690000000     4.567988203     7.677517134     0.144678883
     4.700000000     4.674047257     7.781859547     0.145920901
     4.710000000     4.800332176     7.892902398     0.147349114
     4.720000000     4.948394375     8.009617413     0.148965167
     4.730000000     5.119719242     8.130540925     0.150770976
     4.740000000     5.315663047     8.253838703     0.152768121
     4.750000000     5.537388284     8.377358248     0.154957276
     4.760000000     5.785800498     8.498709340     0.157337701
     4.770000000     6.061489469     8.615376361     0.159906823
     4.780000000     6.364677328     8.724830426     0.162659930
     4.790000000     6.695175769     8.824605254     0.165589985
     4.800000000     7.052353944     8.912323144     0.168687564
     4.810000000     7.435118136     8.985682620     0.171940928
     4.820000000     7.841903692     9.042431735     0.175336204
     4.830000000     8.270679232     9.080351467     0.178857676
     4.840000000     8.718962704     9.097268660     0.182488151
     4.850000000     9.183848517     9.091114758     0.186209388
     4.860000000     9.662044728     9.060046391     0.190002561
     4.870000000    10.149919126     9.002632749     0.193848727
     4.880000000    10.643552928     8.918073286     0.197729280
     4.890000000    11.138800809     8.806348984     0.201626365
     4.900000000    11.631355943     8.668182935     0.205523237
     4.910000000    12.116818741     8.504740819     0.209404544
     4.920000000    12.590767959     8.317133896     0.213256542
     4.930000000    13.048832810     8.105929254     0.217067212
     4.940000000    13.486764688     7.870932485     0.220826305
     4.950000000    13.900507032     7.611425815     0.224525301
     4.960000000    14.286261867     7.326834833     0.228157298
     4.970000000    14.640551513     7.017558798     0.231716835
     4.980000000    14.960274041     6.685571707     0.235199670
     4.990000000    15.242751152     6.334477391     0.238602507
     5.000000000    15.485767363     5.968965333     0.241922703
     5.010000000    15.687599658     5.593932232     0.245157953
     5.020000000    15.847037077     5.213714210     0.248305971
     5.030000000    15.963390118     4.831780421     0.251364183
     5.040000000    16.036490154     4.450920300     0.254329426
     5.050000000    16.066679471     4.073644062     0.257197693
     5.060000000    16.054792782     3.702437799     0.259963903
     5.070000000    16.002131306     3.339700250     0.262621733
     5.080000000    15.910430589     2.987459331     0.265163513
     5.090000000    15.781823279     2.647115247     0.267580188
     5.100000000    15.618797939     2.319416411     0.269861364
     5.110000000    15.424154873     2.004718722     0.271995434
     5.120000000    15.200959695     1.703416253     0.273969793
     5.130000000    14.952495206     1.416335935     0.275771135
     5.140000000    14.682211938     1.144900066     0.277385818
     5.150000000    14.393677628     0.890980370     0.278800299
     5.160000000    14.090525814     0.656534800     0.280001606
     5.170000000    13.776403799     0.443222851     0.280977840
     5.180000000    13.454920342     0.252161959     0.281718670
     5.190000000    13.129593598     0.083853064     0.282215813
     5.200000000    12.803800039    -0.061814853     0.282463457
     5.210000000    12.480725318    -0.185580943     0.282458622
     5.220000000    12.163318201    -0.288857218     0.282201424
     5.230000000    11.854248855    -0.373708139     0.281695243
     5.240000000    11.555872808    -0.442659016     0.280946781
     5.250000000    11.270201903    -0.498328241     0.279966000
     5.260000000    10.998883401    -0.543016296     0.278765964
     5.270000000    10.743188201    -0.578444502     0.277362575
     5.280000000    10.504008840    -0.605769183     0.275774233
     5.290000000    10.281867553    -0.625852369     0.274021428
     5.300000000    10.076934279    -0.639639581     0.272126290
     5.310000000     9.889054078    -0.648446624     0.270112123
     5.320000000     9.717782952    -0.654012923     0.268002935
     5.330000000     9.562430702    -0.658308100     0.265822985
     5.340000000     9.422109040    -0.663203386     0.263596369
     5.350000000     9.295782935    -0.670166503     0.261346653
     5.360000000     9.182322911    -0.680096877     0.259096559
     5.370000000     9.080555956    -0.693335937     0.256867715
     5.380000000     8.989312720    -0.709815128     0.254680464
     5.390000000     8.907468828    -0.729258710     0.252553731
     5.400000000     8.833978452    -0.751341250     0.250504947
     5.410000000     8.767898707    -0.775722947     0.248550016
     5.420000000     8.708403982    -0.801955303     0.246703320
     5.430000000     8.654789947    -0.829334460     0.244977750
     5.440000000     8.606467664    -0.856824068     0.243384757
     5.450000000     8.562948893    -0.883139962     0.241934405
     5.460000000     8.523824286    -0.907000718     0.240635422
     5.470000000     8.488736694    -0.927453224     0.239495236
     5.480000000     8.457352115    -0.944138967     0.238519984
     5.490000000     8.429330945    -0.957404778     0.237714487
     5.500000000     8.404302129    -0.968256573     0.237082182
     5.510000000     8.381842431    -0.978232171     0.236625005
     5.520000000     8.361462576    -0.989265381     0.236343218
     5.530000000     8.342601270    -1.003539975     0.236235180
     5.540000000     8.324627374    -1.023272599     0.236297064
     5.550000000     8.306849645    -1.050388456     0.236522527
     5.560000000     8.288532772    -1.086146006     0.236902342
     5.570000000     8.268917805    -1.130843949     0.237424025
     5.580000000     8.247244686    -1.183736855     0.238071460
     5.590000000     8.222774499    -1.243198805     0.238824571
     5.600000000     8.194809149    -1.307069978     0.239659072
     5.610000000     8.162706635    -1.373060093     0.240546332
     5.620000000     8.125890681    -1.439080071     0.241453392
     5.630000000     8.083854273    -1.503415060     0.242343181
     5.640000000     8.036157491    -1.564726959     0.243174941
     5.650000000     7.982420816    -1.621962765     0.243904914
     5.660000000     7.922315757    -1.674297485     0.244487257
     5.670000000     7.855555093    -1.721210508     0.244875222
     5.680000000     7.781885206    -1.762692061     0.245022543
     5.690000000     7.701082801    -1.799469326     0.244885000
     5.700000000     7.612957951    -1.833100040     0.244422112
     5.710000000     7.517364635    -1.865824169     0.243598868
     5.720000000     7.414219122    -1.900157870     0.242387428
     5.730000000     7.303525560    -1.938311354     0.240768700
     5.740000000     7.185407188    -1.981582555     0.238733704
     5.750000000     7.060140749    -2.029903440     0.236284651
     5.760000000     6.928191063    -2.081683301     0.233435654
     5.770000000     6.790242381    -2.134006746     0.230213028
     5.780000000     6.647223090    -2.183131686     0.226655150
     5.790000000     6.500320654    -2.225138228     0.222811854
     5.800000000     6.350984240    -2.256541167     0.218743401
     5.810000000     6.200913304    -2.274712008     0.214519042
     5.820000000     6.052031362    -2.278046715     0.210215236
     5.830000000     5.906445237    -2.265921412     0.205913611
     5.840000000     5.766391069    -2.238546162     0.201698733
     5.850000000     5.634169270    -2.196819705     0.197655792
     5.860000000     5.512071368    -2.142217293     0.193868284
     5.870000000     5.402302183    -2.076671930     0.190415781
     5.880000000     5.306901080    -2.002399413     0.187371871
     5.890000000     5.227666055    -1.921672936     0.184802326
     5.900000000     5.166084284    -1.836614109     0.182763551
     5.910000000     5.123272349    -1.749074793     0.181301351
     5.920000000     5.099928864    -1.660637899     0.180450044
     5.930000000     5.096301599    -1.572713455     0.180231909
     5.940000000     5.112170478    -1.486685995     0.180656981
     5.950000000     5.146847116    -1.404073782     0.181723167
     5.960000000     5.199190792    -1.326663146     0.183416663
     5.970000000     5.267640071    -1.256574156     0.185712634
     5.980000000     5.350258598    -1.196213888     0.188576130
     5.990000000     5.444792992    -1.148099362     0.191963189
     6.000000000     5.548740297    -1.114578770     0.195822098
     6.010000000     5.659422043    -1.097517373     0.200094765
     6.020000000     5.774061750    -1.098018270     0.204718152
     6.030000000     5.889862645    -1.116225684     0.209625748
     6.040000000     6.004082438    -1.151241003     0.214749035
     6.050000000     6.114102292    -1.201182985     0.220018901
     6.060000000     6.217487546    -1.263417591     0.225366989
     6.070000000     6.312038313    -1.334938489     0.230726943
     6.080000000     6.395828729    -1.412808260     0.236035523
     6.090000000     6.467234372    -1.494526116     0.241233593
     6.100000000     6.524948029    -1.578214777     0.246266944
     6.110000000     6.567984671    -1.662606403     0.251086970
     6.120000000     6.595677016    -1.746895314     0.255651187
     6.130000000     6.607663424    -1.830556803     0.259923598
     6.140000000     6.603870085    -1.913202009     0.263874922
     6.150000000     6.584489469    -1.994490185     0.267482691
     6.160000000     6.549956810    -2.074090156     0.270731234
     6.170000000     6.500926136    -2.151675867     0.273611560
     6.180000000     6.438246865    -2.226937288     0.276121150
     6.190000000     6.362941584    -2.299577349     0.278263683
     6.200000000     6.276185087    -2.369262654     0.280048681
     6.210000000     6.179284394    -2.435521196     0.281491111
     6.220000000     6.073659103    -2.497629204     0.282610921
     6.230000000     5.960821280    -2.554563232     0.283432535
     6.240000000     5.842354049    -2.605074600     0.283984293
     6.250000000     5.719888141    -2.647875854     0.284297853
     6.260000000     5.595075935    -2.681863926     0.284407541
     6.270000000     5.469562842    -2.706292398     0.284349670
     6.280000000     5.344956287    -2.720847518     0.284161823
     6.290000000     5.222792979    -2.725638446     0.283882111
     6.300000000     5.104505501    -2.721143793     0.283548418
     6.310000000     4.991389593    -2.708154310     0.283197644
     6.320000000     4.884573673    -2.687727543     0.282864974
     6.330000000     4.784992201    -2.661143952     0.282583166
     6.340000000     4.693364453    -2.629843881     0.282381906
     6.350000000     4.610180030    -2.595338570     0.282287226
     6.360000000     4.535692128    -2.559114744     0.282321020
     6.370000000     4.469919192    -2.522566627     0.282500661
     6.380000000     4.412655111    -2.486973869     0.282838745
     6.390000000     4.363487633    -2.453506319     0.283342962
     6.400000000     4.321824226    -2.423207902     0.284016110
     6.410000000     4.286924214    -2.396923282     0.284856250
     6.420000000     4.257935667    -2.375181915     0.285856984
     6.430000000     4.233935337    -2.358104875     0.287007880
     6.440000000     4.213969777    -2.345403483     0.288294987
     6.450000000     4.197095792    -2.336487179     0.289701454
     6.460000000     4.182418465    -2.330633313     0.291208212
     6.470000000     4.169125190    -2.327144276     0.292794698
     6.480000000     4.156514393    -2.325438770     0.294439590
     6.490000000     4.144017945    -2.325063443     0.296121522
     6.500000000     4.131216603    -2.325639316     0.297819761
     6.510000000     4.117848171    -2.326773688     0.299514801
     6.520000000     4.103808408    -2.327981885     0.301188876
     6.530000000     4.089145002    -2.328666709     0.302826351
     6.540000000     4.074045249    -2.328179774     0.304413990
     6.550000000     4.058818220    -2.325942496     0.305941098
     6.560000000     4.043872443    -2.321566342     0.307399526
     6.570000000     4.029690172    -2.314912391     0.308783541
     6.580000000     4.016799395    -2.306068858     0.310089588
     6.590000000     4.005744736    -2.295272583     0.311315940
     6.600000000     3.997058332    -2.282825717     0.312462259
     6.610000000     3.991231698    -2.269052285     0.313529094
     6.620000000     3.988689484    -2.254310669     0.314517345
     6.630000000     3.989765868    -2.239044345     0.315427696
     6.640000000     3.994684224    -2.223831626     0.316260073
     6.650000000     4.003540548    -2.209397060     0.317013133
     6.660000000     4.016291004    -2.196568817     0.317683813
     6.670000000     4.032743862    -2.186191436     0.318266972
     6.680000000     4.052555989    -2.179018632     0.318755130
     6.690000000     4.075234029    -2.175615655     0.319138329
     6.700000000     4.100140307    -2.176299824     0.319404127
     6.710000000     4.126503474    -2.181140915     0.319537728
     6.720000000     4.153433856    -2.190025950     0.319522242
     6.730000000     4.179943364    -2.202768598     0.319339083
     6.740000000     4.204969745    -2.219225343     0.318968471
     6.750000000     4.227404810    -2.239380798     0.318390043
     6.760000000     4.246126084    -2.263381952     0.317583539
     6.770000000     4.260031145    -2.291521829     0.316529531
     6.780000000     4.268073670    -2.324182347     0.315210192
     6.790000000     4.269300019    -2.361740511     0.313610045
     6.800000000     4.262884985    -2.404433245     0.311716692
     6.810000000     4.248165193    -2.452182458     0.309521484
     6.820000000     4.224668610    -2.504409983     0.307020104
     6.830000000     4.192138615    -2.559906011     0.304213049
     6.840000000     4.150551270    -2.616825020     0.301105997
     6.850000000     4.100124670    -2.672850489     0.297710028
     6.860000000     4.041319593    -2.725503952     0.294041707
     6.870000000     3.974831114    -2.772509716     0.290123012
     6.880000000     3.901571321    -2.812100731     0.285981106
     6.890000000     3.822643759    -2.843178841     0.281647954
     6.900000000     3.739310659    -2.865307152     0.277159792
     6.910000000     3.652954445    -2.878576473     0.272556452
     6.920000000     3.565035245    -2.883422121     0.267880562
     6.930000000     3.477046363    -2.880464255     0.263176632
     6.940000000     3.390469645    -2.870413075     0.258490051
     6.950000000     3.306732646    -2.854036648     0.253866019
     6.960000000     3.227169236    -2.832158299     0.249348440
     6.970000000     3.152985048    -2.805650679     0.244978811
     6.980000000     3.085228747    -2.775418410     0.240795143
     6.990000000     3.024769767    -2.742382096     0.236830941
     7.000000000     2.972282746    -2.707473001     0.233114291
     7.010000000     2.928238568    -2.671628723     0.229667077
     7.020000000     2.892901606    -2.635770497     0.226504370
     7.030000000     2.866332602    -2.600753757     0.223634005
     7.040000000     2.848396443    -2.567304413     0.221056384
     7.050000000     2.838774074    -2.535967265     0.218764496
     7.060000000     2.836977801    -2.507092603     0.216744187
     7.070000000     2.842369313    -2.480874274     0.214974656
     7.080000000     2.854179813    -2.457432672     0.213429164
     7.090000000     2.871531804    -2.436916297     0.212075954
     7.100000000     2.893462118    -2.419585211     0.210879322
     7.110000000     2.918945865    -2.405845651     0.209800814
     7.120000000     2.946920982    -2.396224772     0.208800505
     7.130000000     2.976313081    -2.391296086     0.207838298
     7.140000000     3.006060206    -2.391578116     0.206875197
     7.150000000     3.035137069    -2.397428738     0.205874506
     7.160000000     3.062578249    -2.408952894     0.204802894
     7.170000000     3.087499761    -2.425939943     0.203631299
     7.180000000     3.109118360    -2.447847933     0.202335634
     7.190000000     3.126767942    -2.473846128     0.200897261
     7.200000000     3.139912432    -2.502908284     0.199303248
     7.210000000     3.148154659    -2.533927569     0.197546390
     7.220000000     3.151240836    -2.565819384     0.195625021
     7.230000000     3.149060465    -2.597597137     0.193542637
     7.240000000     3.141641673    -2.628429052     0.191307368
     7.250000000     3.129142216    -2.657686084     0.188931337
     7.260000000     3.111836597    -2.684972598     0.186429948
     7.270000000     3.090099906    -2.710118024     0.183821152
     7.280000000     3.064389158    -2.733117031     0.181124721
     7.290000000     3.035222980    -2.754030436     0.178361580
     7.300000000     3.003160520    -2.772881457     0.175553204
     7.310000000     2.968780449    -2.789592772     0.172721122
     7.320000000     2.932660831    -2.804003986     0.169886511
     7.330000000     2.895360518    -2.815978397     0.167069902
     7.340000000     2.857402579    -2.825555530     0.164290978
     7.350000000     2.819260137    -2.833063751     0.161568446
     7.360000000     2.781344784    -2.839116216     0.158919976
     7.370000000     2.743997653    -2.844476150     0.156362172
     7.380000000     2.707483103    -2.849848910     0.153910560
     7.390000000     2.671984875    -2.855689741     0.151579573
     7.400000000     2.637604597    -2.862099367     0.149382515
     7.410000000     2.604362449    -2.868840331     0.147331483
     7.420000000     2.572199871    -2.875467538     0.145437266
     7.430000000     2.540984213    -2.881529038     0.143709179
     7.440000000     2.510515246    -2.886762892     0.142154878
     7.450000000     2.480533512    -2.891214708     0.140780131
     7.460000000     2.450730443    -2.895240338     0.139588577
     7.470000000     2.420760190    -2.899414770     0.138581476
     7.480000000     2.390252980    -2.904399301     0.137757475
     7.490000000     2.358829792    -2.910810982     0.137112399
     7.500000000     2.326117949    -2.919114745     0.136639100
     7.510000000     2.291767162    -2.929546928     0.136327356
     7.520000000     2.255465404    -2.942079041     0.136163862
     7.530000000     2.216953925    -2.956425509     0.136132306
     7.540000000     2.176040668    -2.972082645     0.136213550
     7.550000000     2.132611334    -2.988373832     0.136385919
     7.560000000     2.086637438    -3.004486632     0.136625593
     7.570000000     2.038180784    -3.019515935     0.136907104
     7.580000000     1.987393982    -3.032540787     0.137203918
     7.590000000     1.934516843    -3.042738620     0.137489104
     7.600000000     1.879868700    -3.049500991     0.137736034
     7.610000000     1.823836972    -3.052501970     0.137919122
     7.620000000     1.766862487    -3.051695828     0.138014546
     7.630000000     1.709422292    -3.047257468     0.138000928
     7.640000000     1.652010805    -3.039498913     0.137859941
     7.650000000     1.595120281    -3.028793490     0.137576802
     7.660000000     1.539221571    -3.015525666     0.137140634
     7.670000000     1.484746149    -3.000067656     0.136544672
     7.680000000     1.432070277    -2.982771620     0.135786295
     7.690000000     1.381502082    -2.963964593     0.134866893
     7.700000000     1.333272106    -2.943941860     0.133791563
     7.710000000     1.287527745    -2.922964805     0.132568658
     7.720000000     1.244331753    -2.901272232     0.131209220
     7.730000000     1.203664764    -2.879108681     0.129726315
     7.740000000     1.165431609    -2.856763643     0.128134322
     7.750000000     1.129470984    -2.834606327     0.126448207
     7.760000000     1.095567845    -2.813095119     0.124682828
     7.770000000     1.063467805    -2.792743275     0.122852302
     7.780000000     1.032892677    -2.774035026     0.120969467
     7.790000000     1.003556269    -2.757307044     0.119045465
     7.800000000     0.975179542    -2.742632488     0.117089446
     7.810000000     0.947504293    -2.729757500     0.115108425
     7.820000000     0.920304626    -2.718129149     0.113107253
     7.830000000     0.893395638    -2.707014733     0.111088726
     7.840000000     0.866638926    -2.695664479     0.109053783
     7.850000000     0.839944757    -2.683448655     0.107001789
     7.860000000     0.813270932    -2.669924673     0.104930872
     7.870000000     0.786618651    -2.654838139     0.102838289
     7.880000000     0.760025824    -2.638093749     0.100720798
     7.890000000     0.733558492    -2.619728215     0.098575011
     7.900000000     0.707301071    -2.599893529     0.096397720
     7.910000000     0.681346225    -2.578840943     0.094186178
     7.920000000     0.655785158    -2.556895299     0.091938330
     7.930000000     0.630698997    -2.534418695     0.089652984
     7.940000000     0.606151887    -2.511770488     0.087329943
     7.950000000     0.582186185    -2.489272300     0.084970071
     7.960000000     0.558819995    -2.467183580     0.082575325
     7.970000000     0.536047077    -2.445689479     0.080148745
     7.980000000     0.513838955    -2.424900481     0.077694406
     7.990000000     0.492148937    -2.404861112     0.075217343
     8.000000000     0.470917557    -2.385561214     0.072723453
     8.010000000     0.450078945    -2.366940738     0.070219376
     8.020000000     0.429567538    -2.348883167     0.067712350
     8.030000000     0.409324587    -2.331204414     0.065210064
     8.040000000     0.389303951    -2.313654368     0.062720486
     8.050000000     0.369476792    -2.295945573     0.060251691
     8.060000000     0.349834852    -2.277805807     0.057811680
     8.070000000     0.330392163    -2.259031936     0.055408201
     8.080000000     0.311185150    -2.239518586     0.053048573
     8.090000000     0.292271197    -2.219250691     0.050739524
     8.100000000     0.273725873    -2.198270438     0.048487045
     8.110000000     0.255639075    -2.176640355     0.046296267
     8.120000000     0.238110398    -2.154420440     0.044171363
     8.130000000     0.221244063    -2.131664850     0.042115486
     8.140000000     0.205143749    -2.108432229     0.040130736
     8.150000000     0.189907613    -2.084798758     0.038218167
     8.160000000     0.175623772    -2.060864840     0.036377823
     8.170000000     0.162366440    -2.036751971     0.034608810
     8.180000000     0.150192869    -2.012592083     0.032909393
     8.190000000     0.139141165    -1.988514532     0.031277121
     8.200000000     0.129228995    -1.964635615     0.029708967
     8.210000000     0.120453162    -1.941052938     0.028201481
     8.220000000     0.112789973    -1.917844272     0.026750946
     8.230000000     0.106196304    -1.895068952     0.025353536
     8.240000000     0.100611241    -1.872770059     0.024005464
     8.250000000     0.095958197    -1.850976718     0.022703119
     8.260000000     0.092147363    -1.829706797     0.021443184
     8.270000000     0.089078414    -1.808970311     0.020222736
     8.280000000     0.086643353    -1.788773365     0.019039319
     8.290000000     0.084729428    -1.769121934     0.017890995
     8.300000000     0.083222039    -1.750024613     0.016776368
     8.310000000     0.082007590    -1.731493628     0.015694584
     8.320000000     0.080976213    -1.713543731     0.014645312
     8.330000000     0.080024323    -1.696189020     0.013628697
     8.340000000     0.079056962    -1.679437794     0.012645305
     8.350000000     0.077989848    -1.663285758     0.011696049
     8.360000000     0.076751113    -1.647708687     0.010782107
     8.370000000     0.075282650    -1.632656820     0.009904836
     8.380000000     0.073541037    -1.618053750     0.009065680
     8.390000000     0.071497997    -1.603800963     0.008266085
     8.400000000     0.069140363    -1.589786385     0.007507416
     8.410000000     0.066469559    -1.575893837     0.006790880
     8.420000000     0.063500590    -1.562011805     0.006117465
     8.430000000     0.060260604    -1.548042198     0.005487884
     8.440000000     0.056787070    -1.533909737     0.004902534
     8.450000000     0.053125656    -1.519570073     0.004361467
     8.460000000     0.049327917    -1.505013212     0.003864374
     8.470000000     0.045448894    -1.490260327     0.003410586
     8.480000000     0.041544729    -1.475355242     0.002999075
     8.490000000     0.037670417    -1.460353897     0.002628479
     8.500000000     0.033877791    -1.445314913     0.002297127
     8.510000000     0.030213809    -1.430292944     0.002003071
     8.520000000     0.026719209    -1.415335021     0.001744133
     8.530000000     0.023427568    -1.400479247     0.001517946
     8.540000000     0.020364767    -1.385755006     0.001322002
     8.550000000     0.017548853    -1.371183964     0.001153701
     8.560000000     0.014990253    -1.356781358     0.001010399
     8.570000000     0.012692294    -1.342557288     0.000889456
     8.580000000     0.010651965    -1.328517871     0.000788273
     8.590000000     0.008860848    -1.314666203     0.000704338
     8.600000000     0.007306146    -1.301003142     0.000635254
     8.610000000     0.005971747    -1.287527907     0.000578771
     8.620000000     0.004839267    -1.274238548     0.000532807
     8.630000000     0.003889013    -1.261132299     0.000495463
     8.640000000     0.003100845    -1.248205837     0.000465039
     8.650000000     0.002454909    -1.235455486     0.000440034
     8.660000000     0.001932218    -1.222877351     0.000419153
     8.670000000     0.001515101    -1.210467426     0.000401298
     8.680000000     0.001187503    -1.198221658     0.000385569
     8.690000000     0.000935171    -1.186135998     0.000371246
     8.700000000     0.000745721    -1.174206419     0.000357786
     8.710000000     0.000608624    -1.162428943     0.000344801
     8.720000000     0.000515112    -1.150799649     0.000332047
     8.730000000     0.000458038    -1.139314701     0.000319408
     8.740000000     0.000431696    -1.127970384     0.000306877
     8.750000000     0.000431616    -1.116763133     0.000294535
     8.760000000     0.000454346    -1.105689574     0.000282539
     8.770000000     0.000497240    -1.094746534     0.000271097
     8.780000000     0.000558240    -1.083931063     0.000260451
     8.790000000     0.000635681    -1.073240432     0.000250859
     8.800000000     0.000728102    -1.062672148     0.000242577
     8.810000000     0.000834089    -1.052223973     0.000235842
     8.820000000     0.000952132    -1.041893955     0.000230858
     8.830000000     0.001080522    -1.031680480     0.000227783
     8.840000000     0.001217272    -1.021582332     0.000226716
     8.850000000     0.001360071    -1.011598771     0.000227697
     8.860000000     0.001506274    -1.001729612     0.000230694
     8.870000000     0.001652933    -0.991975294     0.000235607
     8.880000000     0.001796844    -0.982336899     0.000242271
     8.890000000     0.001934638    -0.972816091     0.000250455
     8.900000000     0.002062890    -0.963414876     0.000259878
     8.910000000     0.002178245    -0.954135127     0.000270210
     8.920000000     0.002277552    -0.944977814     0.000281090
     8.930000000     0.002358000    -0.935941989     0.000292136
     8.940000000     0.002417246    -0.927023764     0.000302956
     8.950000000     0.002453523    -0.918215680     0.000313165
     8.960000000     0.002465726    -0.909506955     0.000322395
     8.970000000     0.002453464    -0.900884778     0.000330305
     8.980000000     0.002417077    -0.892336363     0.000336593
     8.990000000     0.002357625    -0.883851011     0.000341006
     9.000000000     0.002276826    -0.875421433     0.000343341
     9.010000000     0.002176980    -0.867044005     0.000343455
     9.020000000     0.002060855    -0.858718163     0.000341266
     9.030000000     0.001931559    -0.850445379     0.000336752
     9.040000000     0.001792403    -0.842228141     0.000329952
     9.050000000     0.001646761    -0.834069181     0.000320961
     9.060000000     0.001497935    -0.825970991     0.000309928
     9.070000000     0.001349034    -0.817935586     0.000297046
     9.080000000     0.001202876    -0.809964441     0.000282549
     9.090000000     0.001061910    -0.802058516     0.000266701
     9.100000000     0.000928162    -0.794218323     0.000249787
     9.110000000     0.000803214    -0.786444014     0.000232105
     9.120000000     0.000688193    -0.778735456     0.000213956
     9.130000000     0.000583798    -0.771092299     0.000195633
     9.140000000     0.000490332    -0.763514029     0.000177417
     9.150000000     0.000407750    -0.756000018     0.000159566
     9.160000000     0.000335719    -0.748549552     0.000142309
     9.170000000     0.000273677    -0.741161861     0.000125844
     9.180000000     0.000220894    -0.733836136     0.000110330
     9.190000000     0.000176529    -0.726571546     0.000095891
     9.200000000     0.000139681    -0.719367251     0.000082613
     9.210000000     0.000109433    -0.712222402     0.000070545
     9.220000000     0.000084890    -0.705136158     0.000059704
     9.230000000     0.000065203    -0.698107682     0.000050074
     9.240000000     0.000049588    -0.691136146     0.000041618
     9.250000000     0.000037343    -0.684220735     0.000034274
     9.260000000     0.000027846    -0.677360646     0.000027968
     9.270000000     0.000020562    -0.670555092     0.000022612
     9.280000000     0.000015037    -0.663803299     0.000018114
     9.290000000     0.000010893    -0.657104508     0.000014378
     9.300000000     0.000007820    -0.650457973     0.000011311
     9.310000000     0.000005569    -0.643862965     0.000008822
     9.320000000     0.000003943    -0.637318769     0.000006829
     9.330000000     0.000002790    -0.630824683     0.000005254
     9.340000000     0.000001993    -0.624380018     0.000004033
     9.350000000     0.000001469    -0.617984100     0.000003107
     9.360000000     0.000001159    -0.611636267     0.000002430
     9.370000000     0.000001028    -0.605335869     0.000001965
     9.380000000     0.000001061    -0.599082268     0.000001687
     9.390000000     0.000001262    -0.592874839     0.000001580
     9.400000000     0.000001654    -0.586712965     0.000001639
     9.410000000     0.000002282    -0.580596042     0.000001868
     9.420000000     0.000003215    -0.574523475     0.000002283
     9.430000000     0.000004551    -0.568494681     0.000002912
     9.440000000     0.000006420    -0.562509084     0.000003792
     9.450000000     0.000008993    -0.556566119     0.000004975
     9.460000000     0.000012489    -0.550665229     0.000006521
     9.470000000     0.000017182    -0.544805866     0.000008506
     9.480000000     0.000023411    -0.538987493     0.000011017
     9.490000000     0.000031588    -0.533209579     0.000014150
     9.500000000     0.000042200    -0.527471605     0.000018013
     9.510000000     0.000055820    -0.521773061     0.000022722
     9.520000000     0.000073107    -0.516113447     0.000028397
     9.530000000     0.000094799    -0.510492278     0.000035158
     9.540000000     0.000121712    -0.504909080     0.000043122
     9.550000000     0.000154716    -0.499363400     0.000052396
     9.560000000     0.000194721    -0.493854802     0.000063071
     9.570000000     0.000242642    -0.488382879     0.000075213
     9.580000000     0.000299359    -0.482947258     0.000088858
     9.590000000     0.000365671    -0.477547608     0.000104005
     9.600000000     0.000442242    -0.472183655     0.000120605
     9.610000000     0.000529542    -0.466855200     0.000138562
     9.620000000     0.000627786    -0.461562141     0.000157724
     9.630000000     0.000736870    -0.456304506     0.000177881
     9.640000000     0.000856327    -0.451082489     0.000198769
     9.650000000     0.000985271    -0.445896503     0.000220070
     9.660000000     0.001122378    -0.440747243     0.000241422
     9.670000000     0.001265871    -0.435635756     0.000262420
     9.680000000     0.001413532    -0.430563524     0.000282638
     9.690000000     0.001562743    -0.425532538     0.000301634
     9.700000000     0.001710545    -0.420545353     0.000318971
     9.710000000     0.001853729    -0.415605077     0.000334231
     9.720000000     0.001988943    -0.410715239     0.000347034
     9.730000000     0.002112818    -0.405879463     0.000357049
     9.740000000     0.002222109    -0.401100873     0.000364014
     9.750000000     0.002313831    -0.396381210     0.000367740
     9.760000000     0.002385398    -0.391719788     0.000368129
     9.770000000     0.002434739    -0.387112589     0.000365170
     9.780000000     0.002460402    -0.382551980     0.000358942
     9.790000000     0.002461623    -0.378027418     0.000349613
     9.800000000     0.002438364    -0.373527152     0.000337429
     9.810000000     0.002391315    -0.369040373     0.000322705
     9.820000000     0.002321861    -0.364559021     0.000305813
     9.830000000     0.002232012    -0.360078641     0.000287163
     9.840000000     0.002124307    -0.355598212     0.000267189
     9.850000000     0.002001698    -0.351119301     0.000246332
     9.860000000     0.001867411    -0.346645002     0.000225026
     9.870000000     0.001724811    -0.342179017     0.000203679
     9.880000000     0.001577259    -0.337725016     0.000182665
     9.890000000     0.001427986    -0.333286269     0.000162313
     9.900000000     0.001279984    -0.328865502     0.000142900
     9.910000000     0.001135912    -0.324464873     0.000124649
     9.920000000     0.000998031    -0.320086023     0.000107723
     9.930000000     0.000868165    -0.315730157     0.000092234
     9.940000000     0.000747687    -0.311398122     0.000078239
     9.950000000     0.000637524    -0.307090488     0.000065750
     9.960000000     0.000538185    -0.302807611     0.000054740
     9.970000000     0.000449806    -0.298549683     0.000045148
     9.980000000     0.000372202    -0.294316774     0.000036889
     9.990000000     0.000304922    -0.290108865     0.000029858
    10.000000000     0.000247320    -0.285925870     0.000023939
    10.010000000     0.000198603    -0.281767655     0.000019014
    10.020000000     0.000157897    -0.277634053     0.000014959
    10.030000000     0.000124285    -0.273524872     0.000011658
    10.040000000     0.000096855    -0.269439904     0.000008999
    10.050000000     0.000074728    -0.265378929     0.000006881
    10.060000000     0.000057082    -0.261341723     0.000005211
    10.070000000     0.000043169    -0.257328055     0.000003909
    10.080000000     0.000032323    -0.253337696     0.000002904
    10.090000000     0.000023961    -0.249370414     0.000002137
    10.100000000     0.000017585    -0.245425980     0.000001557
    10.110000000     0.000012778    -0.241504168     0.000001124
    10.120000000     0.000009192    -0.237604754     0.000000804
    10.130000000     0.000006547    -0.233727517     0.000000569
    10.140000000     0.000004617    -0.229872238     0.000000399
    10.150000000     0.000003223    -0.226038705     0.000000277
    10.160000000     0.000002228    -0.222226706     0.000000190
    10.170000000     0.000001524    -0.218436035     0.000000130
    10.180000000     0.000001033    -0.214666489     0.000000087
    10.190000000     0.000000693    -0.210917869     0.000000058
    10.200000000     0.000000460    -0.207189978     0.000000039
    10.210000000     0.000000302    -0.203482623     0.000000025
    10.220000000     0.000000197    -0.199795616     0.000000016
    10.230000000     0.000000127    -0.196128769     0.000000011
    10.240000000     0.000000081    -0.192481901     0.000000007
    10.250000000     0.000000051    -0.188854832     0.000000004
    10.260000000     0.000000032    -0.185247383     0.000000003
    10.270000000     0.000000020    -0.181659382     0.000000002
    10.280000000     0.000000012    -0.178090656     0.000000001
    10.290000000     0.000000007    -0.174541038     0.000000001
    10.300000000     0.000000004    -0.171010360     0.000000000
    10.310000000     0.000000003    -0.167498459     0.000000000
    10.320000000     0.000000002    -0.164005175     0.000000000
    10.330000000     0.000000001    -0.160530348     0.000000000
    10.340000000     0.000000001    -0.157073822     0.000000000
    10.350000000     0.000000000    -0.153635442     0.000000000
    10.360000000     0.000000000    -0.150215057     0.000000000
    10.370000000     0.000000000    -0.146812517     0.000000000
    10.380000000     0.000000000    -0.143427673     0.000000000
    10.390000000     0.000000000    -0.140060379     0.000000000
    10.400000000     0.000000000    -0.136710493     0.000000000
    10.410000000     0.000000000    -0.133377871     0.000000000
    10.420000000     0.000000000    -0.130062373     0.000000000
    10.430000000     0.000000000    -0.126763861     0.000000000
    10.440000000     0.000000000    -0.123482198     0.000000000
    10.450000000     0.000000000    -0.120217250     0.000000000
    10.460000000     0.000000000    -0.116968883     0.000000000
    10.470000000     0.000000000    -0.113736966     0.000000000
    10.480000000     0.000000000    -0.110521368     0.000000000
    10.490000000     0.000000000    -0.107321962     0.000000000
    10.500000000     0.000000000    -0.104138620     0.000000000
    10.510000000     0.000000000    -0.100971217     0.000000000
    10.520000000     0.000000000    -0.097819629     0.000000000
    10.530000000     0.000000000    -0.094683734     0.000000000
    10.540000000     0.000000000    -0.091563411     0.000000000
    10.550000000     0.000000000    -0.088458540     0.000000000
    10.560000000     0.000000000    -0.085369004     0.000000000
    10.570000000     0.000000000    -0.082294685     0.000000000
    10.580000000     0.000000000    -0.079235468     0.000000000
    10.590000000     0.000000000    -0.076191239     0.000000000
    10.600000000     0.000000000    -0.073161884     0.000000000
    10.610000000     0.000000000    -0.070147293     0.000000000
    10.620000000     0.000000000    -0.067147354     0.000000000
    10.630000000     0.000000000    -0.064161959     0.000000000
    10.640000000     0.000000000    -0.061190999     0.000000000
    10.650000000     0.000000000    -0.058234368     0.000000000
    10.660000000     0.000000000    -0.055291959     0.000000000
    10.670000000     0.000000000    -0.052363669     0.000000000
    10.680000000     0.000000000    -0.049449394     0.000000000
    10.690000000     0.000000000    -0.046549031     0.000000000
    10.700000000     0.000000000    -0.043662480     0.000000000
    10.710000000     0.000000000    -0.040789640     0.000000000
    10.720000000     0.000000000    -0.037930411     0.000000000
    10.730000000     0.000000000    -0.035084697     0.000000000
    10.740000000     0.000000000    -0.032252399     0.000000000
    10.750000000     0.000000000    -0.029433421     0.000000000
    10.760000000     0.000000000    -0.026627669     0.000000000
    10.770000000     0.000000000    -0.023835049     0.000000000
    10.780000000     0.000000000    -0.021055466     0.000000000
    10.790000000     0.000000000    -0.018288829     0.000000000
    10.800000000     0.000000000    -0.015535047     0.000000000
    10.810000000     0.000000000    -0.012794029     0.000000000
    10.820000000     0.000000000    -0.010065686     0.000000000
    10.830000000     0.000000000    -0.007349928     0.000000000
    10.840000000     0.000000000    -0.004646669     0.000000000
    10.850000000     0.000000000    -0.001955821     0.000000000
    10.860000000     0.000000000     0.000722701     0.000000000
    10.870000000     0.000000000     0.003388983     0.000000000
    10.880000000     0.000000000     0.006043109     0.000000000
    10.890000000     0.000000000     0.008685163     0.000000000
    10.900000000     0.000000000     0.011315227     0.000000000
    10.910000000     0.000000000     0.013933383     0.000000000
    10.920000000     0.000000000     0.016539713     0.000000000
    10.930000000     0.000000000     0.019134296     0.000000000
    10.940000000     0.000000000     0.021717213     0.000000000
    10.950000000     0.000000000     0.024288542     0.000000000
    10.960000000     0.000000000     0.026848360     0.000000000
    10.970000000     0.000000000     0.029396747     0.000000000
    10.980000000     0.000000000     0.031933777     0.000000000
    10.990000000     0.000000000     0.034459527     0.000000000
    11.000000000     0.000000000     0.036974073     0.000000000
